Example_Files/SBE_Processing_Files/Processed_SBE_cast_files/upcasts/uar69-01_018.cnv
* Sea-Bird SBE 9 Data File:
* FileName = D:\data\ar69-01_018.hex
* Software Version Seasave V 7.26.7.107
* Temperature SN = 4491
* Conductivity SN = 3009
* Number of Bytes Per Scan = 44
* Number of Voltage Words = 5
* Number of Scans Averaged by the Deck Unit = 1
* NMEA Latitude = 59 56.25 N
* NMEA Longitude = 041 08.20 W
* NMEA UTC (Time) = Jul 05 2022  14:07:42
** Cruise ID: AR69-01
** Chief Sci:
** Station #: 018
** Site ID: M1 OSNAP microcats + optodes (post cal dip)
# nquan = 14
# nvalues = 1013                        
# units = specified
# name 0 = scan: Scan Count
# name 1 = timeS: Time, Elapsed [seconds]
# name 2 = prDM: Pressure, Digiquartz [db]
# name 3 = depSM: Depth [salt water, m]
# name 4 = t090C: Temperature [ITS-90, deg C]
# name 5 = t190C: Temperature, 2 [ITS-90, deg C]
# name 6 = c0mS/cm: Conductivity [mS/cm]
# name 7 = c1mS/cm: Conductivity, 2 [mS/cm]
# name 8 = sbeox0V: Oxygen raw, SBE 43 [V]
# name 9 = latitude: Latitude [deg]
# name 10 = longitude: Longitude [deg]
# name 11 = v7: Voltage 7
# name 12 = nbin: number of scans per bin
# name 13 = flag: flag
# span 0 =      63310,     208611       
# span 1 =   2637.884,   8692.063       
# span 2 =      4.000,   2028.000       
# span 3 =      3.962,   1999.200       
# span 4 =     2.1946,     7.8777       
# span 5 =     2.1942,     7.8554       
# span 6 =  31.730489,  35.941541       
# span 7 =  31.730991,  35.923597       
# span 8 =     1.9466,     2.8222       
# span 9 =   59.93398,   59.93631       
# span 10 =  -41.18056,  -41.14812      
# span 11 =     4.9560,     4.9568      
# span 12 =         27,        125      
# span 13 = 0.0000e+00, 0.0000e+00      
# interval = decibars: 2                
# start_time = Jul 05 2022 14:07:43 [NMEA time, first data scan]
# bad_flag = -9.990e-29
*END*
[from data line 723]
     173041   7210.011    582.000    575.707     3.8548     3.8544  32.594267  32.595051     2.3238   59.93402  -41.17048     4.9560         34 0.0000e+00
     173093   7212.181    580.000    573.731     3.8562     3.8553  32.594722  32.595314     2.3239   59.93402  -41.17049     4.9560         76 0.0000e+00
     173159   7214.924    578.000    571.755     3.8584     3.8575  32.595585  32.596028     2.3246   59.93402  -41.17050     4.9560         43 0.0000e+00
     173195   7216.435    576.000    569.780     3.8624     3.8621  32.598335  32.599186     2.3256   59.93402  -41.17050     4.9560         36 0.0000e+00
     173236   7218.107    574.000    567.804     3.8648     3.8643  32.599421  32.600522     2.3262   59.93402  -41.17053     4.9560         45 0.0000e+00
     173287   7220.230    572.000    565.828     3.8674     3.8660  32.601035  32.601276     2.3262   59.93402  -41.17054     4.9560         58 0.0000e+00
     173344   7222.636    570.000    563.853     3.8745     3.8734  32.606665  32.606340     2.3272   59.93402  -41.17054     4.9560         53 0.0000e+00
     173392   7224.611    568.000    561.877     3.8792     3.8788  32.609945  32.610559     2.3285   59.93402  -41.17056     4.9560         44 0.0000e+00
     173434   7226.374    566.000    559.901     3.8801     3.8798  32.609776  32.610774     2.3287   59.93402  -41.17056     4.9560         40 0.0000e+00
     173474   7228.047    564.000    557.925     3.8801     3.8798  32.608748  32.609775     2.3291   59.93402  -41.17058     4.9560         43 0.0000e+00
     173525   7230.151    562.000    555.950     3.8807     3.8805  32.608357  32.609591     2.3303   59.93402  -41.17059     4.9560         57 0.0000e+00
     173581   7232.494    560.000    553.974     3.8870     3.8888  32.613047  32.615514     2.3307   59.93402  -41.17060     4.9560         52 0.0000e+00
     173625   7234.339    558.000    551.998     3.8984     3.8976  32.622698  32.622862     2.3311   59.93402  -41.17062     4.9560         39 0.0000e+00
     173665   7236.005    556.000    550.022     3.8998     3.8999  32.623135  32.624458     2.3314   59.93402  -41.17062     4.9560         44 0.0000e+00
     173717   7238.153    554.000    548.046     3.9008     3.9003  32.623356  32.624111     2.3317   59.93402  -41.17064     4.9560         57 0.0000e+00
     173775   7240.581    552.000    546.070     3.9045     3.9036  32.625741  32.625898     2.3319   59.93402  -41.17064     4.9560         55 0.0000e+00
     173821   7242.520    550.000    544.094     3.9064     3.9052  32.626566  32.626718     2.3310   59.93402  -41.17066     4.9560         39 0.0000e+00
     173857   7243.989    548.000    542.118     3.9090     3.9088  32.628169  32.629120     2.3312   59.93402  -41.17067     4.9560         35 0.0000e+00
     173904   7245.949    546.000    540.142     3.9095     3.9090  32.627804  32.628743     2.3315   59.93402  -41.17068     4.9560         67 0.0000e+00
     173972   7248.778    544.000    538.166     3.9113     3.9115  32.628651  32.629993     2.3323   59.93402  -41.17069     4.9560         51 0.0000e+00
     174009   7250.354    542.000    536.190     3.9150     3.9143  32.631425  32.631823     2.3331   59.93402  -41.17070     4.9560         33 0.0000e+00
     174043   7251.738    540.000    534.215     3.9148     3.9142  32.630071  32.630994     2.3337   59.93402  -41.17070     4.9560         36 0.0000e+00
     174089   7253.675    538.000    532.239     3.9147     3.9153  32.629292  32.631104     2.3340   59.93402  -41.17072     4.9560         59 0.0000e+00
     174155   7256.424    536.000    530.262     3.9182     3.9181  32.631316  32.632460     2.3340   59.93402  -41.17072     4.9560         61 0.0000e+00
     174203   7258.396    534.000    528.286     3.9221     3.9220  32.634133  32.634929     2.3334   59.93402  -41.17074     4.9560         39 0.0000e+00
     174240   7259.970    532.000    526.310     3.9258     3.9247  32.636634  32.636621     2.3333   59.93402  -41.17075     4.9560         40 0.0000e+00
     174290   7262.038    530.000    524.334     3.9263     3.9272  32.636491  32.638544     2.3342   59.93402  -41.17076     4.9560         58 0.0000e+00
     174344   7264.274    528.000    522.358     3.9307     3.9297  32.639195  32.639602     2.3359   59.93402  -41.17076     4.9560         47 0.0000e+00
     174390   7266.213    526.000    520.382     3.9333     3.9327  32.640659  32.641293     2.3378   59.93402  -41.17078     4.9560         47 0.0000e+00
     174436   7268.118    524.000    518.406     3.9342     3.9340  32.640423  32.641502     2.3382   59.93402  -41.17079     4.9560         44 0.0000e+00
     174479   7269.913    522.000    516.430     3.9355     3.9356  32.640680  32.641991     2.3374   59.93402  -41.17080     4.9560         42 0.0000e+00
     174521   7271.670    520.000    514.454     3.9452     3.9442  32.649271  32.649103     2.3368   59.93402  -41.17082     4.9560         45 0.0000e+00
     174581   7274.148    518.000    512.477     3.9495     3.9489  32.652450  32.653396     2.3363   59.93402  -41.17082     4.9560         71 0.0000e+00
     174639   7276.585    516.000    510.501     3.9529     3.9515  32.654725  32.654791     2.3362   59.93402  -41.17084     4.9560         42 0.0000e+00
     174675   7278.067    514.000    508.525     3.9536     3.9536  32.654567  32.655613     2.3358   59.93402  -41.17085     4.9560         33 0.0000e+00
     174708   7279.466    512.000    506.548     3.9616     3.9607  32.661181  32.661643     2.3351   59.93402  -41.17086     4.9560         37 0.0000e+00
     174765   7281.816    510.000    504.572     3.9679     3.9668  32.667042  32.667128     2.3341   59.93402  -41.17087     4.9560         81 0.0000e+00
     174837   7284.817    508.000    502.596     3.9716     3.9705  32.669428  32.669783     2.3337   59.93402  -41.17088     4.9560         48 0.0000e+00
     174873   7286.334    506.000    500.620     3.9770     3.9762  32.673575  32.673895     2.3344   59.93402  -41.17090     4.9560         32 0.0000e+00
     174903   7287.595    504.000    498.643     3.9763     3.9762  32.671859  32.673120     2.3350   59.93402  -41.17090     4.9560         30 0.0000e+00
     174949   7289.503    502.000    496.667     3.9760     3.9756  32.670431  32.671558     2.3369   59.93402  -41.17091     4.9560         74 0.0000e+00
     175026   7292.695    500.000    494.691     3.9761     3.9763  32.669314  32.670899     2.3392   59.93402  -41.17092     4.9560         51 0.0000e+00
     175061   7294.167    498.000    492.714     3.9810     3.9801  32.672722  32.673177     2.3395   59.93404  -41.17094     4.9560         33 0.0000e+00
     175096   7295.608    496.000    490.738     3.9813     3.9806  32.671943  32.672783     2.3402   59.93403  -41.17095     4.9560         39 0.0000e+00
     175142   7297.562    494.000    488.761     3.9809     3.9805  32.670724  32.671745     2.3415   59.93402  -41.17096     4.9560         55 0.0000e+00
     175208   7300.283    492.000    486.785     3.9815     3.9812  32.670164  32.671231     2.3420   59.93402  -41.17097     4.9560         68 0.0000e+00
     175260   7302.473    490.000    484.808     3.9830     3.9829  32.670494  32.671503     2.3419   59.93402  -41.17098     4.9560         37 0.0000e+00
     175292   7303.805    488.000    482.832     3.9867     3.9861  32.673041  32.673732     2.3421   59.93404  -41.17100     4.9560         32 0.0000e+00
     175335   7305.582    486.000    480.855     3.9888     3.9885  32.674345  32.675226     2.3432   59.93404  -41.17100     4.9560         61 0.0000e+00
     175403   7308.416    484.000    478.879     3.9905     3.9897  32.674798  32.675376     2.3444   59.93402  -41.17102     4.9560         56 0.0000e+00
     175442   7310.043    482.000    476.902     3.9948     3.9945  32.677605  32.678459     2.3442   59.93403  -41.17102     4.9560         32 0.0000e+00
     175476   7311.442    480.000    474.926     3.9956     3.9956  32.677422  32.678790     2.3442   59.93404  -41.17104     4.9560         38 0.0000e+00
     175531   7313.752    478.000    472.949     3.9986     3.9988  32.679515  32.681109     2.3462   59.93404  -41.17106     4.9560         70 0.0000e+00
     175591   7316.239    476.000    470.973     4.0001     4.0001  32.679828  32.681157     2.3478   59.93404  -41.17106     4.9560         45 0.0000e+00
     175633   7317.983    474.000    468.996     4.0011     4.0005  32.679681  32.680493     2.3481   59.93404  -41.17107     4.9560         43 0.0000e+00
     175677   7319.825    472.000    467.019     4.0024     4.0018  32.679874  32.680564     2.3481   59.93404  -41.17109     4.9560         45 0.0000e+00
     175725   7321.822    470.000    465.043     4.0044     4.0051  32.680636  32.682074     2.3485   59.93404  -41.17110     4.9560         51 0.0000e+00
     175778   7324.044    468.000    463.066     4.0159     4.0189  32.690874  32.694670     2.3501   59.93404  -41.17110     4.9560         55 0.0000e+00
     175828   7326.118    466.000    461.089     4.0266     4.0257  32.699184  32.699602     2.3531   59.93404  -41.17112     4.9560         41 0.0000e+00
     175863   7327.594    464.000    459.113     4.0327     4.0331  32.703463  32.704499     2.3554   59.93404  -41.17114     4.9560         35 0.0000e+00
     175913   7329.672    462.000    457.136     4.0381     4.0389  32.707129  32.709048     2.3575   59.93404  -41.17115     4.9560         67 0.0000e+00
     175973   7332.184    460.000    455.159     4.0406     4.0402  32.708335  32.709212     2.3597   59.93404  -41.17116     4.9560         44 0.0000e+00
     176012   7333.792    458.000    453.182     4.0514     4.0514  32.717328  32.718261     2.3603   59.93404  -41.17116     4.9560         39 0.0000e+00
     176052   7335.471    456.000    451.206     4.0543     4.0531  32.718967  32.719373     2.3612   59.93404  -41.17118     4.9560         43 0.0000e+00
     176107   7337.731    454.000    449.229     4.0536     4.0544  32.717626  32.719595     2.3633   59.93404  -41.17120     4.9560         67 0.0000e+00
     176167   7340.246    452.000    447.252     4.0591     4.0578  32.721192  32.721190     2.3641   59.93404  -41.17120     4.9560         46 0.0000e+00
     176208   7341.951    450.000    445.275     4.0663     4.0660  32.726725  32.727237     2.3636   59.93404  -41.17121     4.9560         40 0.0000e+00
     176248   7343.619    448.000    443.298     4.0697     4.0692  32.729069  32.729497     2.3637   59.93404  -41.17123     4.9560         41 0.0000e+00
     176294   7345.548    446.000    441.321     4.0715     4.0718  32.729588  32.730970     2.3644   59.93404  -41.17125     4.9560         53 0.0000e+00
     176352   7347.971    444.000    439.345     4.0743     4.0765  32.731500  32.734399     2.3645   59.93404  -41.17126     4.9560         61 0.0000e+00
     176405   7350.167    442.000    437.368     4.0796     4.0801  32.735403  32.737068     2.3654   59.93404  -41.17126     4.9560         41 0.0000e+00
     176440   7351.624    440.000    435.391     4.0823     4.0821  32.737178  32.737961     2.3655   59.93404  -41.17128     4.9560         33 0.0000e+00
     176479   7353.233    438.000    433.414     4.0839     4.0836  32.737842  32.738858     2.3652   59.93404  -41.17129     4.9560         51 0.0000e+00
     176544   7355.973    436.000    431.437     4.0852     4.0849  32.738094  32.739052     2.3651   59.93406  -41.17130     4.9560         64 0.0000e+00
     176591   7357.913    434.000    429.460     4.0941     4.0957  32.745944  32.748054     2.3645   59.93406  -41.17130     4.9560         38 0.0000e+00
     176632   7359.634    432.000    427.483     4.0998     4.0998  32.750827  32.751983     2.3648   59.93406  -41.17133     4.9560         48 0.0000e+00
     176685   7361.829    430.000    425.505     4.1003     4.1016  32.750528  32.752884     2.3657   59.93406  -41.17134     4.9560         53 0.0000e+00
     176734   7363.891    428.000    423.528     4.1043     4.1044  32.752971  32.754077     2.3663   59.93406  -41.17134     4.9560         47 0.0000e+00
     176779   7365.765    426.000    421.551     4.1081     4.1082  32.755592  32.756485     2.3670   59.93406  -41.17136     4.9560         43 0.0000e+00
     176821   7367.494    424.000    419.575     4.1148     4.1141  32.760998  32.760911     2.3674   59.93406  -41.17137     4.9560         42 0.0000e+00
     176868   7369.440    422.000    417.597     4.1193     4.1187  32.763954  32.764419     2.3684   59.93406  -41.17138     4.9560         52 0.0000e+00
     176921   7371.667    420.000    415.620     4.1233     4.1253  32.766648  32.769300     2.3700   59.93406  -41.17140     4.9560         53 0.0000e+00
     176973   7373.851    418.000    413.643     4.1267     4.1264  32.768433  32.769414     2.3713   59.93406  -41.17140     4.9560         49 0.0000e+00
     177016   7375.643    416.000    411.666     4.1286     4.1284  32.768989  32.770116     2.3723   59.93406  -41.17142     4.9560         39 0.0000e+00
     177060   7377.451    414.000    409.689     4.1294     4.1292  32.768909  32.769996     2.3742   59.93406  -41.17144     4.9560         51 0.0000e+00
     177113   7379.665    412.000    407.711     4.1307     4.1323  32.768974  32.771311     2.3772   59.93406  -41.17144     4.9560         51 0.0000e+00
     177161   7381.667    410.000    405.734     4.1380     4.1386  32.773686  32.775505     2.3791   59.93406  -41.17145     4.9560         47 0.0000e+00
     177208   7383.642    408.000    403.757     4.1458     4.1467  32.780169  32.782076     2.3804   59.93406  -41.17147     4.9560         48 0.0000e+00
     177258   7385.692    406.000    401.780     4.1506     4.1521  32.783719  32.785715     2.3812   59.93406  -41.17148     4.9560         50 0.0000e+00
     177306   7387.723    404.000    399.802     4.1572     4.1560  32.788733  32.788420     2.3826   59.93406  -41.17149     4.9560         47 0.0000e+00
     177350   7389.541    402.000    397.825     4.1592     4.1587  32.789388  32.790135     2.3846   59.93406  -41.17150     4.9560         40 0.0000e+00
     177390   7391.214    400.000    395.848     4.1610     4.1596  32.789690  32.789894     2.3860   59.93407  -41.17150     4.9560         43 0.0000e+00
     177444   7393.443    398.000    393.870     4.1631     4.1636  32.790809  32.792440     2.3880   59.93408  -41.17152     4.9560         64 0.0000e+00
     177501   7395.819    396.000    391.893     4.1656     4.1669  32.791723  32.794223     2.3899   59.93408  -41.17154     4.9560         45 0.0000e+00
     177542   7397.540    394.000    389.916     4.1719     4.1714  32.796519  32.797218     2.3904   59.93408  -41.17154     4.9560         43 0.0000e+00
     177589   7399.508    392.000    387.938     4.1724     4.1746  32.796255  32.798968     2.3909   59.93408  -41.17156     4.9560         49 0.0000e+00
     177636   7401.476    390.000    385.961     4.1810     4.1806  32.802783  32.803033     2.3929   59.93408  -41.17158     4.9560         46 0.0000e+00
     177685   7403.488    388.000    383.983     4.1828     4.1837  32.803852  32.805256     2.3950   59.93408  -41.17158     4.9560         50 0.0000e+00
     177733   7405.486    386.000    382.006     4.1887     4.1884  32.807710  32.808581     2.3968   59.93408  -41.17159     4.9560         46 0.0000e+00
     177780   7407.445    384.000    380.028     4.1903     4.1916  32.808190  32.810814     2.3985   59.93408  -41.17160     4.9560         49 0.0000e+00
     177829   7409.503    382.000    378.051     4.1945     4.1934  32.811047  32.810896     2.3991   59.93408  -41.17162     4.9560         46 0.0000e+00
     177872   7411.310    380.000    376.074     4.1992     4.1980  32.814518  32.814553     2.4000   59.93408  -41.17162     4.9560         43 0.0000e+00
