Example_Files/SBE_Processing_Files/Processed_SBE_cast_files/upcasts/uar69-01_012.cnv
* Sea-Bird SBE 9 Data File:
* FileName = D:\data\ar69-01_012.hex
* Software Version Seasave V 7.26.7.107
* Temperature SN = 4491
* Conductivity SN = 3009
* Number of Bytes Per Scan = 44
* Number of Voltage Words = 5
* Number of Scans Averaged by the Deck Unit = 1
* NMEA Latitude = 59 56.36 N
* NMEA Longitude = 039 31.27 W
* NMEA UTC (Time) = Jun 30 2022  16:33:36
** Cruise ID: AR69-01
** Chief Sci:
** Station #: 012
** Site ID: Irminger SUMO
# nquan = 14
# nvalues = 759                         
# units = specified
# name 0 = scan: Scan Count
# name 1 = timeS: Time, Elapsed [seconds]
# name 2 = prDM: Pressure, Digiquartz [db]
# name 3 = depSM: Depth [salt water, m]
# name 4 = t090C: Temperature [ITS-90, deg C]
# name 5 = t190C: Temperature, 2 [ITS-90, deg C]
# name 6 = c0mS/cm: Conductivity [mS/cm]
# name 7 = c1mS/cm: Conductivity, 2 [mS/cm]
# name 8 = sbeox0V: Oxygen raw, SBE 43 [V]
# name 9 = latitude: Latitude [deg]
# name 10 = longitude: Longitude [deg]
# name 11 = v7: Voltage 7
# name 12 = nbin: number of scans per bin
# name 13 = flag: flag
# span 0 =      44576,     102848       
# span 1 =   1857.297,   4285.274       
# span 2 =      4.000,   1520.000       
# span 3 =      3.962,   1500.206       
# span 4 =     3.3634,     6.8921       
# span 5 =     3.3629,     6.8914       
# span 6 =  32.178524,  34.981647       
# span 7 =  32.179912,  34.982815       
# span 8 =     2.0427,     2.8392       
# span 9 =   59.93930,   59.93936       
# span 10 =  -39.52123,  -39.52108      
# span 11 =     4.9560,     4.9568      
# span 12 =         22,        133      
# span 13 = 0.0000e+00, 0.0000e+00      
# interval = decibars: 2                
# start_time = Jun 30 2022 16:33:36 [NMEA time, first data scan]
# bad_flag = -9.990e-29
*END*
[from data line 413]
      68788   2866.137    694.000    686.311     3.5340     3.5336  32.343306  32.344520     2.3259   59.93934  -39.52114     4.9561         37 0.0000e+00
      68827   2867.755    692.000    684.336     3.5334     3.5323  32.341834  32.342300     2.3279   59.93934  -39.52113     4.9563         45 0.0000e+00
      68879   2869.932    690.000    682.361     3.5324     3.5316  32.339914  32.340713     2.3301   59.93934  -39.52112     4.9564         54 0.0000e+00
      68927   2871.932    688.000    680.387     3.5323     3.5318  32.338658  32.339607     2.3313   59.93934  -39.52113     4.9562         44 0.0000e+00
      68981   2874.147    686.000    678.412     3.5330     3.5331  32.338599  32.340187     2.3330   59.93934  -39.52112     4.9563         61 0.0000e+00
      69032   2876.296    684.000    676.437     3.5352     3.5348  32.339629  32.340606     2.3346   59.93934  -39.52112     4.9563         38 0.0000e+00
      69068   2877.786    682.000    674.463     3.5350     3.5344  32.338432  32.339497     2.3360   59.93934  -39.52111     4.9563         37 0.0000e+00
      69110   2879.560    680.000    672.488     3.5349     3.5343  32.337377  32.338484     2.3379   59.93934  -39.52112     4.9563         50 0.0000e+00
      69169   2882.018    678.000    670.513     3.5351     3.5352  32.336789  32.338320     2.3413   59.93935  -39.52111     4.9565         65 0.0000e+00
      69223   2884.260    676.000    668.539     3.5365     3.5360  32.336973  32.338082     2.3436   59.93936  -39.52110     4.9566         40 0.0000e+00
      69258   2885.727    674.000    666.564     3.5363     3.5358  32.335869  32.336938     2.3447   59.93934  -39.52110     4.9565         35 0.0000e+00
      69303   2887.571    672.000    664.589     3.5358     3.5349  32.334658  32.335193     2.3458   59.93934  -39.52110     4.9564         55 0.0000e+00
      69360   2889.946    670.000    662.615     3.5351     3.5347  32.332898  32.334121     2.3470   59.93934  -39.52110     4.9564         56 0.0000e+00
      69413   2892.159    668.000    660.640     3.5349     3.5346  32.331823  32.332996     2.3484   59.93934  -39.52110     4.9564         49 0.0000e+00
      69460   2894.136    666.000    658.665     3.5350     3.5346  32.330931  32.332166     2.3501   59.93935  -39.52110     4.9563         46 0.0000e+00
      69500   2895.799    664.000    656.690     3.5343     3.5338  32.329289  32.330222     2.3520   59.93936  -39.52110     4.9563         35 0.0000e+00
      69538   2897.396    662.000    654.715     3.5334     3.5330  32.327437  32.328632     2.3535   59.93934  -39.52110     4.9563         46 0.0000e+00
      69602   2900.039    660.000    652.740     3.5325     3.5321  32.325548  32.326902     2.3563   59.93934  -39.52109     4.9562         68 0.0000e+00
      69650   2902.060    658.000    650.766     3.5318     3.5315  32.323851  32.325031     2.3577   59.93936  -39.52109     4.9564         35 0.0000e+00
      69683   2903.409    656.000    648.791     3.5312     3.5309  32.322296  32.323578     2.3587   59.93935  -39.52110     4.9563         35 0.0000e+00
      69738   2905.703    654.000    646.816     3.5312     3.5307  32.321525  32.322560     2.3601   59.93934  -39.52110     4.9563         71 0.0000e+00
      69794   2908.057    652.000    644.841     3.5326     3.5324  32.321979  32.322983     2.3607   59.93934  -39.52110     4.9562         41 0.0000e+00
      69834   2909.700    650.000    642.866     3.5367     3.5375  32.325081  32.327305     2.3611   59.93934  -39.52110     4.9560         42 0.0000e+00
      69878   2911.534    648.000    640.891     3.5396     3.5398  32.327069  32.328535     2.3617   59.93934  -39.52110     4.9560         45 0.0000e+00
      69933   2913.822    646.000    638.916     3.5415     3.5408  32.328177  32.328813     2.3627   59.93934  -39.52110     4.9563         66 0.0000e+00
      69988   2916.124    644.000    636.941     3.5429     3.5427  32.328464  32.329739     2.3645   59.93934  -39.52111     4.9565         40 0.0000e+00
      70026   2917.689    642.000    634.966     3.5444     3.5435  32.328886  32.329721     2.3657   59.93934  -39.52112     4.9564         41 0.0000e+00
      70072   2919.610    640.000    632.991     3.5449     3.5444  32.328483  32.329492     2.3675   59.93934  -39.52112     4.9565         46 0.0000e+00
      70113   2921.347    638.000    631.016     3.5447     3.5443  32.327261  32.328394     2.3690   59.93934  -39.52112     4.9563         41 0.0000e+00
      70175   2923.899    636.000    629.041     3.5439     3.5435  32.325512  32.326722     2.3722   59.93934  -39.52112     4.9563         75 0.0000e+00
      70228   2926.134    634.000    627.066     3.5449     3.5446  32.325324  32.326434     2.3741   59.93934  -39.52112     4.9565         35 0.0000e+00
      70260   2927.446    632.000    625.091     3.5460     3.5458  32.325535  32.326750     2.3744   59.93934  -39.52112     4.9563         32 0.0000e+00
      70304   2929.295    630.000    623.115     3.5468     3.5462  32.325546  32.326518     2.3757   59.93934  -39.52112     4.9563         65 0.0000e+00
      70374   2932.223    628.000    621.140     3.5480     3.5474  32.325677  32.326590     2.3782   59.93934  -39.52114     4.9563         54 0.0000e+00
      70412   2933.802    626.000    619.165     3.5475     3.5470  32.324177  32.325236     2.3793   59.93934  -39.52114     4.9564         34 0.0000e+00
      70453   2935.496    624.000    617.190     3.5472     3.5468  32.322983  32.324237     2.3808   59.93934  -39.52112     4.9564         50 0.0000e+00
      70506   2937.695    622.000    615.215     3.5472     3.5470  32.322187  32.323371     2.3829   59.93934  -39.52114     4.9563         49 0.0000e+00
      70550   2939.553    620.000    613.239     3.5473     3.5470  32.321208  32.322421     2.3834   59.93934  -39.52114     4.9563         46 0.0000e+00
      70602   2941.713    618.000    611.264     3.5472     3.5468  32.320158  32.321290     2.3846   59.93934  -39.52114     4.9564         53 0.0000e+00
      70649   2943.654    616.000    609.289     3.5480     3.5477  32.319887  32.321115     2.3853   59.93934  -39.52114     4.9564         42 0.0000e+00
      70692   2945.445    614.000    607.314     3.5493     3.5486  32.320374  32.321236     2.3860   59.93934  -39.52114     4.9565         48 0.0000e+00
      70746   2947.707    612.000    605.338     3.5486     3.5483  32.318829  32.320087     2.3873   59.93934  -39.52114     4.9564         54 0.0000e+00
      70793   2949.665    610.000    603.363     3.5467     3.5461  32.315869  32.317019     2.3890   59.93934  -39.52114     4.9563         41 0.0000e+00
      70835   2951.402    608.000    601.388     3.5436     3.5429  32.311851  32.313032     2.3891   59.93934  -39.52114     4.9560         46 0.0000e+00
      70892   2953.775    606.000    599.412     3.5429     3.5423  32.310371  32.311229     2.3903   59.93933  -39.52114     4.9562         63 0.0000e+00
      70943   2955.908    604.000    597.437     3.5415     3.5410  32.307721  32.308809     2.3918   59.93934  -39.52114     4.9564         37 0.0000e+00
      70977   2957.316    602.000    595.461     3.5408     3.5405  32.306133  32.307304     2.3929   59.93934  -39.52115     4.9562         36 0.0000e+00
      71028   2959.450    600.000    593.486     3.5405     3.5401  32.305005  32.306175     2.3943   59.93934  -39.52115     4.9563         66 0.0000e+00
      71083   2961.734    598.000    591.510     3.5403     3.5400  32.303732  32.304864     2.3950   59.93934  -39.52114     4.9563         39 0.0000e+00
      71119   2963.265    596.000    589.535     3.5399     3.5397  32.302513  32.303828     2.3957   59.93934  -39.52114     4.9565         40 0.0000e+00
      71170   2965.367    594.000    587.560     3.5400     3.5399  32.301705  32.303147     2.3962   59.93933  -39.52116     4.9563         58 0.0000e+00
      71222   2967.562    592.000    585.584     3.5406     3.5405  32.301339  32.302747     2.3961   59.93933  -39.52115     4.9563         47 0.0000e+00
      71271   2969.598    590.000    583.609     3.5422     3.5431  32.302118  32.304296     2.3964   59.93934  -39.52116     4.9564         54 0.0000e+00
      71324   2971.778    588.000    581.633     3.5451     3.5454  32.304106  32.305684     2.3957   59.93934  -39.52116     4.9563         43 0.0000e+00
      71359   2973.236    586.000    579.657     3.5489     3.5488  32.306915  32.308156     2.3956   59.93932  -39.52116     4.9564         33 0.0000e+00
      71411   2975.428    584.000    577.682     3.5522     3.5516  32.309572  32.310409     2.3954   59.93933  -39.52116     4.9564         79 0.0000e+00
      71478   2978.189    582.000    575.706     3.5539     3.5533  32.310212  32.311103     2.3955   59.93934  -39.52116     4.9563         38 0.0000e+00
      71506   2979.357    580.000    573.731     3.5518     3.5517  32.307174  32.308581     2.3949   59.93934  -39.52116     4.9563         27 0.0000e+00
      71538   2980.703    578.000    571.755     3.5542     3.5538  32.308685  32.309771     2.3947   59.93933  -39.52116     4.9564         44 0.0000e+00
      71609   2983.658    576.000    569.779     3.5570     3.5566  32.310432  32.311518     2.3961   59.93934  -39.52116     4.9565         72 0.0000e+00
      71656   2985.618    574.000    567.803     3.5575     3.5570  32.309908  32.310844     2.3973   59.93933  -39.52118     4.9562         41 0.0000e+00
      71698   2987.391    572.000    565.828     3.5582     3.5578  32.309641  32.310795     2.3981   59.93932  -39.52116     4.9562         44 0.0000e+00
      71741   2989.152    570.000    563.852     3.5579     3.5572  32.308365  32.309372     2.3990   59.93934  -39.52117     4.9563         41 0.0000e+00
      71791   2991.238    568.000    561.876     3.5535     3.5538  32.303078  32.305197     2.4009   59.93934  -39.52118     4.9564         67 0.0000e+00
      71859   2994.096    566.000    559.901     3.5490     3.5484  32.297521  32.298591     2.4034   59.93933  -39.52117     4.9564         52 0.0000e+00
      71896   2995.627    564.000    557.925     3.5443     3.5437  32.291454  32.292744     2.4044   59.93932  -39.52116     4.9564         30 0.0000e+00
      71925   2996.831    562.000    555.949     3.5439     3.5436  32.290219  32.291507     2.4047   59.93934  -39.52118     4.9563         32 0.0000e+00
      71991   2999.596    560.000    553.973     3.5435     3.5431  32.289089  32.290290     2.4057   59.93934  -39.52118     4.9565         60 0.0000e+00
      72041   3001.659    558.000    551.998     3.5443     3.5440  32.288711  32.289959     2.4069   59.93934  -39.52118     4.9563         32 0.0000e+00
      72076   3003.109    556.000    550.022     3.5446     3.5442  32.288167  32.289439     2.4072   59.93932  -39.52117     4.9565         42 0.0000e+00
      72126   3005.204    554.000    548.046     3.5446     3.5442  32.287260  32.288490     2.4078   59.93934  -39.52117     4.9563         52 0.0000e+00
      72175   3007.239    552.000    546.070     3.5439     3.5428  32.285661  32.286180     2.4084   59.93934  -39.52118     4.9565         49 0.0000e+00
      72230   3009.556    550.000    544.094     3.5426     3.5419  32.283517  32.284512     2.4091   59.93934  -39.52118     4.9564         63 0.0000e+00
      72286   3011.863    548.000    542.118     3.5424     3.5421  32.282135  32.283240     2.4092   59.93934  -39.52116     4.9563         42 0.0000e+00
      72321   3013.340    546.000    540.142     3.5447     3.5443  32.283404  32.284488     2.4093   59.93934  -39.52118     4.9564         33 0.0000e+00
      72361   3014.998    544.000    538.166     3.5443     3.5439  32.282260  32.283386     2.4100   59.93934  -39.52118     4.9564         51 0.0000e+00
      72424   3017.632    542.000    536.190     3.5450     3.5456  32.282024  32.284197     2.4098   59.93934  -39.52116     4.9563         62 0.0000e+00
      72472   3019.628    540.000    534.214     3.5515     3.5521  32.287396  32.289096     2.4097   59.93934  -39.52116     4.9564         40 0.0000e+00
      72513   3021.326    538.000    532.238     3.5523     3.5522  32.287420  32.288741     2.4100   59.93934  -39.52116     4.9561         44 0.0000e+00
      72557   3023.169    536.000    530.262     3.5536     3.5544  32.287726  32.289856     2.4097   59.93934  -39.52116     4.9560         41 0.0000e+00
      72596   3024.789    534.000    528.286     3.5567     3.5566  32.289947  32.291108     2.4098   59.93934  -39.52116     4.9561         43 0.0000e+00
      72669   3027.817    532.000    526.310     3.5584     3.5575  32.290821  32.291528     2.4106   59.93934  -39.52116     4.9563         77 0.0000e+00
      72715   3029.749    530.000    524.334     3.5605     3.5596  32.291737  32.292336     2.4105   59.93934  -39.52114     4.9565         32 0.0000e+00
      72748   3031.118    528.000    522.358     3.5613     3.5608  32.291719  32.292857     2.4106   59.93934  -39.52114     4.9564         37 0.0000e+00
      72798   3033.195    526.000    520.382     3.5612     3.5610  32.290878  32.292184     2.4114   59.93934  -39.52114     4.9563         62 0.0000e+00
      72856   3035.628    524.000    518.406     3.5616     3.5614  32.290170  32.291461     2.4119   59.93934  -39.52114     4.9563         49 0.0000e+00
      72899   3037.398    522.000    516.429     3.5602     3.5596  32.287705  32.288839     2.4118   59.93934  -39.52114     4.9564         39 0.0000e+00
      72939   3039.090    520.000    514.453     3.5563     3.5539  32.282966  32.282400     2.4123   59.93934  -39.52114     4.9563         44 0.0000e+00
      72989   3041.167    518.000    512.477     3.5536     3.5525  32.279614  32.280127     2.4128   59.93934  -39.52114     4.9564         56 0.0000e+00
      73046   3043.536    516.000    510.501     3.5459     3.5393  32.270506  32.266291     2.4135   59.93934  -39.52114     4.9564         56 0.0000e+00
      73098   3045.688    514.000    508.525     3.5341     3.5328  32.257172  32.258246     2.4147   59.93934  -39.52112     4.9565         47 0.0000e+00
      73146   3047.699    512.000    506.548     3.5280     3.5284  32.250181  32.252627     2.4159   59.93934  -39.52114     4.9564         51 0.0000e+00
      73246   3051.859    510.000    504.572     3.5215     3.5231  32.242232  32.246264     2.4169   59.93934  -39.52113     4.9565         66 0.0000e+00
      74201   3091.666    508.000    502.596     3.5182     3.5170  32.238140  32.238739     2.4189   59.93935  -39.52111     4.9564         75 0.0000e+00
      75044   3126.795    506.000    500.620     3.5192     3.5190  32.238097  32.239194     2.4199   59.93936  -39.52108     4.9562         41 0.0000e+00
      75058   3127.360    504.000    498.643     3.5332     3.5351  32.251192  32.252852     2.4190   59.93936  -39.52109     4.9564         35 0.0000e+00
      75099   3129.099    502.000    496.667     3.5439     3.5431  32.261179  32.261487     2.4190   59.93934  -39.52110     4.9565         56 0.0000e+00
      75199   3133.238    500.000    494.690     3.5498     3.5492  32.265881  32.267232     2.4205   59.93936  -39.52110     4.9563         54 0.0000e+00
      75233   3134.660    498.000    492.714     3.5513     3.5512  32.266477  32.267535     2.4200   59.93936  -39.52110     4.9564         29 0.0000e+00
      75259   3135.757    496.000    490.738     3.5525     3.5520  32.266754  32.267751     2.4206   59.93936  -39.52110     4.9563         26 0.0000e+00
      75289   3136.997    494.000    488.761     3.5528     3.5527  32.266214  32.267711     2.4213   59.93935  -39.52110     4.9564         36 0.0000e+00
      75362   3140.049    492.000    486.785     3.5549     3.5547  32.267454  32.268852     2.4222   59.93935  -39.52110     4.9563         84 0.0000e+00
      75425   3142.662    490.000    484.808     3.5466     3.5463  32.257766  32.260145     2.4241   59.93936  -39.52111     4.9564         36 0.0000e+00
