Example_Files/SBE_Processing_Files/Processed_SBE_cast_files/upcasts/uar69-01_018.cnv
* Sea-Bird SBE 9 Data File:
* FileName = D:\data\ar69-01_018.hex
* Software Version Seasave V 7.26.7.107
* Temperature SN = 4491
* Conductivity SN = 3009
* Number of Bytes Per Scan = 44
* Number of Voltage Words = 5
* Number of Scans Averaged by the Deck Unit = 1
* NMEA Latitude = 59 56.25 N
* NMEA Longitude = 041 08.20 W
* NMEA UTC (Time) = Jul 05 2022  14:07:42
** Cruise ID: AR69-01
** Chief Sci:
** Station #: 018
** Site ID: M1 OSNAP microcats + optodes (post cal dip)
# nquan = 14
# nvalues = 1013                        
# units = specified
# name 0 = scan: Scan Count
# name 1 = timeS: Time, Elapsed [seconds]
# name 2 = prDM: Pressure, Digiquartz [db]
# name 3 = depSM: Depth [salt water, m]
# name 4 = t090C: Temperature [ITS-90, deg C]
# name 5 = t190C: Temperature, 2 [ITS-90, deg C]
# name 6 = c0mS/cm: Conductivity [mS/cm]
# name 7 = c1mS/cm: Conductivity, 2 [mS/cm]
# name 8 = sbeox0V: Oxygen raw, SBE 43 [V]
# name 9 = latitude: Latitude [deg]
# name 10 = longitude: Longitude [deg]
# name 11 = v7: Voltage 7
# name 12 = nbin: number of scans per bin
# name 13 = flag: flag
# span 0 =      63310,     208611       
# span 1 =   2637.884,   8692.063       
# span 2 =      4.000,   2028.000       
# span 3 =      3.962,   1999.200       
# span 4 =     2.1946,     7.8777       
# span 5 =     2.1942,     7.8554       
# span 6 =  31.730489,  35.941541       
# span 7 =  31.730991,  35.923597       
# span 8 =     1.9466,     2.8222       
# span 9 =   59.93398,   59.93631       
# span 10 =  -41.18056,  -41.14812      
# span 11 =     4.9560,     4.9568      
# span 12 =         27,        125      
# span 13 = 0.0000e+00, 0.0000e+00      
# interval = decibars: 2                
# start_time = Jul 05 2022 14:07:43 [NMEA time, first data scan]
# bad_flag = -9.990e-29
*END*
[from data line 104]
     111206   4633.521   1820.000   1795.030     2.8827     2.8836  32.273179  32.274484     1.9852   59.93478  -41.15752     4.9560         34 0.0000e+00
     111241   4635.002   1818.000   1793.066     2.8941     2.8904  32.283324  32.280611     1.9853   59.93478  -41.15753     4.9560         39 0.0000e+00
     111288   4636.978   1816.000   1791.102     2.8956     2.8980  32.284113  32.286636     1.9851   59.93478  -41.15755     4.9560         56 0.0000e+00
     111349   4639.494   1814.000   1789.138     2.9047     2.9025  32.292275  32.290925     1.9848   59.93478  -41.15756     4.9560         59 0.0000e+00
     111399   4641.580   1812.000   1787.173     2.9151     2.9137  32.301387  32.300318     1.9841   59.93478  -41.15756     4.9560         42 0.0000e+00
     111437   4643.173   1810.000   1785.209     2.9183     2.9181  32.303653  32.304069     1.9834   59.93478  -41.15757     4.9560         38 0.0000e+00
     111481   4645.010   1808.000   1783.245     2.9212     2.9202  32.305938  32.305672     1.9835   59.93478  -41.15759     4.9560         54 0.0000e+00
     111544   4647.619   1806.000   1781.281     2.9230     2.9218  32.306603  32.306565     1.9839   59.93478  -41.15760     4.9560         59 0.0000e+00
     111590   4649.527   1804.000   1779.316     2.9252     2.9247  32.308097  32.308348     1.9842   59.93476  -41.15760     4.9560         39 0.0000e+00
     111627   4651.092   1802.000   1777.352     2.9283     2.9300  32.310419  32.312105     1.9843   59.93476  -41.15761     4.9560         38 0.0000e+00
     111669   4652.825   1800.000   1775.388     2.9358     2.9351  32.316200  32.316136     1.9839   59.93476  -41.15762     4.9560         45 0.0000e+00
     111716   4654.793   1798.000   1773.424     2.9402     2.9405  32.319779  32.320882     1.9836   59.93476  -41.15764     4.9560         52 0.0000e+00
     111779   4657.411   1796.000   1771.459     2.9416     2.9400  32.320577  32.319625     1.9834   59.93476  -41.15764     4.9560         65 0.0000e+00
     111828   4659.468   1794.000   1769.495     2.9480     2.9478  32.326098  32.326415     1.9829   59.93476  -41.15764     4.9560         37 0.0000e+00
     111861   4660.835   1792.000   1767.531     2.9506     2.9506  32.327669  32.328363     1.9827   59.93476  -41.15766     4.9560         32 0.0000e+00
     111898   4662.385   1790.000   1765.566     2.9514     2.9507  32.327488  32.327797     1.9831   59.93476  -41.15767     4.9560         48 0.0000e+00
     111980   4665.777   1788.000   1763.602     2.9521     2.9522  32.327245  32.328227     1.9844   59.93476  -41.15768     4.9560         59 0.0000e+00
     112021   4667.482   1786.000   1761.638     2.9529     2.9527  32.326968  32.327582     1.9844   59.93476  -41.15768     4.9560         30 0.0000e+00
     112050   4668.689   1784.000   1759.673     2.9544     2.9546  32.327529  32.328532     1.9846   59.93476  -41.15769     4.9560         29 0.0000e+00
     112086   4670.204   1782.000   1757.708     2.9563     2.9552  32.328480  32.328513     1.9851   59.93476  -41.15770     4.9560         50 0.0000e+00
     112159   4673.234   1780.000   1755.744     2.9577     2.9573  32.329009  32.329677     1.9854   59.93474  -41.15772     4.9560         72 0.0000e+00
     112207   4675.248   1778.000   1753.779     2.9655     2.9644  32.335379  32.334822     1.9861   59.93476  -41.15772     4.9560         39 0.0000e+00
     112244   4676.772   1776.000   1751.815     2.9692     2.9691  32.337694  32.338177     1.9866   59.93474  -41.15773     4.9560         35 0.0000e+00
     112280   4678.274   1774.000   1749.850     2.9683     2.9680  32.335055  32.336050     1.9873   59.93474  -41.15774     4.9560         40 0.0000e+00
     112337   4680.686   1772.000   1747.886     2.9674     2.9671  32.333190  32.333986     1.9882   59.93474  -41.15776     4.9560         73 0.0000e+00
     112395   4683.101   1770.000   1745.921     2.9674     2.9672  32.331745  32.332485     1.9893   59.93474  -41.15776     4.9560         42 0.0000e+00
     112436   4684.793   1768.000   1743.957     2.9679     2.9674  32.331072  32.331457     1.9905   59.93474  -41.15777     4.9560         40 0.0000e+00
     112475   4686.430   1766.000   1741.992     2.9643     2.9633  32.326108  32.326071     1.9920   59.93474  -41.15778     4.9560         40 0.0000e+00
     112527   4688.604   1764.000   1740.028     2.9622     2.9599  32.322559  32.320989     1.9947   59.93474  -41.15779     4.9560         73 0.0000e+00
     112597   4691.502   1762.000   1738.063     2.9575     2.9565  32.315760  32.315483     1.9983   59.93474  -41.15780     4.9560         46 0.0000e+00
     112630   4692.860   1760.000   1736.099     2.9544     2.9547  32.310451  32.312035     1.9993   59.93474  -41.15781     4.9560         30 0.0000e+00
     112659   4694.086   1758.000   1734.134     2.9547     2.9550  32.309752  32.310995     2.0002   59.93474  -41.15782     4.9560         31 0.0000e+00
     112708   4696.124   1756.000   1732.169     2.9559     2.9556  32.309963  32.310654     2.0012   59.93474  -41.15783     4.9560         77 0.0000e+00
     112782   4699.198   1754.000   1730.204     2.9564     2.9565  32.309458  32.310423     2.0026   59.93474  -41.15784     4.9560         50 0.0000e+00
     112823   4700.933   1752.000   1728.239     2.9565     2.9565  32.307997  32.308963     2.0037   59.93474  -41.15784     4.9560         40 0.0000e+00
     112860   4702.463   1750.000   1726.275     2.9573     2.9575  32.307809  32.308881     2.0042   59.93474  -41.15786     4.9560         34 0.0000e+00
     112895   4703.906   1748.000   1724.310     2.9594     2.9586  32.308673  32.309020     2.0048   59.93474  -41.15787     4.9560         38 0.0000e+00
     112960   4706.618   1746.000   1722.345     2.9620     2.9625  32.310293  32.311589     2.0063   59.93473  -41.15788     4.9560         75 0.0000e+00
     113026   4709.363   1744.000   1720.380     2.9667     2.9680  32.313595  32.315119     2.0070   59.93472  -41.15788     4.9560         33 0.0000e+00
     113054   4710.531   1742.000   1718.415     2.9799     2.9806  32.325311  32.326118     2.0063   59.93472  -41.15790     4.9560         28 0.0000e+00
     113082   4711.702   1740.000   1716.451     2.9869     2.9901  32.331896  32.335012     2.0057   59.93474  -41.15791     4.9560         30 0.0000e+00
     113148   4714.445   1738.000   1714.486     2.9943     2.9947  32.338104  32.339096     2.0057   59.93472  -41.15792     4.9560         58 0.0000e+00
     113212   4717.126   1736.000   1712.521     3.0007     3.0002  32.343467  32.343241     2.0052   59.93472  -41.15792     4.9560         29 0.0000e+00
     113239   4718.246   1734.000   1710.556     3.0077     3.0069  32.349471  32.348915     2.0046   59.93472  -41.15794     4.9560         27 0.0000e+00
     113268   4719.472   1732.000   1708.591     3.0088     3.0124  32.349581  32.353746     2.0044   59.93472  -41.15794     4.9560         34 0.0000e+00
     113339   4722.417   1730.000   1706.626     3.0150     3.0148  32.355090  32.355665     2.0044   59.93472  -41.15796     4.9560         62 0.0000e+00
     113402   4725.023   1728.000   1704.661     3.0223     3.0229  32.361019  32.361787     2.0041   59.93472  -41.15796     4.9560         33 0.0000e+00
     113431   4726.270   1726.000   1702.696     3.0354     3.0354  32.373095  32.373690     2.0035   59.93472  -41.15798     4.9560         30 0.0000e+00
     113464   4727.629   1724.000   1700.732     3.0394     3.0414  32.376365  32.378934     2.0032   59.93472  -41.15799     4.9560         38 0.0000e+00
     113532   4730.449   1722.000   1698.766     3.0459     3.0496  32.382428  32.386633     2.0022   59.93472  -41.15800     4.9560         69 0.0000e+00
     113582   4732.562   1720.000   1696.801     3.0610     3.0607  32.396593  32.396385     2.0003   59.93472  -41.15800     4.9560         34 0.0000e+00
     113618   4734.050   1718.000   1694.836     3.0781     3.0836  32.412583  32.417702     1.9989   59.93472  -41.15801     4.9560         39 0.0000e+00
     113661   4735.816   1716.000   1692.871     3.0857     3.0931  32.419508  32.426308     1.9975   59.93472  -41.15802     4.9560         45 0.0000e+00
     113711   4737.933   1714.000   1690.906     3.0977     3.1005  32.431156  32.433307     1.9968   59.93472  -41.15804     4.9560         60 0.0000e+00
     113772   4740.472   1712.000   1688.941     3.1081     3.1136  32.440637  32.446581     1.9951   59.93472  -41.15804     4.9560         51 0.0000e+00
     113813   4742.176   1710.000   1686.976     3.1210     3.1214  32.452543  32.453109     1.9942   59.93472  -41.15805     4.9560         38 0.0000e+00
     113854   4743.869   1708.000   1685.011     3.1230     3.1238  32.453575  32.455011     1.9935   59.93472  -41.15806     4.9560         46 0.0000e+00
     113908   4746.105   1706.000   1683.046     3.1246     3.1251  32.454329  32.455622     1.9929   59.93472  -41.15807     4.9560         57 0.0000e+00
     113959   4748.263   1704.000   1681.081     3.1267     3.1266  32.455344  32.455900     1.9928   59.93472  -41.15808     4.9560         46 0.0000e+00
     114002   4750.041   1702.000   1679.115     3.1241     3.1230  32.451432  32.451825     1.9942   59.93472  -41.15809     4.9560         41 0.0000e+00
     114046   4751.891   1700.000   1677.150     3.1085     3.1110  32.434375  32.439566     1.9966   59.93472  -41.15810     4.9560         49 0.0000e+00
     114097   4754.004   1698.000   1675.185     3.0972     3.0933  32.420563  32.418488     2.0003   59.93472  -41.15810     4.9560         48 0.0000e+00
     114143   4755.935   1696.000   1673.220     3.0839     3.0819  32.405261  32.404141     2.0037   59.93472  -41.15812     4.9560         47 0.0000e+00
     114191   4757.901   1694.000   1671.254     3.0760     3.0757  32.395534  32.396667     2.0067   59.93472  -41.15813     4.9560         46 0.0000e+00
     114236   4759.799   1692.000   1669.289     3.0753     3.0763  32.393461  32.395670     2.0082   59.93472  -41.15814     4.9560         45 0.0000e+00
     114282   4761.728   1690.000   1667.324     3.0757     3.0756  32.392874  32.393851     2.0095   59.93472  -41.15814     4.9560         50 0.0000e+00
     114340   4764.133   1688.000   1665.358     3.0770     3.0782  32.393372  32.395342     2.0108   59.93470  -41.15816     4.9560         60 0.0000e+00
     114388   4766.141   1686.000   1663.393     3.0851     3.0861  32.400268  32.401714     2.0109   59.93471  -41.15816     4.9560         37 0.0000e+00
     114424   4767.643   1684.000   1661.428     3.0955     3.0962  32.409216  32.410385     2.0107   59.93472  -41.15817     4.9560         39 0.0000e+00
     114473   4769.666   1682.000   1659.462     3.1001     3.0993  32.413326  32.413364     2.0107   59.93470  -41.15818     4.9560         58 0.0000e+00
     114526   4771.888   1680.000   1657.497     3.1040     3.1058  32.416330  32.418592     2.0106   59.93470  -41.15820     4.9560         45 0.0000e+00
     114569   4773.676   1678.000   1655.532     3.1096     3.1097  32.420669  32.421126     2.0109   59.93470  -41.15820     4.9560         43 0.0000e+00
     114616   4775.620   1676.000   1653.566     3.1111     3.1113  32.421049  32.421987     2.0117   59.93470  -41.15822     4.9560         49 0.0000e+00
     114663   4777.577   1674.000   1651.601     3.1123     3.1126  32.421106  32.422137     2.0125   59.93470  -41.15822     4.9560         43 0.0000e+00
     114707   4779.435   1672.000   1649.635     3.1133     3.1129  32.421215  32.421785     2.0130   59.93470  -41.15823     4.9560         50 0.0000e+00
     114759   4781.588   1670.000   1647.670     3.1141     3.1156  32.421119  32.423200     2.0132   59.93470  -41.15824     4.9560         48 0.0000e+00
     114804   4783.438   1668.000   1645.704     3.1186     3.1184  32.424278  32.424972     2.0133   59.93470  -41.15826     4.9560         47 0.0000e+00
     114859   4785.744   1666.000   1643.739     3.1194     3.1195  32.424285  32.425183     2.0135   59.93470  -41.15826     4.9560         54 0.0000e+00
     114902   4787.551   1664.000   1641.773     3.1204     3.1202  32.424227  32.424891     2.0141   59.93470  -41.15827     4.9560         38 0.0000e+00
     114946   4789.355   1662.000   1639.808     3.1201     3.1200  32.422889  32.423934     2.0151   59.93470  -41.15828     4.9560         51 0.0000e+00
     114999   4791.593   1660.000   1637.842     3.1188     3.1165  32.420119  32.419152     2.0174   59.93470  -41.15828     4.9560         50 0.0000e+00
     115044   4793.444   1658.000   1635.877     3.1107     3.1101  32.409630  32.410239     2.0198   59.93470  -41.15830     4.9560         42 0.0000e+00
     115086   4795.197   1656.000   1633.911     3.1058     3.1058  32.403117  32.404498     2.0219   59.93470  -41.15830     4.9560         43 0.0000e+00
     115131   4797.099   1654.000   1631.945     3.1041     3.1032  32.399724  32.400266     2.0237   59.93470  -41.15832     4.9560         49 0.0000e+00
     115184   4799.280   1652.000   1629.980     3.1090     3.1085  32.403355  32.403399     2.0254   59.93470  -41.15832     4.9560         56 0.0000e+00
     115240   4801.616   1650.000   1628.014     3.1136     3.1147  32.406609  32.407776     2.0261   59.93470  -41.15834     4.9560         51 0.0000e+00
     115282   4803.367   1648.000   1626.048     3.1267     3.1265  32.417950  32.418374     2.0260   59.93470  -41.15834     4.9560         35 0.0000e+00
     115317   4804.842   1646.000   1624.083     3.1314     3.1310  32.421854  32.422389     2.0256   59.93470  -41.15835     4.9560         40 0.0000e+00
     115377   4807.334   1644.000   1622.117     3.1388     3.1455  32.428652  32.435738     2.0254   59.93470  -41.15836     4.9560         75 0.0000e+00
     115434   4809.722   1642.000   1620.151     3.1476     3.1500  32.435934  32.438970     2.0249   59.93468  -41.15838     4.9560         39 0.0000e+00
     115470   4811.197   1640.000   1618.186     3.1576     3.1568  32.444514  32.444118     2.0248   59.93468  -41.15838     4.9560         35 0.0000e+00
     115508   4812.790   1638.000   1616.220     3.1602     3.1609  32.446355  32.447216     2.0250   59.93469  -41.15838     4.9560         44 0.0000e+00
     115563   4815.095   1636.000   1614.254     3.1674     3.1673  32.452475  32.452819     2.0247   59.93468  -41.15840     4.9560         61 0.0000e+00
     115613   4817.178   1634.000   1612.288     3.1807     3.1790  32.464301  32.463192     2.0242   59.93468  -41.15840     4.9560         41 0.0000e+00
     115655   4818.933   1632.000   1610.322     3.1851     3.1875  32.468040  32.470993     2.0236   59.93468  -41.15840     4.9560         47 0.0000e+00
     115709   4821.180   1630.000   1608.356     3.1881     3.1893  32.470449  32.472093     2.0230   59.93468  -41.15842     4.9560         55 0.0000e+00
     115757   4823.157   1628.000   1606.390     3.1937     3.1937  32.474807  32.475306     2.0230   59.93468  -41.15844     4.9560         42 0.0000e+00
     115798   4824.880   1626.000   1604.425     3.1967     3.1968  32.476738  32.477774     2.0228   59.93468  -41.15844     4.9560         43 0.0000e+00
     115850   4827.042   1624.000   1602.459     3.1979     3.1987  32.477290  32.478803     2.0227   59.93468  -41.15844     4.9560         62 0.0000e+00
     115908   4829.442   1622.000   1600.493     3.2001     3.2002  32.478464  32.479571     2.0229   59.93468  -41.15846     4.9560         46 0.0000e+00
     115946   4831.048   1620.000   1598.527     3.2011     3.2011  32.478413  32.479223     2.0230   59.93468  -41.15846     4.9560         35 0.0000e+00
     115983   4832.574   1618.000   1596.561     3.2036     3.2039  32.479875  32.481101     2.0231   59.93468  -41.15848     4.9560         40 0.0000e+00
