Example_Files/SBE_Processing_Files/Processed_SBE_cast_files/upcasts/uar69-01_023.cnv
* Sea-Bird SBE 9 Data File:
* FileName = D:\data\ar69-01_023.hex
* Software Version Seasave V 7.26.7.107
* Temperature SN = 4491
* Conductivity SN = 3009
* Number of Bytes Per Scan = 44
* Number of Voltage Words = 5
* Number of Scans Averaged by the Deck Unit = 1
* NMEA Latitude = 61 38.10 N
* NMEA Longitude = 032 53.76 W
* NMEA UTC (Time) = Jul 13 2022  09:38:05
** Cruise ID: AR69-01
** Chief Sci:
** Station #: 023
** Site ID: LADCP test
# nquan = 14
# nvalues = 505                         
# units = specified
# name 0 = scan: Scan Count
# name 1 = timeS: Time, Elapsed [seconds]
# name 2 = prDM: Pressure, Digiquartz [db]
# name 3 = depSM: Depth [salt water, m]
# name 4 = t090C: Temperature [ITS-90, deg C]
# name 5 = t190C: Temperature, 2 [ITS-90, deg C]
# name 6 = c0mS/cm: Conductivity [mS/cm]
# name 7 = c1mS/cm: Conductivity, 2 [mS/cm]
# name 8 = sbeox0V: Oxygen raw, SBE 43 [V]
# name 9 = latitude: Latitude [deg]
# name 10 = longitude: Longitude [deg]
# name 11 = v7: Voltage 7
# name 12 = nbin: number of scans per bin
# name 13 = flag: flag
# span 0 =      30839,      58864       
# span 1 =   1284.912,   2452.622       
# span 2 =      2.000,   1010.000       
# span 3 =      1.981,    997.922       
# span 4 =     3.4827,     9.4991       
# span 5 =     3.4821,     9.4966       
# span 6 =  32.424261,  37.462534       
# span 7 =  32.424605,  37.463177       
# span 8 =     2.2159,     2.7955       
# span 9 =   61.63299,   61.63373       
# span 10 =  -32.89374,  -32.89258      
# span 11 =     4.9562,     4.9573      
# span 12 =         17,        127      
# span 13 = 0.0000e+00, 0.0000e+00      
# interval = decibars: 2                
# start_time = Jul 13 2022 09:38:05 [NMEA time, first data scan]
# bad_flag = -9.990e-29
*END*
[from data line 207]
      40677   1694.817    596.000    589.456     3.7864     3.7869  32.534869  32.536554     2.3285   61.63338  -32.89320     4.9567         50 0.0000e+00
      40727   1696.898    594.000    587.481     3.7838     3.7827  32.530958  32.531017     2.3318   61.63340  -32.89320     4.9566         46 0.0000e+00
      40768   1698.641    592.000    585.506     3.7814     3.7810  32.527189  32.528107     2.3336   61.63340  -32.89322     4.9566         40 0.0000e+00
      40815   1700.601    590.000    583.531     3.7807     3.7802  32.525597  32.526192     2.3354   61.63339  -32.89321     4.9567         56 0.0000e+00
      40868   1702.812    588.000    581.555     3.7803     3.7796  32.524069  32.524395     2.3377   61.63339  -32.89320     4.9567         45 0.0000e+00
      40912   1704.614    586.000    579.580     3.7792     3.7788  32.521952  32.522596     2.3391   61.63340  -32.89320     4.9567         46 0.0000e+00
      40964   1706.794    584.000    577.605     3.7791     3.7785  32.520946  32.521449     2.3409   61.63338  -32.89322     4.9567         56 0.0000e+00
      41015   1708.901    582.000    575.629     3.7794     3.7787  32.520139  32.520276     2.3420   61.63338  -32.89320     4.9567         43 0.0000e+00
      41054   1710.530    580.000    573.654     3.7822     3.7821  32.522044  32.522632     2.3426   61.63338  -32.89320     4.9567         39 0.0000e+00
      41102   1712.553    578.000    571.679     3.7841     3.7832  32.523028  32.523062     2.3433   61.63338  -32.89321     4.9567         62 0.0000e+00
      41165   1715.181    576.000    569.703     3.7856     3.7857  32.523276  32.524193     2.3445   61.63340  -32.89320     4.9567         51 0.0000e+00
      41204   1716.786    574.000    567.728     3.7874     3.7871  32.523996  32.524572     2.3455   61.63339  -32.89320     4.9567         35 0.0000e+00
      41240   1718.307    572.000    565.753     3.7882     3.7878  32.523814  32.524328     2.3458   61.63338  -32.89320     4.9567         40 0.0000e+00
      41289   1720.348    570.000    563.777     3.7887     3.7880  32.523404  32.523675     2.3470   61.63338  -32.89320     4.9567         56 0.0000e+00
      41345   1722.658    568.000    561.802     3.7902     3.7907  32.523763  32.524803     2.3475   61.63338  -32.89320     4.9568         54 0.0000e+00
      41395   1724.738    566.000    559.826     3.7956     3.7951  32.527772  32.527759     2.3473   61.63338  -32.89320     4.9567         44 0.0000e+00
      41435   1726.420    564.000    557.850     3.8010     3.7997  32.532077  32.531492     2.3469   61.63338  -32.89320     4.9567         42 0.0000e+00
      41487   1728.600    562.000    555.875     3.8028     3.8020  32.532933  32.533112     2.3477   61.63338  -32.89320     4.9567         58 0.0000e+00
      41538   1730.692    560.000    553.899     3.8022     3.8017  32.531036  32.531782     2.3497   61.63338  -32.89320     4.9568         44 0.0000e+00
      41582   1732.543    558.000    551.924     3.7975     3.7975  32.525049  32.526215     2.3521   61.63338  -32.89320     4.9569         46 0.0000e+00
      41630   1734.530    556.000    549.948     3.7952     3.7937  32.521680  32.521396     2.3543   61.63338  -32.89320     4.9568         47 0.0000e+00
      41675   1736.415    554.000    547.973     3.7904     3.7898  32.515654  32.516300     2.3561   61.63338  -32.89320     4.9567         47 0.0000e+00
      41731   1738.768    552.000    545.997     3.7876     3.7867  32.511632  32.511903     2.3589   61.63338  -32.89320     4.9568         60 0.0000e+00
      41782   1740.859    550.000    544.022     3.7831     3.7817  32.505948  32.505611     2.3608   61.63338  -32.89320     4.9567         41 0.0000e+00
      41820   1742.460    548.000    542.046     3.7809     3.7807  32.502813  32.503705     2.3614   61.63338  -32.89320     4.9566         38 0.0000e+00
      41862   1744.211    546.000    540.070     3.7817     3.7816  32.502724  32.503531     2.3616   61.63338  -32.89320     4.9568         46 0.0000e+00
      41912   1746.283    544.000    538.095     3.7862     3.7842  32.506276  32.505130     2.3615   61.63338  -32.89320     4.9567         58 0.0000e+00
      41982   1749.222    542.000    536.119     3.7912     3.7912  32.510270  32.510988     2.3611   61.63338  -32.89320     4.9567         64 0.0000e+00
      42024   1750.973    540.000    534.143     3.7967     3.7970  32.514750  32.515591     2.3599   61.63338  -32.89320     4.9568         32 0.0000e+00
      42055   1752.231    538.000    532.167     3.8005     3.7998  32.517557  32.517596     2.3591   61.63338  -32.89320     4.9568         31 0.0000e+00
      42099   1754.073    536.000    530.192     3.8040     3.8026  32.520151  32.519843     2.3583   61.63338  -32.89320     4.9567         65 0.0000e+00
      42167   1756.928    534.000    528.216     3.8058     3.8065  32.521118  32.522602     2.3563   61.63338  -32.89320     4.9567         55 0.0000e+00
      42211   1758.767    532.000    526.240     3.8144     3.8155  32.528533  32.530259     2.3551   61.63338  -32.89320     4.9566         42 0.0000e+00
      42253   1760.488    530.000    524.264     3.8196     3.8205  32.532967  32.534374     2.3545   61.63338  -32.89320     4.9567         40 0.0000e+00
      42293   1762.165    528.000    522.288     3.8237     3.8232  32.536175  32.536459     2.3538   61.63338  -32.89320     4.9567         43 0.0000e+00
      42345   1764.351    526.000    520.312     3.8287     3.8280  32.540439  32.540768     2.3525   61.63338  -32.89318     4.9567         63 0.0000e+00
      42405   1766.849    524.000    518.336     3.8329     3.8352  32.543305  32.546337     2.3502   61.63338  -32.89319     4.9567         48 0.0000e+00
      42445   1768.499    522.000    516.361     3.8499     3.8503  32.559513  32.560075     2.3483   61.63338  -32.89320     4.9568         36 0.0000e+00
      42484   1770.113    520.000    514.385     3.8579     3.8560  32.566627  32.565473     2.3470   61.63338  -32.89318     4.9568         46 0.0000e+00
      42543   1772.568    518.000    512.409     3.8622     3.8616  32.570022  32.570245     2.3457   61.63338  -32.89319     4.9567         64 0.0000e+00
      42597   1774.824    516.000    510.433     3.8676     3.8698  32.574249  32.576800     2.3437   61.63338  -32.89320     4.9566         46 0.0000e+00
      42638   1776.547    514.000    508.457     3.8780     3.8774  32.583634  32.583606     2.3416   61.63338  -32.89318     4.9567         39 0.0000e+00
      42676   1778.139    512.000    506.481     3.8833     3.8851  32.588255  32.590084     2.3394   61.63338  -32.89318     4.9567         39 0.0000e+00
      42727   1780.259    510.000    504.505     3.8956     3.8939  32.600035  32.598004     2.3356   61.63339  -32.89318     4.9567         67 0.0000e+00
      42790   1782.862    508.000    502.529     3.9111     3.9169  32.613809  32.619354     2.3287   61.63340  -32.89318     4.9567         46 0.0000e+00
      42826   1784.382    506.000    500.553     3.9368     3.9367  32.639078  32.638641     2.3254   61.63339  -32.89316     4.9567         34 0.0000e+00
      42866   1786.040    504.000    498.577     3.9453     3.9433  32.646485  32.645258     2.3232   61.63339  -32.89318     4.9567         47 0.0000e+00
      42918   1788.210    502.000    496.601     3.9477     3.9475  32.648035  32.648752     2.3219   61.63340  -32.89318     4.9567         55 0.0000e+00
      42979   1790.730    500.000    494.624     3.9494     3.9483  32.648556  32.648548     2.3228   61.63340  -32.89318     4.9567         63 0.0000e+00
      43029   1792.850    498.000    492.648     3.9476     3.9462  32.645229  32.645081     2.3252   61.63340  -32.89316     4.9568         39 0.0000e+00
      43066   1794.375    496.000    490.672     3.9440     3.9436  32.640446  32.641162     2.3270   61.63340  -32.89316     4.9568         39 0.0000e+00
      43111   1796.260    494.000    488.696     3.9425     3.9425  32.637885  32.639034     2.3294   61.63340  -32.89316     4.9567         50 0.0000e+00
      43160   1798.281    492.000    486.720     3.9403     3.9397  32.634389  32.635179     2.3327   61.63340  -32.89316     4.9567         45 0.0000e+00
      43203   1800.099    490.000    484.744     3.9358     3.9355  32.628661  32.629454     2.3355   61.63340  -32.89316     4.9567         47 0.0000e+00
      43260   1802.438    488.000    482.767     3.9339     3.9337  32.625525  32.626327     2.3373   61.63340  -32.89316     4.9567         60 0.0000e+00
      43310   1804.533    486.000    480.791     3.9358     3.9362  32.626229  32.627422     2.3375   61.63340  -32.89316     4.9567         42 0.0000e+00
      43352   1806.309    484.000    478.815     3.9395     3.9386  32.628919  32.628909     2.3384   61.63340  -32.89316     4.9567         45 0.0000e+00
      43403   1808.406    482.000    476.839     3.9407     3.9398  32.629305  32.629312     2.3397   61.63340  -32.89316     4.9567         55 0.0000e+00
      43453   1810.510    480.000    474.862     3.9417     3.9421  32.629380  32.630561     2.3399   61.63340  -32.89316     4.9568         42 0.0000e+00
      43490   1812.025    478.000    472.886     3.9436     3.9430  32.630368  32.630493     2.3399   61.63340  -32.89316     4.9568         35 0.0000e+00
      43537   1813.985    476.000    470.910     3.9460     3.9440  32.631962  32.630973     2.3401   61.63340  -32.89317     4.9567         65 0.0000e+00
      43604   1816.800    474.000    468.933     3.9506     3.9542  32.635607  32.639413     2.3380   61.63340  -32.89316     4.9568         53 0.0000e+00
      43643   1818.404    472.000    466.957     3.9656     3.9643  32.648808  32.648085     2.3385   61.63340  -32.89316     4.9566         34 0.0000e+00
      43680   1819.938    470.000    464.981     3.9615     3.9629  32.643434  32.646158     2.3398   61.63340  -32.89316     4.9567         45 0.0000e+00
      43736   1822.302    468.000    463.004     3.9568     3.9572  32.637280  32.638849     2.3427   61.63340  -32.89318     4.9568         57 0.0000e+00
      43781   1824.175    466.000    461.028     3.9556     3.9555  32.634728  32.635833     2.3459   61.63340  -32.89317     4.9568         40 0.0000e+00
      43826   1826.029    464.000    459.051     3.9521     3.9509  32.629999  32.630323     2.3492   61.63340  -32.89316     4.9566         49 0.0000e+00
      43875   1828.063    462.000    457.075     3.9457     3.9443  32.622445  32.622653     2.3532   61.63340  -32.89318     4.9567         48 0.0000e+00
      43922   1830.041    460.000    455.098     3.9401     3.9378  32.615439  32.614660     2.3574   61.63340  -32.89318     4.9566         47 0.0000e+00
      43970   1832.023    458.000    453.122     3.9359     3.9357  32.609965  32.610749     2.3595   61.63340  -32.89318     4.9567         49 0.0000e+00
      44023   1834.264    456.000    451.145     3.9382     3.9366  32.610922  32.610549     2.3604   61.63338  -32.89318     4.9568         57 0.0000e+00
      44073   1836.343    454.000    449.169     3.9414     3.9413  32.613540  32.614005     2.3599   61.63338  -32.89318     4.9567         40 0.0000e+00
      44109   1837.853    452.000    447.192     3.9522     3.9493  32.622975  32.620444     2.3582   61.63338  -32.89318     4.9567         37 0.0000e+00
      44155   1839.762    450.000    445.216     3.9638     3.9614  32.634185  32.633170     2.3535   61.63338  -32.89318     4.9568         53 0.0000e+00
      44209   1841.985    448.000    443.239     3.9978     3.9954  32.666511  32.664288     2.3462   61.63338  -32.89318     4.9567         52 0.0000e+00
      44258   1844.051    446.000    441.262     4.0197     4.0185  32.689333  32.686769     2.3396   61.63338  -32.89318     4.9567         45 0.0000e+00
      44299   1845.759    444.000    439.286     4.0415     4.0385  32.709918  32.706584     2.3355   61.63338  -32.89318     4.9567         40 0.0000e+00
      44348   1847.800    442.000    437.309     4.0601     4.0523  32.728022  32.720609     2.3322   61.63338  -32.89317     4.9567         61 0.0000e+00
      44404   1850.146    440.000    435.332     4.0665     4.0690  32.732911  32.735559     2.3272   61.63338  -32.89318     4.9566         44 0.0000e+00
      44445   1851.816    438.000    433.356     4.0931     4.0985  32.759020  32.761809     2.3243   61.63338  -32.89318     4.9567         41 0.0000e+00
      44491   1853.730    436.000    431.379     4.1121     4.1143  32.776216  32.779274     2.3213   61.63338  -32.89318     4.9568         51 0.0000e+00
      44546   1856.040    434.000    429.402     4.1219     4.1266  32.786534  32.791431     2.3221   61.63338  -32.89318     4.9567         56 0.0000e+00
      44593   1858.008    432.000    427.425     4.1208     4.1191  32.782298  32.783209     2.3252   61.63338  -32.89316     4.9567         39 0.0000e+00
      44629   1859.487    430.000    425.449     4.1078     4.1085  32.767879  32.770173     2.3263   61.63338  -32.89316     4.9566         36 0.0000e+00
      44678   1861.523    428.000    423.472     4.1065     4.1062  32.765315  32.766236     2.3268   61.63338  -32.89318     4.9566         66 0.0000e+00
      44743   1864.245    426.000    421.495     4.1083     4.1084  32.766056  32.766842     2.3255   61.63338  -32.89316     4.9567         50 0.0000e+00
      44782   1865.859    424.000    419.518     4.1291     4.1280  32.785779  32.784197     2.3236   61.63337  -32.89316     4.9567         35 0.0000e+00
      44819   1867.397    422.000    417.541     4.1384     4.1382  32.794376  32.794778     2.3224   61.63336  -32.89316     4.9567         42 0.0000e+00
      44869   1869.487    420.000    415.565     4.1574     4.1497  32.812122  32.805940     2.3199   61.63336  -32.89318     4.9567         58 0.0000e+00
      44924   1871.783    418.000    413.588     4.1661     4.1697  32.819408  32.823654     2.3161   61.63336  -32.89316     4.9567         48 0.0000e+00
      44969   1873.676    416.000    411.611     4.1975     4.1941  32.850806  32.847322     2.3141   61.63336  -32.89316     4.9567         46 0.0000e+00
      45020   1875.798    414.000    409.634     4.2025     4.2001  32.855253  32.853025     2.3126   61.63336  -32.89316     4.9567         55 0.0000e+00
      45071   1877.903    412.000    407.657     4.2085     4.2102  32.859939  32.861981     2.3119   61.63336  -32.89316     4.9567         44 0.0000e+00
      45112   1879.615    410.000    405.680     4.2136     4.2126  32.864115  32.864199     2.3118   61.63336  -32.89316     4.9567         41 0.0000e+00
      45158   1881.549    408.000    403.703     4.2110     4.2112  32.860586  32.862006     2.3138   61.63336  -32.89316     4.9568         54 0.0000e+00
      45212   1883.788    406.000    401.726     4.2082     4.2045  32.856509  32.854615     2.3214   61.63336  -32.89316     4.9568         46 0.0000e+00
      45253   1885.517    404.000    399.749     4.1762     4.1788  32.822011  32.826839     2.3268   61.63336  -32.89316     4.9567         44 0.0000e+00
      45302   1887.549    402.000    397.772     4.1683     4.1645  32.812104  32.810649     2.3312   61.63336  -32.89316     4.9567         50 0.0000e+00
      45351   1889.563    400.000    395.795     4.1648     4.1637  32.806388  32.806141     2.3329   61.63336  -32.89316     4.9567         50 0.0000e+00
      45406   1891.855    398.000    393.818     4.1713     4.1712  32.811662  32.811931     2.3315   61.63334  -32.89316     4.9568         56 0.0000e+00
      45453   1893.831    396.000    391.841     4.1915     4.1956  32.830298  32.834321     2.3306   61.63334  -32.89316     4.9567         40 0.0000e+00
      45492   1895.463    394.000    389.864     4.2054     4.2041  32.843353  32.842680     2.3298   61.63334  -32.89316     4.9568         41 0.0000e+00
