Example_Files/SBE_Processing_Files/Processed_SBE_cast_files/upcasts/uar69-01_012.cnv
* Sea-Bird SBE 9 Data File:
* FileName = D:\data\ar69-01_012.hex
* Software Version Seasave V 7.26.7.107
* Temperature SN = 4491
* Conductivity SN = 3009
* Number of Bytes Per Scan = 44
* Number of Voltage Words = 5
* Number of Scans Averaged by the Deck Unit = 1
* NMEA Latitude = 59 56.36 N
* NMEA Longitude = 039 31.27 W
* NMEA UTC (Time) = Jun 30 2022  16:33:36
** Cruise ID: AR69-01
** Chief Sci:
** Station #: 012
** Site ID: Irminger SUMO
# nquan = 14
# nvalues = 759                         
# units = specified
# name 0 = scan: Scan Count
# name 1 = timeS: Time, Elapsed [seconds]
# name 2 = prDM: Pressure, Digiquartz [db]
# name 3 = depSM: Depth [salt water, m]
# name 4 = t090C: Temperature [ITS-90, deg C]
# name 5 = t190C: Temperature, 2 [ITS-90, deg C]
# name 6 = c0mS/cm: Conductivity [mS/cm]
# name 7 = c1mS/cm: Conductivity, 2 [mS/cm]
# name 8 = sbeox0V: Oxygen raw, SBE 43 [V]
# name 9 = latitude: Latitude [deg]
# name 10 = longitude: Longitude [deg]
# name 11 = v7: Voltage 7
# name 12 = nbin: number of scans per bin
# name 13 = flag: flag
# span 0 =      44576,     102848       
# span 1 =   1857.297,   4285.274       
# span 2 =      4.000,   1520.000       
# span 3 =      3.962,   1500.206       
# span 4 =     3.3634,     6.8921       
# span 5 =     3.3629,     6.8914       
# span 6 =  32.178524,  34.981647       
# span 7 =  32.179912,  34.982815       
# span 8 =     2.0427,     2.8392       
# span 9 =   59.93930,   59.93936       
# span 10 =  -39.52123,  -39.52108      
# span 11 =     4.9560,     4.9568      
# span 12 =         22,        133      
# span 13 = 0.0000e+00, 0.0000e+00      
# interval = decibars: 2                
# start_time = Jun 30 2022 16:33:36 [NMEA time, first data scan]
# bad_flag = -9.990e-29
*END*
[from data line 517]
      75498   3145.707    486.000    480.855     3.5282     3.5235  32.237252  32.234074     2.4267   59.93935  -39.52110     4.9564         44 0.0000e+00
      75540   3147.474    484.000    478.879     3.5225     3.5217  32.230381  32.231160     2.4277   59.93934  -39.52111     4.9562         43 0.0000e+00
      75597   3149.836    482.000    476.902     3.5216     3.5214  32.228526  32.229888     2.4304   59.93935  -39.52111     4.9564         69 0.0000e+00
      75656   3152.294    480.000    474.926     3.5226     3.5222  32.228438  32.229640     2.4327   59.93934  -39.52112     4.9566         47 0.0000e+00
      75703   3154.235    478.000    472.949     3.5221     3.5213  32.227114  32.227916     2.4333   59.93934  -39.52112     4.9564         49 0.0000e+00
      75749   3156.161    476.000    470.972     3.5208     3.5206  32.224745  32.226096     2.4341   59.93934  -39.52112     4.9565         41 0.0000e+00
      75787   3157.747    474.000    468.996     3.5199     3.5195  32.222838  32.224003     2.4347   59.93934  -39.52112     4.9563         37 0.0000e+00
      75828   3159.440    472.000    467.019     3.5196     3.5191  32.221691  32.222735     2.4352   59.93934  -39.52112     4.9566         47 0.0000e+00
      75889   3162.016    470.000    465.042     3.5184     3.5174  32.219503  32.220191     2.4361   59.93934  -39.52114     4.9563         70 0.0000e+00
      75945   3164.343    468.000    463.066     3.5165     3.5161  32.216583  32.217790     2.4377   59.93934  -39.52113     4.9563         43 0.0000e+00
      75983   3165.899    466.000    461.089     3.5119     3.5119  32.210794  32.213081     2.4379   59.93934  -39.52112     4.9563         34 0.0000e+00
      76018   3167.380    464.000    459.112     3.5092     3.5088  32.207215  32.208495     2.4386   59.93934  -39.52113     4.9563         39 0.0000e+00
      76071   3169.589    462.000    457.136     3.5076     3.5076  32.204731  32.206466     2.4398   59.93934  -39.52114     4.9564         69 0.0000e+00
      76138   3172.385    460.000    455.159     3.5071     3.5064  32.203264  32.204174     2.4398   59.93934  -39.52113     4.9564         56 0.0000e+00
      76184   3174.274    458.000    453.182     3.5065     3.5065  32.201709  32.203172     2.4403   59.93934  -39.52114     4.9564         39 0.0000e+00
      76222   3175.862    456.000    451.206     3.5067     3.5061  32.200886  32.201866     2.4410   59.93934  -39.52114     4.9565         38 0.0000e+00
      76261   3177.505    454.000    449.229     3.5063     3.5060  32.199547  32.200699     2.4418   59.93934  -39.52114     4.9563         44 0.0000e+00
      76314   3179.729    452.000    447.252     3.5073     3.5070  32.199674  32.200862     2.4421   59.93934  -39.52114     4.9560         58 0.0000e+00
      76365   3181.846    450.000    445.275     3.5081     3.5069  32.199254  32.199719     2.4427   59.93934  -39.52114     4.9560         46 0.0000e+00
      76413   3183.813    448.000    443.298     3.5059     3.5052  32.196156  32.197124     2.4444   59.93934  -39.52116     4.9562         47 0.0000e+00
      76457   3185.655    446.000    441.321     3.5038     3.5035  32.192968  32.194380     2.4454   59.93934  -39.52115     4.9564         42 0.0000e+00
      76503   3187.585    444.000    439.344     3.5026     3.5018  32.190873  32.191719     2.4456   59.93934  -39.52114     4.9566         54 0.0000e+00
      76558   3189.895    442.000    437.367     3.5009     3.5000  32.188099  32.188917     2.4466   59.93934  -39.52116     4.9564         52 0.0000e+00
      76608   3191.971    440.000    435.390     3.4987     3.4984  32.184850  32.186171     2.4473   59.93934  -39.52115     4.9564         48 0.0000e+00
      76652   3193.807    438.000    433.414     3.4983     3.4981  32.183435  32.184826     2.4479   59.93934  -39.52114     4.9564         41 0.0000e+00
      76694   3195.556    436.000    431.437     3.4981     3.4983  32.182339  32.183988     2.4484   59.93934  -39.52116     4.9563         47 0.0000e+00
      76751   3197.923    434.000    429.459     3.4981     3.4977  32.181447  32.182483     2.4488   59.93934  -39.52116     4.9564         58 0.0000e+00
      76797   3199.819    432.000    427.482     3.5005     3.5014  32.182636  32.184652     2.4494   59.93934  -39.52116     4.9564         36 0.0000e+00
      76831   3201.246    430.000    425.505     3.5041     3.5038  32.185134  32.186377     2.4508   59.93934  -39.52116     4.9565         35 0.0000e+00
      76880   3203.286    428.000    423.528     3.5050     3.5050  32.185351  32.186794     2.4517   59.93933  -39.52116     4.9564         61 0.0000e+00
      76957   3206.505    426.000    421.551     3.5071     3.5064  32.186295  32.186976     2.4530   59.93934  -39.52116     4.9564         42 0.0000e+00
      76987   3207.736    424.000    419.574     3.5049     3.5040  32.182887  32.183672     2.4534   59.93932  -39.52116     4.9564         29 0.0000e+00
      77021   3209.174    422.000    417.597     3.5031     3.5031  32.180246  32.181965     2.4532   59.93932  -39.52116     4.9561         44 0.0000e+00
      77079   3211.564    420.000    415.620     3.5024     3.5021  32.178531  32.179912     2.4536   59.93932  -39.52116     4.9561         62 0.0000e+00
      77131   3213.755    418.000    413.643     3.5033     3.5038  32.178524  32.180374     2.4544   59.93932  -39.52116     4.9563         47 0.0000e+00
      77181   3215.838    416.000    411.666     3.5048     3.5044  32.179095  32.180199     2.4553   59.93932  -39.52116     4.9564         53 0.0000e+00
      77228   3217.784    414.000    409.688     3.5064     3.5065  32.179785  32.181041     2.4558   59.93932  -39.52116     4.9562         38 0.0000e+00
      77263   3219.237    412.000    407.711     3.5126     3.5135  32.185014  32.186696     2.4558   59.93932  -39.52116     4.9565         35 0.0000e+00
      77307   3221.069    410.000    405.734     3.5148     3.5145  32.186450  32.187557     2.4564   59.93932  -39.52117     4.9565         58 0.0000e+00
      77372   3223.789    408.000    403.757     3.5197     3.5191  32.190395  32.191299     2.4579   59.93933  -39.52118     4.9563         59 0.0000e+00
      77417   3225.654    406.000    401.779     3.5214     3.5212  32.190846  32.191959     2.4591   59.93934  -39.52116     4.9564         37 0.0000e+00
      77455   3227.244    404.000    399.802     3.5216     3.5211  32.190025  32.191234     2.4588   59.93932  -39.52118     4.9565         43 0.0000e+00
      77506   3229.369    402.000    397.825     3.5219     3.5214  32.189477  32.190572     2.4595   59.93932  -39.52118     4.9564         57 0.0000e+00
      77559   3231.599    400.000    395.848     3.5241     3.5235  32.190521  32.191461     2.4612   59.93934  -39.52117     4.9565         48 0.0000e+00
      77606   3233.525    398.000    393.870     3.5247     3.5249  32.190347  32.191832     2.4623   59.93932  -39.52118     4.9564         47 0.0000e+00
      77654   3235.561    396.000    391.893     3.5257     3.5256  32.190431  32.191639     2.4624   59.93932  -39.52118     4.9564         48 0.0000e+00
      77698   3237.372    394.000    389.916     3.5282     3.5281  32.191839  32.192974     2.4628   59.93933  -39.52117     4.9567         40 0.0000e+00
      77738   3239.036    392.000    387.938     3.5304     3.5302  32.193066  32.194291     2.4630   59.93933  -39.52117     4.9564         43 0.0000e+00
      77794   3241.377    390.000    385.961     3.5320     3.5322  32.193917  32.195720     2.4625   59.93933  -39.52118     4.9563         64 0.0000e+00
      77844   3243.470    388.000    383.983     3.5359     3.5352  32.196558  32.196985     2.4635   59.93934  -39.52117     4.9562         38 0.0000e+00
      77884   3245.123    386.000    382.006     3.5380     3.5383  32.197748  32.199391     2.4645   59.93932  -39.52116     4.9562         44 0.0000e+00
      77930   3247.052    384.000    380.028     3.5381     3.5377  32.196790  32.198084     2.4647   59.93932  -39.52117     4.9560         47 0.0000e+00
      77981   3249.165    382.000    378.051     3.5374     3.5369  32.195125  32.196312     2.4657   59.93934  -39.52118     4.9561         58 0.0000e+00
      78041   3251.661    380.000    376.073     3.5377     3.5373  32.194469  32.195592     2.4663   59.93934  -39.52116     4.9563         51 0.0000e+00
      78079   3253.242    378.000    374.096     3.5404     3.5412  32.196102  32.198130     2.4668   59.93932  -39.52116     4.9565         33 0.0000e+00
      78114   3254.708    376.000    372.118     3.5428     3.5418  32.197651  32.198047     2.4674   59.93932  -39.52116     4.9564         41 0.0000e+00
      78173   3257.186    374.000    370.141     3.5447     3.5459  32.198751  32.201340     2.4680   59.93934  -39.52116     4.9567         74 0.0000e+00
      78232   3259.634    372.000    368.163     3.5482     3.5488  32.201186  32.202699     2.4677   59.93934  -39.52116     4.9567         38 0.0000e+00
      78264   3260.946    370.000    366.186     3.5556     3.5554  32.207440  32.208567     2.4672   59.93933  -39.52116     4.9564         31 0.0000e+00
      78306   3262.694    368.000    364.208     3.5558     3.5556  32.206828  32.208111     2.4671   59.93932  -39.52116     4.9562         59 0.0000e+00
      78367   3265.255    366.000    362.230     3.5566     3.5575  32.206462  32.208714     2.4667   59.93933  -39.52116     4.9562         50 0.0000e+00
      78410   3267.028    364.000    360.253     3.5703     3.5690  32.219195  32.218495     2.4665   59.93934  -39.52116     4.9566         44 0.0000e+00
      78460   3269.110    362.000    358.275     3.5709     3.5694  32.218673  32.218967     2.4673   59.93933  -39.52116     4.9563         58 0.0000e+00
      78537   3272.327    360.000    356.297     3.5724     3.5719  32.219574  32.220657     2.4675   59.93932  -39.52116     4.9564         90 0.0000e+00
      78995   3291.396    358.000    354.319     3.5688     3.5686  32.214714  32.216269     2.4686   59.93933  -39.52115     4.9563        102 0.0000e+00
      79946   3331.021    356.000    352.342     3.5662     3.5661  32.211276  32.212700     2.4703   59.93932  -39.52114     4.9564         94 0.0000e+00
      79988   3332.810    354.000    350.364     3.5712     3.5710  32.215292  32.216151     2.4686   59.93932  -39.52116     4.9562         41 0.0000e+00
      80022   3334.204    352.000    348.386     3.5820     3.5810  32.225258  32.224534     2.4677   59.93932  -39.52116     4.9562         37 0.0000e+00
      80079   3336.601    350.000    346.408     3.5893     3.5875  32.231785  32.231423     2.4689   59.93932  -39.52115     4.9563         74 0.0000e+00
      80136   3338.950    348.000    344.431     3.5839     3.5808  32.225066  32.224325     2.4717   59.93932  -39.52116     4.9561         38 0.0000e+00
      80174   3340.526    346.000    342.453     3.5720     3.5705  32.211878  32.212214     2.4726   59.93932  -39.52116     4.9564         43 0.0000e+00
      80224   3342.637    344.000    340.475     3.5708     3.5704  32.209787  32.210995     2.4739   59.93932  -39.52116     4.9560         54 0.0000e+00
      80274   3344.720    342.000    338.497     3.5707     3.5704  32.208560  32.209801     2.4750   59.93932  -39.52116     4.9560         46 0.0000e+00
      80316   3346.450    340.000    336.519     3.5715     3.5715  32.208468  32.209858     2.4756   59.93932  -39.52116     4.9560         39 0.0000e+00
      80359   3348.236    338.000    334.541     3.5724     3.5717  32.208403  32.209279     2.4766   59.93932  -39.52116     4.9560         50 0.0000e+00
      80418   3350.706    336.000    332.563     3.5735     3.5746  32.208715  32.211413     2.4764   59.93932  -39.52117     4.9564         64 0.0000e+00
      80474   3353.027    334.000    330.585     3.5810     3.5860  32.215180  32.220546     2.4753   59.93932  -39.52116     4.9565         43 0.0000e+00
      80509   3354.513    332.000    328.607     3.5906     3.5901  32.223446  32.224215     2.4751   59.93932  -39.52116     4.9566         33 0.0000e+00
      80547   3356.095    330.000    326.629     3.5947     3.5939  32.226653  32.227159     2.4752   59.93932  -39.52117     4.9565         48 0.0000e+00
      80610   3358.707    328.000    324.651     3.6043     3.6026  32.235344  32.235128     2.4737   59.93932  -39.52116     4.9561         68 0.0000e+00
      80661   3360.817    326.000    322.673     3.6148     3.6174  32.244374  32.247511     2.4719   59.93932  -39.52116     4.9560         36 0.0000e+00
      80693   3362.185    324.000    320.695     3.6250     3.6252  32.253855  32.254920     2.4714   59.93932  -39.52117     4.9562         34 0.0000e+00
      80743   3364.242    322.000    318.717     3.6282     3.6273  32.256265  32.256589     2.4709   59.93932  -39.52118     4.9564         63 0.0000e+00
      80798   3366.532    320.000    316.739     3.6325     3.6351  32.259160  32.262738     2.4691   59.93932  -39.52118     4.9561         46 0.0000e+00
      80843   3368.410    318.000    314.761     3.6475     3.6497  32.273338  32.275724     2.4676   59.93932  -39.52117     4.9560         45 0.0000e+00
      80888   3370.277    316.000    312.783     3.6565     3.6560  32.281024  32.281705     2.4666   59.93932  -39.52118     4.9560         46 0.0000e+00
      80939   3372.417    314.000    310.805     3.6618     3.6577  32.284947  32.282108     2.4655   59.93932  -39.52118     4.9560         55 0.0000e+00
      80990   3374.550    312.000    308.827     3.6695     3.6702  32.291795  32.292944     2.4644   59.93932  -39.52118     4.9561         46 0.0000e+00
      81034   3376.384    310.000    306.848     3.6763     3.6768  32.297637  32.299238     2.4643   59.93932  -39.52118     4.9564         45 0.0000e+00
      81083   3378.434    308.000    304.870     3.6778     3.6758  32.297847  32.297548     2.4643   59.93932  -39.52118     4.9565         51 0.0000e+00
      81129   3380.349    306.000    302.892     3.6792     3.6786  32.298474  32.299325     2.4642   59.93932  -39.52118     4.9564         41 0.0000e+00
      81169   3382.013    304.000    300.914     3.6770     3.6765  32.295444  32.296494     2.4632   59.93932  -39.52118     4.9562         42 0.0000e+00
      81222   3384.194    302.000    298.936     3.6745     3.6734  32.291809  32.292467     2.4654   59.93932  -39.52119     4.9562         61 0.0000e+00
      81277   3386.515    300.000    296.957     3.6638     3.6636  32.279392  32.281636     2.4697   59.93932  -39.52120     4.9563         46 0.0000e+00
      81317   3388.183    298.000    294.979     3.6494     3.6486  32.263731  32.264658     2.4716   59.93932  -39.52119     4.9563         38 0.0000e+00
      81358   3389.893    296.000    293.001     3.6470     3.6443  32.260454  32.259435     2.4726   59.93932  -39.52120     4.9564         47 0.0000e+00
      81414   3392.198    294.000    291.022     3.6437     3.6422  32.255819  32.255852     2.4748   59.93932  -39.52120     4.9565         58 0.0000e+00
      81468   3394.453    292.000    289.044     3.6390     3.6382  32.250158  32.251231     2.4777   59.93932  -39.52120     4.9563         53 0.0000e+00
      81517   3396.502    290.000    287.066     3.6367     3.6362  32.246842  32.247879     2.4794   59.93932  -39.52120     4.9560         41 0.0000e+00
      81552   3397.942    288.000    285.087     3.6390     3.6395  32.247893  32.249504     2.4792   59.93932  -39.52120     4.9560         33 0.0000e+00
      81595   3399.762    286.000    283.109     3.6431     3.6446  32.251445  32.254063     2.4790   59.93932  -39.52120     4.9560         60 0.0000e+00
      81663   3402.599    284.000    281.130     3.6532     3.6537  32.259935  32.261969     2.4788   59.93932  -39.52120     4.9560         59 0.0000e+00
