Example_Files/SBE_Processing_Files/Processed_SBE_cast_files/upcasts/uar69-01_011.cnv
* Sea-Bird SBE 9 Data File:
* FileName = D:\data\ar69-01_011.hex
* Software Version Seasave V 7.26.7.107
* Temperature SN = 4491
* Conductivity SN = 3009
* Number of Bytes Per Scan = 44
* Number of Voltage Words = 5
* Number of Scans Averaged by the Deck Unit = 1
* NMEA Latitude = 59 50.97 N
* NMEA Longitude = 040 41.43 W
* NMEA UTC (Time) = Jun 29 2022  18:39:20
** Cruise ID: AR69-01
** Chief Sci:
** Station #: 011
** Site ID: M2
# nquan = 14
# nvalues = 1242                        
# units = specified
# name 0 = scan: Scan Count
# name 1 = timeS: Time, Elapsed [seconds]
# name 2 = prDM: Pressure, Digiquartz [db]
# name 3 = depSM: Depth [salt water, m]
# name 4 = t090C: Temperature [ITS-90, deg C]
# name 5 = t190C: Temperature, 2 [ITS-90, deg C]
# name 6 = c0mS/cm: Conductivity [mS/cm]
# name 7 = c1mS/cm: Conductivity, 2 [mS/cm]
# name 8 = sbeox0V: Oxygen raw, SBE 43 [V]
# name 9 = latitude: Latitude [deg]
# name 10 = longitude: Longitude [deg]
# name 11 = v7: Voltage 7
# name 12 = nbin: number of scans per bin
# name 13 = flag: flag
# span 0 =      68192,     155969       
# span 1 =   2841.279,   6498.646       
# span 2 =      4.000,   2486.000       
# span 3 =      3.962,   2448.095       
# span 4 =     1.8978,     7.0782       
# span 5 =     1.8978,     7.0775       
# span 6 =  31.646807,  35.253772       
# span 7 =  31.647221,  35.255469       
# span 8 =     1.8768,     2.8261       
# span 9 =   59.84089,   59.84692       
# span 10 =  -40.69738,  -40.69258      
# span 11 =     4.9560,     4.9570      
# span 12 =         21,        123      
# span 13 = 0.0000e+00, 0.0000e+00      
# interval = decibars: 2                
# start_time = Jun 29 2022 18:39:20 [NMEA time, first data scan]
# bad_flag = -9.990e-29
*END*
[from data line 620]
     110562   4606.729   1246.000   1230.582     3.4454     3.4462  32.510196  32.511923     2.1682   59.84380  -40.69517     4.9560         45 0.0000e+00
     110608   4608.630   1244.000   1228.613     3.4434     3.4445  32.506891  32.509489     2.1693   59.84380  -40.69518     4.9560         49 0.0000e+00
     110676   4611.449   1242.000   1226.643     3.4412     3.4410  32.503928  32.504980     2.1707   59.84379  -40.69516     4.9560         67 0.0000e+00
     110718   4613.216   1240.000   1224.674     3.4371     3.4367  32.498323  32.499555     2.1722   59.84378  -40.69517     4.9560         32 0.0000e+00
     110751   4614.603   1238.000   1222.704     3.4345     3.4348  32.494997  32.496524     2.1726   59.84378  -40.69518     4.9560         39 0.0000e+00
     110808   4616.938   1236.000   1220.735     3.4348     3.4345  32.493903  32.495290     2.1728   59.84377  -40.69518     4.9560         68 0.0000e+00
     110863   4619.251   1234.000   1218.765     3.4356     3.4354  32.494421  32.495066     2.1727   59.84376  -40.69518     4.9560         43 0.0000e+00
     110902   4620.855   1232.000   1216.796     3.4351     3.4350  32.493025  32.493846     2.1730   59.84376  -40.69518     4.9560         37 0.0000e+00
     110948   4622.804   1230.000   1214.826     3.4347     3.4343  32.491819  32.492349     2.1738   59.84376  -40.69518     4.9560         62 0.0000e+00
     111004   4625.132   1228.000   1212.857     3.4342     3.4344  32.490349  32.491305     2.1745   59.84374  -40.69518     4.9560         38 0.0000e+00
     111035   4626.422   1226.000   1210.887     3.4339     3.4339  32.489169  32.490132     2.1742   59.84374  -40.69520     4.9560         30 0.0000e+00
     111082   4628.374   1224.000   1208.918     3.4341     3.4338  32.488426  32.489235     2.1745   59.84374  -40.69520     4.9560         74 0.0000e+00
     111155   4631.398   1222.000   1206.948     3.4345     3.4343  32.488012  32.488631     2.1750   59.84373  -40.69519     4.9560         50 0.0000e+00
     111192   4632.963   1220.000   1204.978     3.4341     3.4338  32.486565  32.487294     2.1758   59.84372  -40.69519     4.9560         34 0.0000e+00
     111227   4634.398   1218.000   1203.009     3.4324     3.4322  32.484104  32.484978     2.1770   59.84372  -40.69520     4.9560         38 0.0000e+00
     111276   4636.455   1216.000   1201.039     3.4317     3.4315  32.482579  32.483303     2.1780   59.84372  -40.69520     4.9560         59 0.0000e+00
     111329   4638.663   1214.000   1199.069     3.4319     3.4319  32.481900  32.482625     2.1783   59.84372  -40.69522     4.9560         44 0.0000e+00
     111378   4640.704   1212.000   1197.100     3.4323     3.4320  32.481415  32.482164     2.1796   59.84370  -40.69521     4.9560         60 0.0000e+00
     111437   4643.169   1210.000   1195.130     3.4326     3.4323  32.480945  32.481445     2.1805   59.84370  -40.69520     4.9560         45 0.0000e+00
     111472   4644.641   1208.000   1193.160     3.4333     3.4332  32.480685  32.481446     2.1806   59.84370  -40.69520     4.9560         33 0.0000e+00
     111507   4646.103   1206.000   1191.190     3.4331     3.4327  32.479681  32.480164     2.1817   59.84370  -40.69522     4.9560         40 0.0000e+00
     111555   4648.088   1204.000   1189.220     3.4298     3.4300  32.475129  32.476710     2.1827   59.84369  -40.69522     4.9560         59 0.0000e+00
     111625   4650.980   1202.000   1187.251     3.4200     3.4247  32.463434  32.470386     2.1846   59.84369  -40.69522     4.9560         60 0.0000e+00
     111666   4652.700   1200.000   1185.281     3.4101     3.4131  32.452639  32.458033     2.1858   59.84368  -40.69522     4.9560         36 0.0000e+00
     111708   4654.453   1198.000   1183.311     3.4053     3.4078  32.447489  32.451322     2.1869   59.84368  -40.69522     4.9560         52 0.0000e+00
     111760   4656.618   1196.000   1181.341     3.4034     3.4030  32.444270  32.445221     2.1877   59.84368  -40.69524     4.9560         44 0.0000e+00
     111799   4658.239   1194.000   1179.371     3.4015     3.4013  32.441765  32.442612     2.1889   59.84368  -40.69524     4.9560         42 0.0000e+00
     111854   4660.524   1192.000   1177.401     3.4033     3.4032  32.442908  32.443421     2.1901   59.84366  -40.69524     4.9560         59 0.0000e+00
     111900   4662.463   1190.000   1175.431     3.4043     3.4039  32.442476  32.443340     2.1914   59.84366  -40.69524     4.9560         41 0.0000e+00
     111952   4664.616   1188.000   1173.462     3.4023     3.4028  32.439742  32.441390     2.1924   59.84366  -40.69524     4.9560         59 0.0000e+00
     111998   4666.547   1186.000   1171.492     3.4034     3.4031  32.440135  32.440608     2.1932   59.84366  -40.69524     4.9560         33 0.0000e+00
     112032   4667.946   1184.000   1169.522     3.4044     3.4039  32.440109  32.440766     2.1934   59.84366  -40.69525     4.9560         40 0.0000e+00
     112091   4670.397   1182.000   1167.552     3.4055     3.4047  32.440581  32.440671     2.1934   59.84366  -40.69526     4.9560         63 0.0000e+00
     112135   4672.247   1180.000   1165.582     3.4072     3.4072  32.441120  32.442121     2.1937   59.84364  -40.69526     4.9560         41 0.0000e+00
     112198   4674.869   1178.000   1163.612     3.4070     3.4069  32.440318  32.441042     2.1933   59.84364  -40.69526     4.9560         66 0.0000e+00
     112239   4676.564   1176.000   1161.642     3.4166     3.4160  32.450352  32.448453     2.1922   59.84364  -40.69526     4.9560         29 0.0000e+00
     112268   4677.811   1174.000   1159.671     3.4225     3.4227  32.454466  32.455025     2.1913   59.84364  -40.69527     4.9560         35 0.0000e+00
     112334   4680.522   1172.000   1157.701     3.4328     3.4304  32.464864  32.462703     2.1900   59.84364  -40.69528     4.9560         67 0.0000e+00
     112387   4682.732   1170.000   1155.731     3.4388     3.4393  32.470306  32.470203     2.1893   59.84364  -40.69526     4.9560         36 0.0000e+00
     112422   4684.226   1168.000   1153.761     3.4471     3.4449  32.477398  32.475953     2.1892   59.84363  -40.69527     4.9560         37 0.0000e+00
     112462   4685.894   1166.000   1151.791     3.4465     3.4453  32.475468  32.475563     2.1894   59.84362  -40.69529     4.9560         42 0.0000e+00
     112514   4688.028   1164.000   1149.821     3.4453     3.4450  32.473631  32.474568     2.1896   59.84362  -40.69530     4.9560         69 0.0000e+00
     112579   4690.748   1162.000   1147.851     3.4457     3.4448  32.473384  32.472947     2.1896   59.84362  -40.69530     4.9560         44 0.0000e+00
     112614   4692.226   1160.000   1145.880     3.4500     3.4506  32.476557  32.477943     2.1896   59.84362  -40.69530     4.9560         37 0.0000e+00
     112666   4694.357   1158.000   1143.910     3.4511     3.4521  32.476940  32.478897     2.1890   59.84362  -40.69530     4.9560         60 0.0000e+00
     112714   4696.370   1156.000   1141.940     3.4542     3.4543  32.478979  32.480245     2.1890   59.84362  -40.69531     4.9560         36 0.0000e+00
     112755   4698.089   1154.000   1139.970     3.4457     3.4447  32.468568  32.469371     2.1898   59.84362  -40.69532     4.9560         51 0.0000e+00
     112808   4700.287   1152.000   1138.000     3.4379     3.4391  32.460568  32.462940     2.1922   59.84362  -40.69532     4.9560         46 0.0000e+00
     112852   4702.143   1150.000   1136.029     3.4335     3.4328  32.454515  32.455578     2.1947   59.84362  -40.69532     4.9560         53 0.0000e+00
     112911   4704.596   1148.000   1134.059     3.4293     3.4303  32.449399  32.451835     2.1966   59.84362  -40.69532     4.9560         51 0.0000e+00
     112950   4706.188   1146.000   1132.089     3.4282     3.4283  32.447567  32.448631     2.1971   59.84362  -40.69534     4.9560         34 0.0000e+00
     112988   4707.786   1144.000   1130.118     3.4294     3.4303  32.448108  32.449785     2.1974   59.84362  -40.69534     4.9560         49 0.0000e+00
     113048   4710.284   1142.000   1128.148     3.4319     3.4330  32.450065  32.451647     2.1978   59.84360  -40.69534     4.9560         56 0.0000e+00
     113091   4712.071   1140.000   1126.178     3.4343     3.4341  32.451037  32.451957     2.1984   59.84360  -40.69535     4.9560         39 0.0000e+00
     113139   4714.074   1138.000   1124.207     3.4360     3.4354  32.452058  32.452428     2.1975   59.84360  -40.69536     4.9560         63 0.0000e+00
     113202   4716.716   1136.000   1122.236     3.4450     3.4431  32.461325  32.458540     2.1943   59.84360  -40.69534     4.9560         48 0.0000e+00
     113238   4718.225   1134.000   1120.266     3.4630     3.4633  32.479256  32.476859     2.1923   59.84360  -40.69535     4.9560         33 0.0000e+00
     113272   4719.618   1132.000   1118.296     3.4815     3.4807  32.496510  32.495206     2.1908   59.84360  -40.69538     4.9560         36 0.0000e+00
     113332   4722.133   1130.000   1116.325     3.4980     3.4942  32.511978  32.508324     2.1889   59.84360  -40.69537     4.9560         66 0.0000e+00
     113393   4724.653   1128.000   1114.355     3.5058     3.5044  32.518694  32.517610     2.1877   59.84360  -40.69536     4.9560         33 0.0000e+00
     113425   4726.018   1126.000   1112.384     3.5087     3.5078  32.520375  32.520170     2.1872   59.84360  -40.69538     4.9560         36 0.0000e+00
     113469   4727.835   1124.000   1110.414     3.5094     3.5087  32.520055  32.520396     2.1865   59.84360  -40.69540     4.9560         50 0.0000e+00
     113517   4729.823   1122.000   1108.443     3.5111     3.5107  32.520880  32.521393     2.1865   59.84360  -40.69540     4.9560         44 0.0000e+00
     113569   4731.988   1120.000   1106.473     3.5100     3.5100  32.518726  32.519799     2.1867   59.84360  -40.69540     4.9560         67 0.0000e+00
     113631   4734.572   1118.000   1104.502     3.5125     3.5122  32.520390  32.520507     2.1862   59.84360  -40.69540     4.9560         43 0.0000e+00
     113665   4736.016   1116.000   1102.531     3.5161     3.5180  32.523362  32.525379     2.1865   59.84360  -40.69541     4.9560         34 0.0000e+00
     113710   4737.858   1114.000   1100.561     3.5197     3.5197  32.525779  32.526748     2.1868   59.84359  -40.69543     4.9560         60 0.0000e+00
     113770   4740.365   1112.000   1098.590     3.5188     3.5188  32.523840  32.524946     2.1869   59.84358  -40.69543     4.9560         50 0.0000e+00
     113814   4742.194   1110.000   1096.620     3.5242     3.5256  32.529255  32.530137     2.1865   59.84358  -40.69543     4.9560         41 0.0000e+00
     113854   4743.879   1108.000   1094.649     3.5326     3.5327  32.536690  32.536766     2.1856   59.84358  -40.69544     4.9560         42 0.0000e+00
     113899   4745.759   1106.000   1092.678     3.5382     3.5389  32.541102  32.542257     2.1842   59.84358  -40.69544     4.9560         48 0.0000e+00
     113947   4747.770   1104.000   1090.707     3.5428     3.5436  32.544904  32.546208     2.1839   59.84358  -40.69546     4.9560         48 0.0000e+00
     114001   4749.992   1102.000   1088.737     3.5509     3.5497  32.551555  32.550823     2.1843   59.84358  -40.69546     4.9560         63 0.0000e+00
     114059   4752.419   1100.000   1086.766     3.5555     3.5547  32.555154  32.555176     2.1843   59.84358  -40.69544     4.9560         42 0.0000e+00
     114092   4753.808   1098.000   1084.795     3.5588     3.5586  32.557526  32.557944     2.1842   59.84358  -40.69546     4.9560         31 0.0000e+00
     114131   4755.437   1096.000   1082.824     3.5595     3.5592  32.557155  32.557827     2.1844   59.84357  -40.69547     4.9560         58 0.0000e+00
     114206   4758.529   1094.000   1080.853     3.5603     3.5604  32.556872  32.558002     2.1854   59.84357  -40.69548     4.9560         61 0.0000e+00
     114245   4760.174   1092.000   1078.883     3.5593     3.5589  32.554692  32.555627     2.1865   59.84356  -40.69548     4.9560         39 0.0000e+00
     114288   4761.942   1090.000   1076.912     3.5582     3.5580  32.552493  32.553348     2.1872   59.84356  -40.69548     4.9560         43 0.0000e+00
     114326   4763.549   1088.000   1074.941     3.5575     3.5574  32.550964  32.551821     2.1876   59.84356  -40.69548     4.9560         35 0.0000e+00
     114370   4765.387   1086.000   1072.970     3.5570     3.5567  32.549521  32.550472     2.1879   59.84356  -40.69550     4.9560         67 0.0000e+00
     114444   4768.467   1084.000   1070.999     3.5566     3.5566  32.548268  32.549119     2.1886   59.84356  -40.69550     4.9560         53 0.0000e+00
     114481   4770.006   1082.000   1069.028     3.5571     3.5570  32.547932  32.548692     2.1891   59.84356  -40.69549     4.9560         35 0.0000e+00
     114517   4771.512   1080.000   1067.058     3.5564     3.5556  32.545917  32.546400     2.1900   59.84356  -40.69550     4.9560         40 0.0000e+00
     114568   4773.638   1078.000   1065.086     3.5546     3.5533  32.543142  32.543036     2.1917   59.84354  -40.69552     4.9560         58 0.0000e+00
     114618   4775.721   1076.000   1063.115     3.5503     3.5500  32.537224  32.538752     2.1933   59.84354  -40.69552     4.9560         40 0.0000e+00
     114658   4777.379   1074.000   1061.144     3.5465     3.5467  32.532612  32.534320     2.1937   59.84354  -40.69552     4.9560         48 0.0000e+00
     114737   4780.654   1072.000   1059.173     3.5447     3.5445  32.530096  32.530790     2.1943   59.84354  -40.69551     4.9560         50 0.0000e+00
     114769   4781.994   1070.000   1057.202     3.5462     3.5470  32.530679  32.532002     2.1937   59.84354  -40.69552     4.9560         25 0.0000e+00
     114794   4783.027   1068.000   1055.231     3.5498     3.5494  32.533356  32.533510     2.1937   59.84354  -40.69553     4.9560         26 0.0000e+00
     114842   4785.050   1066.000   1053.260     3.5506     3.5504  32.533205  32.533912     2.1946   59.84354  -40.69555     4.9560         62 0.0000e+00
     114918   4788.221   1064.000   1051.289     3.5513     3.5514  32.532782  32.533863     2.1953   59.84354  -40.69552     4.9560         64 0.0000e+00
     114969   4790.341   1062.000   1049.318     3.5545     3.5549  32.535146  32.536039     2.1953   59.84354  -40.69553     4.9560         33 0.0000e+00
     114997   4791.487   1060.000   1047.347     3.5564     3.5566  32.535924  32.536714     2.1954   59.84354  -40.69554     4.9560         26 0.0000e+00
     115023   4792.599   1058.000   1045.376     3.5582     3.5582  32.536642  32.537453     2.1957   59.84354  -40.69556     4.9560         29 0.0000e+00
     115088   4795.302   1056.000   1043.405     3.5587     3.5584  32.536200  32.536947     2.1964   59.84353  -40.69556     4.9560         63 0.0000e+00
     115166   4798.543   1054.000   1041.433     3.5595     3.5598  32.536128  32.537117     2.1977   59.84354  -40.69554     4.9560         35 0.0000e+00
     115196   4799.812   1052.000   1039.462     3.5613     3.5618  32.536923  32.538024     2.1973   59.84353  -40.69554     4.9560         30 0.0000e+00
     115228   4801.115   1050.000   1037.491     3.5627     3.5628  32.537268  32.538088     2.1978   59.84352  -40.69555     4.9560         33 0.0000e+00
     115266   4802.700   1048.000   1035.520     3.5632     3.5631  32.536823  32.537674     2.1987   59.84352  -40.69558     4.9560         45 0.0000e+00
     115329   4805.336   1046.000   1033.549     3.5638     3.5636  32.536444  32.537320     2.1993   59.84352  -40.69557     4.9560         85 0.0000e+00
     115398   4808.212   1044.000   1031.577     3.5656     3.5655  32.537562  32.537831     2.1990   59.84352  -40.69554     4.9560         39 0.0000e+00
