Example_Files/SBE_Processing_Files/Processed_SBE_cast_files/upcasts/uar69-01_020.cnv
* Sea-Bird SBE 9 Data File:
* FileName = D:\data\ar69-01_020.hex
* Software Version Seasave V 7.26.7.107
* Temperature SN = 4491
* Conductivity SN = 3009
* Number of Bytes Per Scan = 44
* Number of Voltage Words = 5
* Number of Scans Averaged by the Deck Unit = 1
* NMEA Latitude = 59 52.54 N
* NMEA Longitude = 039 36.97 W
* NMEA UTC (Time) = Jul 06 2022  17:11:20
** Cruise ID: AR69-01
** Chief Sci:
** Station #: 020
** Site ID: OSNAP cal dip
# nquan = 14
# nvalues = 1318                        
# units = specified
# name 0 = scan: Scan Count
# name 1 = timeS: Time, Elapsed [seconds]
# name 2 = prDM: Pressure, Digiquartz [db]
# name 3 = depSM: Depth [salt water, m]
# name 4 = t090C: Temperature [ITS-90, deg C]
# name 5 = t190C: Temperature, 2 [ITS-90, deg C]
# name 6 = c0mS/cm: Conductivity [mS/cm]
# name 7 = c1mS/cm: Conductivity, 2 [mS/cm]
# name 8 = sbeox0V: Oxygen raw, SBE 43 [V]
# name 9 = latitude: Latitude [deg]
# name 10 = longitude: Longitude [deg]
# name 11 = v7: Voltage 7
# name 12 = nbin: number of scans per bin
# name 13 = flag: flag
# span 0 =      80764,     196164       
# span 1 =   3365.128,   8173.459       
# span 2 =      4.000,   2638.000       
# span 3 =      3.962,   2596.854       
# span 4 =     1.8298,     7.6495       
# span 5 =     1.8305,     7.6507       
# span 6 =  31.649387,  35.648609       
# span 7 =  31.650307,  35.651650       
# span 8 =     1.8437,     2.8446       
# span 9 =   59.87562,   59.87566       
# span 10 =  -39.61607,  -39.61602      
# span 11 =     4.9560,     4.9563      
# span 12 =         22,        135      
# span 13 = 0.0000e+00, 0.0000e+00      
# interval = decibars: 2                
# start_time = Jul 06 2022 17:11:20 [NMEA time, first data scan]
# bad_flag = -9.990e-29
*END*
[from data line 207]
     124590   5191.201   2224.000   2191.422     2.8488     2.8490  32.422244  32.422772     1.8797   59.87564  -39.61604     4.9560         35 0.0000e+00
     124630   5192.883   2222.000   2189.461     2.8516     2.8515  32.424097  32.424384     1.8801   59.87565  -39.61604     4.9560         50 0.0000e+00
     124686   5195.221   2220.000   2187.501     2.8524     2.8525  32.424105  32.424742     1.8807   59.87565  -39.61604     4.9560         52 0.0000e+00
     124730   5197.058   2218.000   2185.541     2.8551     2.8566  32.425927  32.427428     1.8810   59.87564  -39.61604     4.9560         43 0.0000e+00
     124778   5199.031   2216.000   2183.580     2.8568     2.8575  32.426492  32.427487     1.8810   59.87564  -39.61604     4.9560         52 0.0000e+00
     124830   5201.219   2214.000   2181.619     2.8588     2.8598  32.427323  32.428278     1.8814   59.87564  -39.61604     4.9560         50 0.0000e+00
     124876   5203.129   2212.000   2179.659     2.8653     2.8657  32.432451  32.433187     1.8819   59.87564  -39.61604     4.9560         43 0.0000e+00
     124920   5204.970   2210.000   2177.698     2.8657     2.8653  32.432033  32.432094     1.8819   59.87565  -39.61604     4.9560         46 0.0000e+00
     124968   5206.938   2208.000   2175.738     2.8643     2.8641  32.429672  32.429826     1.8829   59.87566  -39.61604     4.9560         48 0.0000e+00
     125020   5209.141   2206.000   2173.777     2.8637     2.8637  32.427895  32.428379     1.8830   59.87566  -39.61604     4.9560         58 0.0000e+00
     125074   5211.386   2204.000   2171.816     2.8653     2.8662  32.428271  32.429522     1.8834   59.87564  -39.61604     4.9560         43 0.0000e+00
     125111   5212.922   2202.000   2169.856     2.8732     2.8744  32.435090  32.436197     1.8836   59.87565  -39.61604     4.9560         35 0.0000e+00
     125150   5214.553   2200.000   2167.895     2.8744     2.8733  32.435572  32.435126     1.8836   59.87566  -39.61604     4.9560         46 0.0000e+00
     125205   5216.848   2198.000   2165.934     2.8761     2.8769  32.436623  32.437707     1.8844   59.87566  -39.61605     4.9560         62 0.0000e+00
     125262   5219.191   2196.000   2163.974     2.8780     2.8784  32.437331  32.438111     1.8852   59.87566  -39.61604     4.9560         46 0.0000e+00
     125300   5220.783   2194.000   2162.013     2.8803     2.8803  32.438232  32.438720     1.8851   59.87566  -39.61604     4.9560         35 0.0000e+00
     125339   5222.431   2192.000   2160.052     2.8802     2.8803  32.437415  32.437957     1.8859   59.87566  -39.61604     4.9560         48 0.0000e+00
     125401   5224.994   2190.000   2158.091     2.8808     2.8815  32.436884  32.438101     1.8866   59.87566  -39.61606     4.9560         65 0.0000e+00
     125453   5227.161   2188.000   2156.131     2.8847     2.8866  32.439617  32.441607     1.8868   59.87566  -39.61604     4.9560         43 0.0000e+00
     125494   5228.875   2186.000   2154.170     2.8908     2.8910  32.444680  32.445215     1.8869   59.87566  -39.61604     4.9560         41 0.0000e+00
     125535   5230.577   2184.000   2152.209     2.8942     2.8937  32.447332  32.446981     1.8869   59.87566  -39.61604     4.9560         42 0.0000e+00
     125583   5232.585   2182.000   2150.248     2.8947     2.8965  32.447271  32.449266     1.8868   59.87566  -39.61605     4.9560         54 0.0000e+00
     125638   5234.874   2180.000   2148.287     2.8975     2.8992  32.448963  32.450758     1.8872   59.87566  -39.61604     4.9560         52 0.0000e+00
     125685   5236.817   2178.000   2146.327     2.9041     2.9042  32.454585  32.454788     1.8872   59.87566  -39.61604     4.9560         44 0.0000e+00
     125728   5238.614   2176.000   2144.365     2.9064     2.9065  32.455739  32.456315     1.8878   59.87566  -39.61604     4.9560         43 0.0000e+00
     125771   5240.413   2174.000   2142.405     2.9087     2.9083  32.457301  32.457124     1.8883   59.87566  -39.61604     4.9560         44 0.0000e+00
     125822   5242.544   2172.000   2140.444     2.9087     2.9089  32.456463  32.457078     1.8883   59.87566  -39.61605     4.9560         60 0.0000e+00
     125880   5244.977   2170.000   2138.483     2.9096     2.9095  32.456038  32.456581     1.8890   59.87566  -39.61605     4.9560         49 0.0000e+00
     125922   5246.721   2168.000   2136.522     2.9098     2.9105  32.454918  32.455827     1.8897   59.87566  -39.61604     4.9560         39 0.0000e+00
     125962   5248.361   2166.000   2134.561     2.9126     2.9121  32.456686  32.456811     1.8897   59.87566  -39.61604     4.9560         43 0.0000e+00
     126018   5250.702   2164.000   2132.600     2.9142     2.9139  32.457505  32.457843     1.8902   59.87566  -39.61605     4.9560         63 0.0000e+00
     126068   5252.780   2162.000   2130.639     2.9161     2.9167  32.458447  32.459352     1.8904   59.87566  -39.61606     4.9560         38 0.0000e+00
     126104   5254.303   2160.000   2128.678     2.9203     2.9210  32.461588  32.462846     1.8909   59.87566  -39.61606     4.9560         40 0.0000e+00
     126159   5256.566   2158.000   2126.717     2.9225     2.9228  32.463156  32.463834     1.8910   59.87566  -39.61604     4.9560         63 0.0000e+00
     126208   5258.610   2156.000   2124.756     2.9252     2.9253  32.464620  32.464947     1.8910   59.87566  -39.61604     4.9560         37 0.0000e+00
     126245   5260.156   2154.000   2122.795     2.9289     2.9275  32.467361  32.466522     1.8910   59.87566  -39.61606     4.9560         41 0.0000e+00
     126301   5262.509   2152.000   2120.833     2.9310     2.9306  32.468612  32.468752     1.8912   59.87566  -39.61605     4.9560         67 0.0000e+00
     126355   5264.730   2150.000   2118.872     2.9331     2.9327  32.469600  32.469523     1.8918   59.87566  -39.61604     4.9560         40 0.0000e+00
     126393   5266.334   2148.000   2116.911     2.9357     2.9357  32.471229  32.471731     1.8924   59.87566  -39.61604     4.9560         42 0.0000e+00
     126443   5268.411   2146.000   2114.950     2.9361     2.9359  32.470948  32.471240     1.8930   59.87566  -39.61606     4.9560         52 0.0000e+00
     126489   5270.333   2144.000   2112.989     2.9373     2.9370  32.471058  32.471282     1.8930   59.87566  -39.61606     4.9560         44 0.0000e+00
     126542   5272.548   2142.000   2111.028     2.9371     2.9373  32.470093  32.470883     1.8939   59.87566  -39.61604     4.9560         59 0.0000e+00
     126589   5274.516   2140.000   2109.066     2.9386     2.9385  32.470487  32.470650     1.8943   59.87566  -39.61606     4.9560         36 0.0000e+00
     126625   5276.019   2138.000   2107.105     2.9392     2.9394  32.470192  32.470773     1.8946   59.87566  -39.61606     4.9560         40 0.0000e+00
     126677   5278.156   2136.000   2105.144     2.9393     2.9393  32.469352  32.469922     1.8951   59.87566  -39.61606     4.9560         60 0.0000e+00
     126730   5280.374   2134.000   2103.183     2.9395     2.9395  32.468487  32.468877     1.8959   59.87566  -39.61604     4.9560         45 0.0000e+00
     126776   5282.280   2132.000   2101.221     2.9395     2.9397  32.467517  32.468198     1.8959   59.87566  -39.61605     4.9560         49 0.0000e+00
     126822   5284.224   2130.000   2099.260     2.9393     2.9394  32.466327  32.466961     1.8964   59.87566  -39.61606     4.9560         43 0.0000e+00
     126866   5286.051   2128.000   2097.299     2.9389     2.9389  32.464911  32.465496     1.8969   59.87566  -39.61606     4.9560         47 0.0000e+00
     126919   5288.241   2126.000   2095.337     2.9387     2.9385  32.463978  32.464395     1.8980   59.87566  -39.61606     4.9560         58 0.0000e+00
     126972   5290.467   2124.000   2093.376     2.9392     2.9392  32.463436  32.463759     1.8981   59.87566  -39.61605     4.9560         44 0.0000e+00
     127010   5292.046   2122.000   2091.415     2.9446     2.9452  32.467866  32.468274     1.8983   59.87566  -39.61604     4.9560         36 0.0000e+00
     127055   5293.909   2120.000   2089.453     2.9477     2.9461  32.470120  32.469239     1.8985   59.87566  -39.61606     4.9560         56 0.0000e+00
     127109   5296.179   2118.000   2087.492     2.9488     2.9485  32.470339  32.470555     1.8988   59.87566  -39.61606     4.9560         46 0.0000e+00
     127152   5297.969   2116.000   2085.530     2.9514     2.9514  32.471903  32.472444     1.8989   59.87566  -39.61604     4.9560         44 0.0000e+00
     127201   5300.013   2114.000   2083.569     2.9511     2.9513  32.470884  32.471652     1.8995   59.87566  -39.61604     4.9560         53 0.0000e+00
     127249   5302.004   2112.000   2081.607     2.9517     2.9519  32.470543  32.471183     1.9004   59.87566  -39.61606     4.9560         42 0.0000e+00
     127291   5303.759   2110.000   2079.646     2.9517     2.9517  32.469631  32.470116     1.9007   59.87566  -39.61605     4.9560         46 0.0000e+00
     127345   5305.993   2108.000   2077.685     2.9514     2.9511  32.468468  32.468802     1.9009   59.87566  -39.61604     4.9560         59 0.0000e+00
     127397   5308.181   2106.000   2075.723     2.9511     2.9509  32.466666  32.467027     1.9011   59.87564  -39.61604     4.9560         44 0.0000e+00
     127438   5309.881   2104.000   2073.761     2.9522     2.9524  32.466239  32.466887     1.9016   59.87565  -39.61604     4.9560         41 0.0000e+00
     127488   5311.945   2102.000   2071.800     2.9525     2.9520  32.465656  32.466002     1.9025   59.87566  -39.61605     4.9560         56 0.0000e+00
     127536   5313.974   2100.000   2069.838     2.9539     2.9536  32.465654  32.466026     1.9029   59.87564  -39.61605     4.9560         39 0.0000e+00
     127574   5315.558   2098.000   2067.877     2.9545     2.9545  32.465216  32.465833     1.9034   59.87564  -39.61604     4.9560         42 0.0000e+00
     127625   5317.670   2096.000   2065.915     2.9544     2.9544  32.464382  32.464983     1.9044   59.87565  -39.61604     4.9560         56 0.0000e+00
     127677   5319.821   2094.000   2063.953     2.9574     2.9562  32.465839  32.465177     1.9049   59.87564  -39.61604     4.9560         48 0.0000e+00
     127723   5321.757   2092.000   2061.992     2.9609     2.9616  32.468214  32.469064     1.9055   59.87564  -39.61604     4.9560         45 0.0000e+00
     127767   5323.588   2090.000   2060.030     2.9662     2.9652  32.472506  32.471868     1.9059   59.87564  -39.61604     4.9560         43 0.0000e+00
     127814   5325.557   2088.000   2058.068     2.9681     2.9693  32.473424  32.475029     1.9064   59.87564  -39.61604     4.9560         55 0.0000e+00
     127872   5327.946   2086.000   2056.107     2.9719     2.9690  32.476152  32.474275     1.9069   59.87564  -39.61604     4.9560         52 0.0000e+00
     127915   5329.744   2084.000   2054.145     2.9759     2.9756  32.479387  32.479497     1.9072   59.87564  -39.61604     4.9560         39 0.0000e+00
     127955   5331.403   2082.000   2052.183     2.9772     2.9767  32.479743  32.479838     1.9073   59.87564  -39.61604     4.9560         43 0.0000e+00
     128005   5333.521   2080.000   2050.221     2.9780     2.9771  32.479947  32.479653     1.9075   59.87564  -39.61604     4.9560         56 0.0000e+00
     128057   5335.656   2078.000   2048.260     2.9834     2.9805  32.483982  32.481695     1.9081   59.87564  -39.61604     4.9560         46 0.0000e+00
     128103   5337.577   2076.000   2046.298     2.9866     2.9878  32.486303  32.487654     1.9083   59.87564  -39.61604     4.9560         45 0.0000e+00
     128146   5339.385   2074.000   2044.336     2.9908     2.9901  32.489565  32.489277     1.9083   59.87564  -39.61604     4.9560         44 0.0000e+00
     128192   5341.292   2072.000   2042.374     2.9917     2.9919  32.489514  32.490180     1.9083   59.87564  -39.61604     4.9560         48 0.0000e+00
     128242   5343.369   2070.000   2040.412     2.9928     2.9925  32.489711  32.489939     1.9086   59.87564  -39.61604     4.9560         52 0.0000e+00
     128298   5345.711   2068.000   2038.451     2.9947     2.9947  32.490701  32.491199     1.9090   59.87564  -39.61604     4.9560         54 0.0000e+00
     128343   5347.595   2066.000   2036.489     2.9972     2.9973  32.492159  32.492587     1.9092   59.87564  -39.61604     4.9560         38 0.0000e+00
     128380   5349.145   2064.000   2034.527     2.9975     2.9976  32.491554  32.492074     1.9095   59.87564  -39.61604     4.9560         41 0.0000e+00
     128436   5351.449   2062.000   2032.565     2.9971     2.9972  32.490219  32.490965     1.9104   59.87564  -39.61604     4.9560         64 0.0000e+00
     128486   5353.557   2060.000   2030.603     2.9974     2.9973  32.489332  32.489816     1.9111   59.87564  -39.61604     4.9560         38 0.0000e+00
     128523   5355.077   2058.000   2028.641     2.9980     2.9981  32.488766  32.489370     1.9112   59.87564  -39.61604     4.9560         38 0.0000e+00
     128570   5357.024   2056.000   2026.679     2.9986     2.9982  32.488641  32.488802     1.9123   59.87564  -39.61604     4.9560         59 0.0000e+00
     128631   5359.599   2054.000   2024.717     3.0001     2.9992  32.489039  32.488902     1.9132   59.87564  -39.61604     4.9560         52 0.0000e+00
     128673   5361.328   2052.000   2022.755     3.0044     3.0040  32.492340  32.492094     1.9132   59.87564  -39.61604     4.9560         38 0.0000e+00
     128713   5362.981   2050.000   2020.793     3.0059     3.0055  32.492899  32.493001     1.9133   59.87564  -39.61604     4.9560         44 0.0000e+00
     128759   5364.924   2048.000   2018.831     3.0048     3.0047  32.490792  32.491527     1.9138   59.87564  -39.61604     4.9560         47 0.0000e+00
     128813   5367.174   2046.000   2016.869     3.0040     3.0042  32.489067  32.490123     1.9147   59.87564  -39.61604     4.9560         69 0.0000e+00
     128878   5369.860   2044.000   2014.907     3.0039     3.0037  32.488038  32.488334     1.9157   59.87564  -39.61604     4.9560         43 0.0000e+00
     128911   5371.231   2042.000   2012.945     3.0080     3.0074  32.490980  32.490705     1.9160   59.87564  -39.61604     4.9560         32 0.0000e+00
     128945   5372.681   2040.000   2010.983     3.0100     3.0098  32.492098  32.492248     1.9165   59.87564  -39.61604     4.9560         41 0.0000e+00
     129000   5374.960   2038.000   2009.020     3.0123     3.0121  32.493744  32.494174     1.9165   59.87564  -39.61604     4.9560         63 0.0000e+00
     129052   5377.144   2036.000   2007.058     3.0160     3.0143  32.496178  32.494878     1.9166   59.87564  -39.61604     4.9560         42 0.0000e+00
     129094   5378.887   2034.000   2005.096     3.0197     3.0198  32.499006  32.499270     1.9167   59.87564  -39.61604     4.9560         44 0.0000e+00
     129144   5380.972   2032.000   2003.134     3.0212     3.0202  32.499361  32.499291     1.9169   59.87564  -39.61604     4.9560         60 0.0000e+00
     129244   5385.106   2030.000   2001.172     3.0243     3.0240  32.501595  32.501948     1.9166   59.87564  -39.61604     4.9560        135 0.0000e+00
     132240   5509.967   2028.000   1999.210     3.0273     3.0262  32.503221  32.502931     1.9167   59.87564  -39.61604     4.9560        104 0.0000e+00
     145082   6045.061   2026.000   1997.247     3.0288     3.0290  32.503152  32.503928     1.9192   59.87566  -39.61605     4.9560         61 0.0000e+00
     145112   6046.278   2024.000   1995.285     3.0292     3.0291  32.502679  32.503082     1.9196   59.87566  -39.61606     4.9560         46 0.0000e+00
     145163   6048.410   2022.000   1993.323     3.0298     3.0294  32.502410  32.502701     1.9198   59.87566  -39.61606     4.9560         59 0.0000e+00
