Example_Files/SBE_Processing_Files/Processed_SBE_cast_files/upcasts/uar69-01_006.cnv
* Sea-Bird SBE 9 Data File:
* FileName = D:\data\ar69-01_006.hex
* Software Version Seasave V 7.26.7.107
* Temperature SN = 4491
* Conductivity SN = 3009
* Number of Bytes Per Scan = 44
* Number of Voltage Words = 5
* Number of Scans Averaged by the Deck Unit = 1
* NMEA Latitude = 53 37.21 N
* NMEA Longitude = 045 39.53 W
* NMEA UTC (Time) = Jun 26 2022  10:51:22
** Cruise ID: AR69-01
** Chief Sci:
** Station #: 006
** Site ID: Transit - acoustic release test
# nquan = 14
# nvalues = 1522                        
# units = specified
# name 0 = scan: Scan Count
# name 1 = timeS: Time, Elapsed [seconds]
# name 2 = prDM: Pressure, Digiquartz [db]
# name 3 = depSM: Depth [salt water, m]
# name 4 = t090C: Temperature [ITS-90, deg C]
# name 5 = t190C: Temperature, 2 [ITS-90, deg C]
# name 6 = c0mS/cm: Conductivity [mS/cm]
# name 7 = c1mS/cm: Conductivity, 2 [mS/cm]
# name 8 = sbeox0V: Oxygen raw, SBE 43 [V]
# name 9 = latitude: Latitude [deg]
# name 10 = longitude: Longitude [deg]
# name 11 = v7: Voltage 7
# name 12 = nbin: number of scans per bin
# name 13 = flag: flag
# span 0 =      93291,     183018       
# span 1 =   3887.103,   7625.720       
# span 2 =      6.000,   3048.000       
# span 3 =      5.946,   2999.203       
# span 4 =     2.6749,     9.1560       
# span 5 =     2.6750,     9.1426       
# span 6 =  32.415702,  36.907018       
# span 7 =  32.420019,  36.895557       
# span 8 =     1.7254,     2.9034       
# span 9 =   53.62024,   53.62268       
# span 10 =  -45.65878,  -45.65610      
# span 11 =     4.9560,     4.9567      
# span 12 =         24,        122      
# span 13 = 0.0000e+00, 0.0000e+00      
# interval = decibars: 2                
# start_time = Jun 26 2022 10:51:22 [NMEA time, first data scan]
# bad_flag = -9.990e-29
*END*
[from data line 620]
     137514   5729.716   1808.000   1784.196     3.4695     3.4691  32.790714  32.791828     1.9945   53.62160  -45.65708     4.9560         81 0.0000e+00
     137579   5732.397   1806.000   1782.231     3.4697     3.4695  32.789798  32.791018     1.9961   53.62160  -45.65708     4.9560         42 0.0000e+00
     137613   5733.850   1804.000   1780.266     3.4683     3.4681  32.787131  32.788662     1.9968   53.62160  -45.65708     4.9560         32 0.0000e+00
     137646   5735.211   1802.000   1778.300     3.4668     3.4666  32.784637  32.785858     1.9975   53.62160  -45.65708     4.9560         35 0.0000e+00
     137704   5737.620   1800.000   1776.335     3.4661     3.4659  32.783020  32.784311     1.9984   53.62162  -45.65706     4.9560         81 0.0000e+00
     137764   5740.128   1798.000   1774.370     3.4667     3.4666  32.782580  32.783777     1.9990   53.62160  -45.65708     4.9560         33 0.0000e+00
     137793   5741.339   1796.000   1772.404     3.4685     3.4681  32.783169  32.784231     1.9995   53.62160  -45.65708     4.9560         30 0.0000e+00
     137836   5743.111   1794.000   1770.439     3.4684     3.4680  32.782310  32.783434     2.0006   53.62161  -45.65706     4.9560         62 0.0000e+00
     137911   5746.261   1792.000   1768.474     3.4687     3.4684  32.781564  32.782712     2.0021   53.62162  -45.65706     4.9560         47 0.0000e+00
     137945   5747.678   1790.000   1766.508     3.4692     3.4689  32.781050  32.782211     2.0026   53.62161  -45.65706     4.9560         37 0.0000e+00
     137986   5749.377   1788.000   1764.543     3.4698     3.4696  32.780729  32.781842     2.0031   53.62160  -45.65706     4.9560         43 0.0000e+00
     138030   5751.200   1786.000   1762.577     3.4705     3.4702  32.780295  32.781467     2.0036   53.62162  -45.65706     4.9560         46 0.0000e+00
     138089   5753.649   1784.000   1760.612     3.4704     3.4701  32.779258  32.780482     2.0043   53.62162  -45.65705     4.9560         65 0.0000e+00
     138137   5755.662   1782.000   1758.646     3.4696     3.4695  32.777188  32.778682     2.0051   53.62162  -45.65706     4.9560         35 0.0000e+00
     138169   5757.011   1780.000   1756.681     3.4671     3.4672  32.773378  32.775190     2.0060   53.62162  -45.65706     4.9560         33 0.0000e+00
     138214   5758.860   1778.000   1754.715     3.4664     3.4662  32.771896  32.773320     2.0071   53.62162  -45.65705     4.9560         65 0.0000e+00
     138289   5761.994   1776.000   1752.750     3.4660     3.4658  32.770516  32.771740     2.0088   53.62162  -45.65704     4.9560         56 0.0000e+00
     138325   5763.483   1774.000   1750.784     3.4660     3.4658  32.769674  32.770961     2.0094   53.62162  -45.65704     4.9560         34 0.0000e+00
     138359   5764.913   1772.000   1748.819     3.4661     3.4658  32.768735  32.770049     2.0096   53.62162  -45.65704     4.9560         36 0.0000e+00
     138402   5766.693   1770.000   1746.853     3.4662     3.4657  32.767947  32.769072     2.0105   53.62162  -45.65704     4.9560         53 0.0000e+00
     138473   5769.672   1768.000   1744.887     3.4664     3.4663  32.767194  32.768497     2.0118   53.62164  -45.65704     4.9560         73 0.0000e+00
     138521   5771.679   1766.000   1742.921     3.4670     3.4666  32.766610  32.767726     2.0125   53.62164  -45.65704     4.9560         34 0.0000e+00
     138554   5773.035   1764.000   1740.956     3.4671     3.4668  32.765760  32.767008     2.0129   53.62164  -45.65704     4.9560         33 0.0000e+00
     138592   5774.626   1762.000   1738.990     3.4672     3.4671  32.764941  32.766206     2.0135   53.62164  -45.65704     4.9560         45 0.0000e+00
     138643   5776.766   1760.000   1737.024     3.4672     3.4669  32.764032  32.765229     2.0139   53.62164  -45.65704     4.9560         56 0.0000e+00
     138698   5779.059   1758.000   1735.059     3.4684     3.4679  32.764284  32.765146     2.0144   53.62164  -45.65704     4.9560         52 0.0000e+00
     138748   5781.143   1756.000   1733.093     3.4693     3.4691  32.764285  32.765429     2.0155   53.62164  -45.65704     4.9560         50 0.0000e+00
     138796   5783.135   1754.000   1731.127     3.4694     3.4691  32.763391  32.764581     2.0163   53.62164  -45.65704     4.9560         42 0.0000e+00
     138832   5784.636   1752.000   1729.161     3.4715     3.4711  32.764458  32.765422     2.0166   53.62164  -45.65704     4.9560         34 0.0000e+00
     138882   5786.723   1750.000   1727.196     3.4756     3.4752  32.767873  32.768880     2.0168   53.62164  -45.65704     4.9560         58 0.0000e+00
     138958   5789.875   1748.000   1725.230     3.4777     3.4767  32.768975  32.769397     2.0172   53.62164  -45.65704     4.9560         35 0.0000e+00
     138985   5790.992   1746.000   1723.264     3.4792     3.4785  32.769334  32.770183     2.0173   53.62164  -45.65704     4.9560         27 0.0000e+00
     139014   5792.198   1744.000   1721.298     3.4798     3.4791  32.769113  32.770076     2.0178   53.62164  -45.65704     4.9560         32 0.0000e+00
     139071   5794.597   1742.000   1719.332     3.4793     3.4793  32.767740  32.769430     2.0187   53.62164  -45.65704     4.9560         85 0.0000e+00
     139140   5797.469   1740.000   1717.367     3.4789     3.4792  32.766351  32.768163     2.0200   53.62165  -45.65704     4.9560         39 0.0000e+00
     139172   5798.798   1738.000   1715.401     3.4783     3.4781  32.764640  32.765912     2.0204   53.62164  -45.65704     4.9560         31 0.0000e+00
     139203   5800.091   1736.000   1713.435     3.4787     3.4783  32.764186  32.765294     2.0203   53.62164  -45.65704     4.9560         33 0.0000e+00
     139257   5802.333   1734.000   1711.469     3.4790     3.4786  32.763702  32.764906     2.0212   53.62166  -45.65704     4.9560         62 0.0000e+00
     139335   5805.567   1732.000   1709.503     3.4801     3.4799  32.763721  32.764906     2.0221   53.62164  -45.65704     4.9560         35 0.0000e+00
     139362   5806.699   1730.000   1707.537     3.4803     3.4800  32.762934  32.764235     2.0227   53.62164  -45.65704     4.9560         28 0.0000e+00
     139394   5808.036   1728.000   1705.571     3.4786     3.4787  32.760251  32.762149     2.0234   53.62166  -45.65704     4.9560         41 0.0000e+00
     139462   5810.881   1726.000   1703.605     3.4775     3.4771  32.758313  32.759442     2.0247   53.62166  -45.65704     4.9560         73 0.0000e+00
     139506   5812.710   1724.000   1701.639     3.4775     3.4774  32.757186  32.758685     2.0256   53.62166  -45.65704     4.9560         34 0.0000e+00
     139543   5814.243   1722.000   1699.673     3.4769     3.4767  32.755713  32.757068     2.0264   53.62166  -45.65704     4.9560         41 0.0000e+00
     139589   5816.153   1720.000   1697.707     3.4763     3.4762  32.754311  32.755631     2.0273   53.62166  -45.65704     4.9560         48 0.0000e+00
     139639   5818.250   1718.000   1695.741     3.4765     3.4760  32.753624  32.754581     2.0278   53.62166  -45.65704     4.9560         56 0.0000e+00
     139698   5820.706   1716.000   1693.774     3.4797     3.4786  32.755707  32.755998     2.0284   53.62166  -45.65703     4.9560         52 0.0000e+00
     139738   5822.390   1714.000   1691.808     3.4809     3.4802  32.755984  32.756775     2.0285   53.62166  -45.65702     4.9560         36 0.0000e+00
     139777   5824.016   1712.000   1689.842     3.4806     3.4802  32.754717  32.756012     2.0289   53.62166  -45.65703     4.9560         45 0.0000e+00
     139828   5826.105   1710.000   1687.876     3.4804     3.4800  32.753635  32.754895     2.0297   53.62166  -45.65704     4.9560         51 0.0000e+00
     139878   5828.208   1708.000   1685.910     3.4807     3.4803  32.753076  32.754155     2.0304   53.62166  -45.65703     4.9560         54 0.0000e+00
     139934   5830.525   1706.000   1683.943     3.4818     3.4815  32.753073  32.754235     2.0312   53.62166  -45.65702     4.9560         49 0.0000e+00
     139974   5832.226   1704.000   1681.977     3.4803     3.4803  32.750517  32.752117     2.0318   53.62166  -45.65703     4.9560         37 0.0000e+00
     140015   5833.937   1702.000   1680.011     3.4797     3.4796  32.748939  32.750475     2.0325   53.62166  -45.65702     4.9560         48 0.0000e+00
     140067   5836.071   1700.000   1678.045     3.4797     3.4794  32.748029  32.749226     2.0335   53.62166  -45.65702     4.9560         50 0.0000e+00
     140113   5838.006   1698.000   1676.079     3.4803     3.4800  32.747589  32.748764     2.0342   53.62166  -45.65702     4.9560         45 0.0000e+00
     140157   5839.821   1696.000   1674.112     3.4808     3.4803  32.746965  32.748013     2.0346   53.62166  -45.65702     4.9560         43 0.0000e+00
     140207   5841.908   1694.000   1672.146     3.4818     3.4811  32.747008  32.747941     2.0355   53.62166  -45.65702     4.9560         58 0.0000e+00
     140260   5844.117   1692.000   1670.180     3.4847     3.4833  32.748803  32.749005     2.0357   53.62166  -45.65702     4.9560         43 0.0000e+00
     140298   5845.727   1690.000   1668.213     3.4866     3.4862  32.749978  32.750858     2.0360   53.62166  -45.65702     4.9560         39 0.0000e+00
     140350   5847.883   1688.000   1666.247     3.4874     3.4871  32.749824  32.751065     2.0369   53.62166  -45.65702     4.9560         66 0.0000e+00
     140409   5850.340   1686.000   1664.281     3.4877     3.4874  32.748937  32.750247     2.0380   53.62166  -45.65702     4.9560         45 0.0000e+00
     140447   5851.926   1684.000   1662.314     3.4879     3.4876  32.747833  32.749105     2.0390   53.62166  -45.65702     4.9560         36 0.0000e+00
     140485   5853.517   1682.000   1660.348     3.4878     3.4874  32.746751  32.748146     2.0398   53.62166  -45.65702     4.9560         43 0.0000e+00
     140537   5855.647   1680.000   1658.381     3.4876     3.4873  32.745743  32.746921     2.0407   53.62166  -45.65702     4.9560         54 0.0000e+00
     140585   5857.658   1678.000   1656.415     3.4877     3.4874  32.744546  32.745834     2.0412   53.62166  -45.65702     4.9560         44 0.0000e+00
     140629   5859.514   1676.000   1654.448     3.4877     3.4874  32.743681  32.744943     2.0419   53.62167  -45.65702     4.9560         48 0.0000e+00
     140684   5861.799   1674.000   1652.482     3.4879     3.4875  32.743025  32.744191     2.0429   53.62168  -45.65701     4.9560         58 0.0000e+00
     140735   5863.930   1672.000   1650.515     3.4880     3.4877  32.742017  32.743345     2.0439   53.62167  -45.65702     4.9560         42 0.0000e+00
     140772   5865.457   1670.000   1648.549     3.4872     3.4870  32.740015  32.741511     2.0447   53.62166  -45.65702     4.9560         34 0.0000e+00
     140810   5867.044   1668.000   1646.582     3.4868     3.4865  32.738763  32.740179     2.0455   53.62167  -45.65702     4.9560         49 0.0000e+00
     140880   5869.949   1666.000   1644.616     3.4865     3.4862  32.737676  32.738946     2.0462   53.62168  -45.65701     4.9560         69 0.0000e+00
     140927   5871.931   1664.000   1642.649     3.4858     3.4857  32.735900  32.737487     2.0469   53.62168  -45.65702     4.9560         42 0.0000e+00
     140970   5873.688   1662.000   1640.683     3.4852     3.4851  32.734291  32.735824     2.0476   53.62168  -45.65701     4.9560         41 0.0000e+00
     141007   5875.255   1660.000   1638.716     3.4843     3.4841  32.732302  32.733714     2.0482   53.62168  -45.65700     4.9560         35 0.0000e+00
     141045   5876.849   1658.000   1636.749     3.4838     3.4836  32.730821  32.732316     2.0493   53.62168  -45.65701     4.9560         45 0.0000e+00
     141107   5879.409   1656.000   1634.783     3.4840     3.4832  32.730153  32.731181     2.0507   53.62168  -45.65702     4.9560         68 0.0000e+00
     141158   5881.561   1654.000   1632.816     3.4845     3.4840  32.729615  32.730691     2.0511   53.62168  -45.65700     4.9560         42 0.0000e+00
     141203   5883.431   1652.000   1630.849     3.4845     3.4839  32.728726  32.729909     2.0517   53.62168  -45.65700     4.9560         50 0.0000e+00
     141254   5885.531   1650.000   1628.883     3.4847     3.4841  32.728052  32.729070     2.0525   53.62168  -45.65700     4.9560         46 0.0000e+00
     141293   5887.180   1648.000   1626.916     3.4854     3.4851  32.727820  32.729003     2.0529   53.62168  -45.65701     4.9560         35 0.0000e+00
     141331   5888.765   1646.000   1624.949     3.4858     3.4853  32.727417  32.728479     2.0533   53.62168  -45.65700     4.9560         46 0.0000e+00
     141402   5891.708   1644.000   1622.982     3.4858     3.4852  32.726595  32.727657     2.0545   53.62168  -45.65700     4.9560         75 0.0000e+00
     141451   5893.754   1642.000   1621.015     3.4861     3.4857  32.725897  32.727101     2.0553   53.62168  -45.65700     4.9560         38 0.0000e+00
     141486   5895.206   1640.000   1619.049     3.4860     3.4857  32.724906  32.726194     2.0557   53.62168  -45.65700     4.9560         33 0.0000e+00
     141520   5896.607   1638.000   1617.082     3.4857     3.4855  32.723712  32.724991     2.0557   53.62168  -45.65700     4.9560         36 0.0000e+00
     141573   5898.831   1636.000   1615.115     3.4858     3.4853  32.722887  32.724040     2.0564   53.62168  -45.65700     4.9560         73 0.0000e+00
     141637   5901.507   1634.000   1613.148     3.4855     3.4853  32.721497  32.722988     2.0574   53.62168  -45.65700     4.9560         46 0.0000e+00
     141676   5903.111   1632.000   1611.181     3.4829     3.4829  32.717680  32.719431     2.0582   53.62168  -45.65699     4.9560         36 0.0000e+00
     141717   5904.822   1630.000   1609.214     3.4821     3.4817  32.715931  32.717282     2.0589   53.62168  -45.65699     4.9560         50 0.0000e+00
     141774   5907.214   1628.000   1607.248     3.4819     3.4816  32.714859  32.716281     2.0601   53.62168  -45.65700     4.9560         56 0.0000e+00
     141820   5909.137   1626.000   1605.281     3.4831     3.4828  32.715128  32.716299     2.0610   53.62168  -45.65698     4.9560         41 0.0000e+00
     141862   5910.877   1624.000   1603.314     3.4832     3.4828  32.714222  32.715499     2.0616   53.62168  -45.65698     4.9560         45 0.0000e+00
     141914   5913.033   1622.000   1601.347     3.4830     3.4825  32.713127  32.714536     2.0627   53.62168  -45.65698     4.9560         54 0.0000e+00
     141959   5914.935   1620.000   1599.380     3.4833     3.4829  32.712399  32.713612     2.0635   53.62168  -45.65698     4.9560         38 0.0000e+00
     142001   5916.657   1618.000   1597.413     3.4831     3.4828  32.711312  32.712570     2.0642   53.62169  -45.65698     4.9560         55 0.0000e+00
     142069   5919.501   1616.000   1595.446     3.4831     3.4829  32.710310  32.711670     2.0649   53.62170  -45.65698     4.9560         56 0.0000e+00
     142105   5920.995   1614.000   1593.479     3.4827     3.4825  32.708799  32.710353     2.0653   53.62168  -45.65698     4.9560         32 0.0000e+00
     142137   5922.349   1612.000   1591.511     3.4828     3.4825  32.708076  32.709349     2.0657   53.62168  -45.65698     4.9560         35 0.0000e+00
     142192   5924.639   1610.000   1589.544     3.4829     3.4823  32.707304  32.708408     2.0667   53.62169  -45.65698     4.9560         84 0.0000e+00
     142265   5927.677   1608.000   1587.577     3.4839     3.4830  32.707178  32.707845     2.0675   53.62170  -45.65697     4.9560         42 0.0000e+00
     142297   5929.016   1606.000   1585.610     3.4911     3.4887  32.713387  32.712204     2.0674   53.62169  -45.65698     4.9560         31 0.0000e+00
