Example_Files/SBE_Processing_Files/Processed_SBE_cast_files/upcasts/uar69-01_009.cnv
* Sea-Bird SBE 9 Data File:
* FileName = D:\data\ar69-01_009.hex
* Software Version Seasave V 7.26.7.107
* Temperature SN = 4491
* Conductivity SN = 3009
* Number of Bytes Per Scan = 44
* Number of Voltage Words = 5
* Number of Scans Averaged by the Deck Unit = 1
* NMEA Latitude = 59 49.00 N
* NMEA Longitude = 039 06.78 W
* NMEA UTC (Time) = Jun 28 2022  17:49:02
** Cruise ID: AR69-01
** Chief Sci:
** Station #: 009
** Site ID: Glider release (acoustic release test)
# nquan = 14
# nvalues = 506                         
# units = specified
# name 0 = scan: Scan Count
# name 1 = timeS: Time, Elapsed [seconds]
# name 2 = prDM: Pressure, Digiquartz [db]
# name 3 = depSM: Depth [salt water, m]
# name 4 = t090C: Temperature [ITS-90, deg C]
# name 5 = t190C: Temperature, 2 [ITS-90, deg C]
# name 6 = c0mS/cm: Conductivity [mS/cm]
# name 7 = c1mS/cm: Conductivity, 2 [mS/cm]
# name 8 = sbeox0V: Oxygen raw, SBE 43 [V]
# name 9 = latitude: Latitude [deg]
# name 10 = longitude: Longitude [deg]
# name 11 = v7: Voltage 7
# name 12 = nbin: number of scans per bin
# name 13 = flag: flag
# span 0 =      61813,     102883       
# span 1 =   2575.491,   4286.769       
# span 2 =      4.000,   1014.000       
# span 3 =      3.962,   1002.008       
# span 4 =     3.3909,     6.8503       
# span 5 =     3.3906,     6.8495       
# span 6 =  32.260945,  34.969408       
# span 7 =  32.262269,  34.970571       
# span 8 =     2.2376,     2.8537       
# span 9 =   59.81660,   59.81662       
# span 10 =  -39.11300,  -39.11296      
# span 11 =     4.9561,     4.9568      
# span 12 =         29,        115      
# span 13 = 0.0000e+00, 0.0000e+00      
# interval = decibars: 2                
# start_time = Jun 28 2022 17:49:02 [NMEA time, first data scan]
# bad_flag = -9.990e-29
*END*
[from data line 310]
      87485   3645.166    394.000    389.919     3.6025     3.6015  32.266099  32.266947     2.4540   59.81661  -39.11298     4.9564         54 0.0000e+00
      87521   3646.687    392.000    387.942     3.6039     3.6032  32.266302  32.267252     2.4548   59.81662  -39.11298     4.9563         29 0.0000e+00
      87550   3647.881    390.000    385.964     3.6051     3.6045  32.266530  32.267566     2.4550   59.81662  -39.11298     4.9563         30 0.0000e+00
      87590   3649.534    388.000    383.987     3.6056     3.6051  32.266213  32.267470     2.4560   59.81662  -39.11298     4.9564         57 0.0000e+00
      87662   3652.561    386.000    382.010     3.6073     3.6060  32.266752  32.267462     2.4567   59.81661  -39.11298     4.9564         64 0.0000e+00
      87707   3654.407    384.000    380.032     3.6084     3.6074  32.266902  32.267526     2.4565   59.81662  -39.11298     4.9563         38 0.0000e+00
      87745   3655.984    382.000    378.055     3.6092     3.6090  32.266778  32.268072     2.4565   59.81662  -39.11298     4.9564         38 0.0000e+00
      87783   3657.599    380.000    376.077     3.6118     3.6112  32.268440  32.269372     2.4573   59.81662  -39.11298     4.9564         41 0.0000e+00
      87839   3659.900    378.000    374.099     3.6125     3.6124  32.268305  32.270026     2.4580   59.81661  -39.11298     4.9565         66 0.0000e+00
      87890   3662.031    376.000    372.122     3.6153     3.6146  32.269914  32.270752     2.4579   59.81662  -39.11298     4.9563         36 0.0000e+00
      87924   3663.463    374.000    370.144     3.6166     3.6158  32.270280  32.271257     2.4573   59.81662  -39.11298     4.9563         39 0.0000e+00
      87981   3665.832    372.000    368.167     3.6176     3.6170  32.270358  32.271483     2.4581   59.81661  -39.11298     4.9564         66 0.0000e+00
      88030   3667.877    370.000    366.189     3.6172     3.6170  32.268767  32.270435     2.4608   59.81661  -39.11298     4.9562         36 0.0000e+00
      88065   3669.348    368.000    364.211     3.6148     3.6151  32.265376  32.267538     2.4615   59.81662  -39.11298     4.9563         38 0.0000e+00
      88113   3671.331    366.000    362.234     3.6150     3.6150  32.264587  32.266408     2.4624   59.81662  -39.11298     4.9564         56 0.0000e+00
      88170   3673.719    364.000    360.256     3.6156     3.6152  32.264121  32.265412     2.4641   59.81660  -39.11298     4.9566         53 0.0000e+00
      88215   3675.579    362.000    358.279     3.6174     3.6164  32.264790  32.265336     2.4652   59.81662  -39.11298     4.9564         37 0.0000e+00
      88250   3677.054    360.000    356.301     3.6181     3.6171  32.264626  32.265354     2.4662   59.81662  -39.11298     4.9564         39 0.0000e+00
      88308   3679.443    358.000    354.323     3.6173     3.6166  32.262729  32.263868     2.4676   59.81662  -39.11298     4.9564         67 0.0000e+00
      88357   3681.512    356.000    352.345     3.6180     3.6173  32.262430  32.263372     2.4679   59.81662  -39.11298     4.9565         35 0.0000e+00
      88391   3682.916    354.000    350.368     3.6176     3.6171  32.260945  32.262269     2.4684   59.81662  -39.11298     4.9564         36 0.0000e+00
      88439   3684.925    352.000    348.390     3.6185     3.6184  32.261051  32.262671     2.4689   59.81662  -39.11298     4.9564         64 0.0000e+00
      88501   3687.514    350.000    346.412     3.6203     3.6191  32.261660  32.262329     2.4673   59.81662  -39.11298     4.9564         50 0.0000e+00
      88543   3689.230    348.000    344.434     3.6273     3.6259  32.267527  32.267301     2.4660   59.81662  -39.11298     4.9564         38 0.0000e+00
      88580   3690.785    346.000    342.456     3.6335     3.6322  32.272629  32.272765     2.4654   59.81662  -39.11298     4.9563         37 0.0000e+00
      88623   3692.597    344.000    340.478     3.6342     3.6341  32.272787  32.274276     2.4656   59.81662  -39.11298     4.9565         56 0.0000e+00
      88688   3695.299    342.000    338.500     3.6357     3.6351  32.273108  32.274504     2.4660   59.81661  -39.11298     4.9565         56 0.0000e+00
      88729   3696.998    340.000    336.522     3.6363     3.6359  32.272727  32.273920     2.4657   59.81661  -39.11298     4.9564         37 0.0000e+00
      88772   3698.788    338.000    334.544     3.6394     3.6385  32.274597  32.275642     2.4645   59.81662  -39.11298     4.9564         50 0.0000e+00
      88819   3700.739    336.000    332.566     3.6442     3.6416  32.278678  32.277479     2.4642   59.81662  -39.11298     4.9564         40 0.0000e+00
      88858   3702.355    334.000    330.589     3.6469     3.6462  32.280348  32.281117     2.4648   59.81662  -39.11298     4.9565         43 0.0000e+00
      88914   3704.715    332.000    328.611     3.6493     3.6481  32.281626  32.282290     2.4646   59.81661  -39.11298     4.9565         64 0.0000e+00
      88966   3706.885    330.000    326.633     3.6519     3.6509  32.283013  32.283632     2.4660   59.81662  -39.11298     4.9565         43 0.0000e+00
      89010   3708.689    328.000    324.654     3.6553     3.6545  32.285379  32.286254     2.4664   59.81662  -39.11298     4.9564         44 0.0000e+00
      89051   3710.422    326.000    322.677     3.6572     3.6562  32.286231  32.286814     2.4664   59.81662  -39.11298     4.9563         39 0.0000e+00
      89092   3712.130    324.000    320.699     3.6586     3.6574  32.286710  32.287198     2.4665   59.81661  -39.11298     4.9565         46 0.0000e+00
      89149   3714.492    322.000    318.720     3.6582     3.6575  32.285228  32.286561     2.4674   59.81661  -39.11298     4.9564         62 0.0000e+00
      89201   3716.656    320.000    316.742     3.6595     3.6589  32.285347  32.286404     2.4683   59.81662  -39.11298     4.9565         42 0.0000e+00
      89240   3718.283    318.000    314.764     3.6610     3.6605  32.285710  32.286909     2.4696   59.81662  -39.11298     4.9564         39 0.0000e+00
      89282   3720.023    316.000    312.786     3.6606     3.6605  32.284486  32.286154     2.4706   59.81660  -39.11298     4.9565         47 0.0000e+00
      89339   3722.421    314.000    310.808     3.6621     3.6612  32.285001  32.285858     2.4712   59.81661  -39.11298     4.9566         61 0.0000e+00
      89392   3724.643    312.000    308.830     3.6645     3.6635  32.285898  32.287022     2.4712   59.81662  -39.11296     4.9562         54 0.0000e+00
      89481   3728.343    310.000    306.851     3.6661     3.6652  32.286758  32.287813     2.4715   59.81661  -39.11298     4.9566         83 0.0000e+00
      89632   3734.638    308.000    304.873     3.6652     3.6648  32.284843  32.286283     2.4722   59.81660  -39.11298     4.9566         87 0.0000e+00
      90208   3758.620    306.000    302.895     3.6640     3.6638  32.282294  32.283979     2.4745   59.81661  -39.11297     4.9563         77 0.0000e+00
      90430   3767.892    304.000    300.917     3.6634     3.6631  32.280706  32.282170     2.4759   59.81660  -39.11298     4.9565         38 0.0000e+00
      90469   3769.495    302.000    298.939     3.6630     3.6626  32.279352  32.280775     2.4766   59.81660  -39.11296     4.9566         41 0.0000e+00
      90513   3771.341    300.000    296.960     3.6651     3.6634  32.280394  32.280494     2.4766   59.81661  -39.11296     4.9565         45 0.0000e+00
      90558   3773.193    298.000    294.982     3.6725     3.6706  32.286381  32.285990     2.4758   59.81662  -39.11296     4.9565         46 0.0000e+00
      90608   3775.306    296.000    293.004     3.6752     3.6770  32.288823  32.291585     2.4752   59.81660  -39.11296     4.9565         54 0.0000e+00
      90659   3777.436    294.000    291.025     3.6874     3.6876  32.299239  32.300562     2.4744   59.81660  -39.11298     4.9564         47 0.0000e+00
      90704   3779.311    292.000    289.047     3.6921     3.6907  32.302974  32.303244     2.4756   59.81660  -39.11296     4.9564         45 0.0000e+00
      90754   3781.362    290.000    287.068     3.6916     3.6912  32.301556  32.302753     2.4756   59.81660  -39.11296     4.9564         50 0.0000e+00
      90797   3783.157    288.000    285.090     3.6932     3.6927  32.302091  32.303290     2.4751   59.81660  -39.11296     4.9565         37 0.0000e+00
      90835   3784.768    286.000    283.112     3.6939     3.6940  32.302003  32.303478     2.4759   59.81660  -39.11296     4.9565         46 0.0000e+00
      90893   3787.181    284.000    281.133     3.6959     3.6950  32.302807  32.303641     2.4757   59.81660  -39.11296     4.9565         62 0.0000e+00
      90946   3789.363    282.000    279.155     3.7002     3.6995  32.305791  32.306551     2.4752   59.81660  -39.11296     4.9567         46 0.0000e+00
      90992   3791.288    280.000    277.176     3.7033     3.7031  32.307879  32.309210     2.4753   59.81660  -39.11296     4.9566         46 0.0000e+00
      91033   3792.999    278.000    275.198     3.7052     3.7046  32.308823  32.309846     2.4758   59.81661  -39.11296     4.9567         37 0.0000e+00
      91072   3794.614    276.000    273.219     3.7068     3.7058  32.309371  32.310018     2.4758   59.81662  -39.11296     4.9564         45 0.0000e+00
      91133   3797.148    274.000    271.241     3.7096     3.7076  32.311064  32.310992     2.4758   59.81660  -39.11296     4.9564         66 0.0000e+00
      91184   3799.304    272.000    269.262     3.7154     3.7138  32.315558  32.315249     2.4759   59.81660  -39.11296     4.9564         42 0.0000e+00
      91223   3800.916    270.000    267.283     3.7195     3.7181  32.318471  32.318679     2.4762   59.81662  -39.11297     4.9565         37 0.0000e+00
      91262   3802.555    268.000    265.305     3.7211     3.7206  32.319092  32.320136     2.4763   59.81662  -39.11296     4.9566         45 0.0000e+00
      91326   3805.215    266.000    263.326     3.7226     3.7216  32.319500  32.320334     2.4768   59.81661  -39.11297     4.9565         72 0.0000e+00
      91377   3807.347    264.000    261.347     3.7231     3.7220  32.318636  32.319394     2.4786   59.81660  -39.11298     4.9565         36 0.0000e+00
      91413   3808.825    262.000    259.369     3.7222     3.7215  32.316679  32.317688     2.4800   59.81661  -39.11298     4.9564         38 0.0000e+00
      91454   3810.556    260.000    257.391     3.7217     3.7212  32.314851  32.316377     2.4815   59.81662  -39.11298     4.9565         45 0.0000e+00
      91506   3812.706    258.000    255.412     3.7214     3.7208  32.313461  32.314898     2.4834   59.81662  -39.11297     4.9566         62 0.0000e+00
      91574   3815.529    256.000    253.433     3.7214     3.7208  32.312390  32.313526     2.4853   59.81660  -39.11298     4.9566         58 0.0000e+00
      91614   3817.228    254.000    251.454     3.7228     3.7222  32.312548  32.313526     2.4858   59.81660  -39.11298     4.9563         32 0.0000e+00
      91644   3818.467    252.000    249.475     3.7237     3.7235  32.312437  32.313822     2.4861   59.81662  -39.11296     4.9565         31 0.0000e+00
      91690   3820.359    250.000    247.497     3.7249     3.7240  32.312721  32.313725     2.4862   59.81662  -39.11297     4.9565         67 0.0000e+00
      91759   3823.244    248.000    245.518     3.7270     3.7253  32.313711  32.313841     2.4871   59.81660  -39.11298     4.9565         55 0.0000e+00
      91803   3825.093    246.000    243.539     3.7327     3.7318  32.317933  32.318307     2.4880   59.81662  -39.11298     4.9565         42 0.0000e+00
      91847   3826.909    244.000    241.561     3.7349     3.7348  32.318894  32.320446     2.4889   59.81662  -39.11298     4.9564         45 0.0000e+00
      91891   3828.744    242.000    239.581     3.7377     3.7373  32.320724  32.321838     2.4888   59.81660  -39.11298     4.9564         43 0.0000e+00
      91936   3830.626    240.000    237.603     3.7409     3.7392  32.322751  32.322563     2.4891   59.81662  -39.11298     4.9565         48 0.0000e+00
      91987   3832.740    238.000    235.624     3.7449     3.7435  32.325581  32.325630     2.4879   59.81662  -39.11298     4.9566         53 0.0000e+00
      92039   3834.913    236.000    233.645     3.7703     3.7609  32.349532  32.340730     2.4862   59.81661  -39.11298     4.9565         50 0.0000e+00
      92086   3836.883    234.000    231.666     3.7897     3.7842  32.367921  32.362523     2.4854   59.81660  -39.11298     4.9565         46 0.0000e+00
      92135   3838.917    232.000    229.687     3.7995     3.7957  32.375995  32.374407     2.4846   59.81662  -39.11298     4.9565         51 0.0000e+00
      92183   3840.896    230.000    227.708     3.8098     3.8078  32.385447  32.384708     2.4844   59.81662  -39.11298     4.9564         43 0.0000e+00
      92225   3842.660    228.000    225.729     3.8143     3.8125  32.388735  32.388483     2.4848   59.81662  -39.11298     4.9564         44 0.0000e+00
      92271   3844.598    226.000    223.750     3.8159     3.8155  32.389234  32.390575     2.4849   59.81662  -39.11298     4.9565         49 0.0000e+00
      92328   3846.950    224.000    221.771     3.8169     3.8168  32.389082  32.390439     2.4865   59.81662  -39.11298     4.9564         63 0.0000e+00
      92384   3849.278    222.000    219.792     3.8229     3.8211  32.393500  32.393222     2.4875   59.81662  -39.11298     4.9564         44 0.0000e+00
      92421   3850.837    220.000    217.813     3.8243     3.8235  32.393841  32.394624     2.4880   59.81662  -39.11298     4.9566         35 0.0000e+00
      92459   3852.423    218.000    215.834     3.8247     3.8242  32.393248  32.394520     2.4885   59.81662  -39.11298     4.9566         45 0.0000e+00
      92515   3854.766    216.000    213.855     3.8254     3.8249  32.392798  32.394118     2.4901   59.81661  -39.11299     4.9565         63 0.0000e+00
      92580   3857.465    214.000    211.876     3.8260     3.8257  32.392036  32.393360     2.4922   59.81661  -39.11299     4.9564         70 0.0000e+00
      92657   3860.665    212.000    209.897     3.8296     3.8279  32.394008  32.394292     2.4937   59.81662  -39.11298     4.9565         84 0.0000e+00
      92747   3864.407    210.000    207.917     3.8353     3.8338  32.398022  32.398417     2.4954   59.81661  -39.11298     4.9564         93 0.0000e+00
      92878   3869.886    208.000    205.938     3.8383     3.8385  32.399826  32.401558     2.4969   59.81661  -39.11299     4.9565         99 0.0000e+00
      93294   3887.190    206.000    203.959     3.8421     3.8416  32.402347  32.403522     2.4972   59.81661  -39.11298     4.9565         65 0.0000e+00
      93832   3909.634    204.000    201.980     3.8460     3.8450  32.404932  32.405634     2.4995   59.81661  -39.11298     4.9565         55 0.0000e+00
      93907   3912.754    202.000    200.000     3.8467     3.8455  32.404569  32.405299     2.5010   59.81660  -39.11298     4.9565         60 0.0000e+00
      93955   3914.743    200.000    198.021     3.8473     3.8466  32.404140  32.405216     2.5022   59.81660  -39.11298     4.9565         39 0.0000e+00
      93991   3916.266    198.000    196.042     3.8484     3.8477  32.404157  32.405168     2.5033   59.81660  -39.11298     4.9565         36 0.0000e+00
      94036   3918.142    196.000    194.063     3.8482     3.8475  32.402931  32.404101     2.5056   59.81662  -39.11298     4.9565         58 0.0000e+00
      94098   3920.724    194.000    192.083     3.8490     3.8482  32.402198  32.403407     2.5085   59.81660  -39.11298     4.9565         52 0.0000e+00
      94140   3922.449    192.000    190.104     3.8526     3.8522  32.404090  32.405198     2.5095   59.81660  -39.11298     4.9565         39 0.0000e+00
