Example_Files/SBE_Processing_Files/Processed_SBE_cast_files/upcasts/uar69-01_017.cnv
* Sea-Bird SBE 9 Data File:
* FileName = D:\data\ar69-01_017.hex
* Software Version Seasave V 7.26.7.107
* Temperature SN = 4491
* Conductivity SN = 3009
* Number of Bytes Per Scan = 44
* Number of Voltage Words = 5
* Number of Scans Averaged by the Deck Unit = 1
* NMEA Latitude = 59 54.25 N
* NMEA Longitude = 041 05.54 W
* NMEA UTC (Time) = Jul 05 2022  07:22:52
** Cruise ID: AR69-01
** Chief Sci:
** Station #: 017
** Site ID: M1 OSNAP acoustic releases
# nquan = 14
# nvalues = 1056                        
# units = specified
# name 0 = scan: Scan Count
# name 1 = timeS: Time, Elapsed [seconds]
# name 2 = prDM: Pressure, Digiquartz [db]
# name 3 = depSM: Depth [salt water, m]
# name 4 = t090C: Temperature [ITS-90, deg C]
# name 5 = t190C: Temperature, 2 [ITS-90, deg C]
# name 6 = c0mS/cm: Conductivity [mS/cm]
# name 7 = c1mS/cm: Conductivity, 2 [mS/cm]
# name 8 = sbeox0V: Oxygen raw, SBE 43 [V]
# name 9 = latitude: Latitude [deg]
# name 10 = longitude: Longitude [deg]
# name 11 = v7: Voltage 7
# name 12 = nbin: number of scans per bin
# name 13 = flag: flag
# span 0 =      69100,     152323       
# span 1 =   2879.117,   6346.752       
# span 2 =      2.000,   2112.000       
# span 3 =      1.981,   2081.603       
# span 4 =     1.7870,     8.1642       
# span 5 =     1.7863,     8.1659       
# span 6 =  31.402889,  36.231700       
# span 7 =  31.402747,  36.234424       
# span 8 =     1.9576,     2.8213       
# span 9 =   59.90412,   59.90414       
# span 10 =  -41.09234,  -41.09230      
# span 11 =     4.9560,     4.9573      
# span 12 =         22,        121      
# span 13 = 0.0000e+00, 0.0000e+00      
# interval = decibars: 2                
# start_time = Jul 05 2022 07:22:52 [NMEA time, first data scan]
# bad_flag = -9.990e-29
*END*
      69100   2879.117   2112.000   2081.603     1.7873     1.7876  31.403895  31.404783     1.9576   59.90414  -41.09232     4.9560         71 0.0000e+00
      72734   3030.530   2110.000   2079.641     1.7870     1.7863  31.402889  31.402747     1.9599   59.90414  -41.09232     4.9560         69 0.0000e+00
      72747   3031.100   2108.000   2077.680     1.7917     1.7919  31.406217  31.406637     1.9604   59.90414  -41.09232     4.9560         39 0.0000e+00
      72780   3032.465   2106.000   2075.718     1.7971     1.7970  31.410156  31.410490     1.9604   59.90414  -41.09232     4.9560         31 0.0000e+00
      72814   3033.863   2104.000   2073.757     1.7993     1.7988  31.411556  31.411651     1.9606   59.90414  -41.09232     4.9560         39 0.0000e+00
      72870   3036.188   2102.000   2071.795     1.8034     1.8044  31.414346  31.415519     1.9608   59.90414  -41.09232     4.9560         70 0.0000e+00
      72930   3038.702   2100.000   2069.833     1.8081     1.8079  31.417419  31.417636     1.9612   59.90414  -41.09232     4.9560         49 0.0000e+00
      72975   3040.578   2098.000   2067.872     1.8117     1.8117  31.419825  31.420239     1.9617   59.90414  -41.09232     4.9560         42 0.0000e+00
      73015   3042.235   2096.000   2065.910     1.8143     1.8151  31.421283  31.422250     1.9618   59.90414  -41.09232     4.9560         37 0.0000e+00
      73051   3043.757   2094.000   2063.949     1.8173     1.8194  31.423140  31.425061     1.9622   59.90414  -41.09232     4.9560         38 0.0000e+00
      73098   3045.714   2092.000   2061.987     1.8234     1.8235  31.427798  31.428444     1.9622   59.90414  -41.09232     4.9560         63 0.0000e+00
      73166   3048.554   2090.000   2060.025     1.8269     1.8262  31.429978  31.429875     1.9626   59.90414  -41.09232     4.9560         53 0.0000e+00
      73204   3050.117   2088.000   2058.064     1.8290     1.8291  31.430927  31.431591     1.9630   59.90414  -41.09232     4.9560         34 0.0000e+00
      73240   3051.606   2086.000   2056.102     1.8295     1.8296  31.430643  31.431265     1.9635   59.90414  -41.09232     4.9560         41 0.0000e+00
      73289   3053.674   2084.000   2054.140     1.8301     1.8309  31.430493  31.431600     1.9637   59.90412  -41.09232     4.9560         54 0.0000e+00
      73337   3055.679   2082.000   2052.179     1.8359     1.8358  31.434678  31.434609     1.9640   59.90414  -41.09232     4.9560         43 0.0000e+00
      73387   3057.750   2080.000   2050.217     1.8374     1.8404  31.435175  31.438345     1.9648   59.90414  -41.09232     4.9560         60 0.0000e+00
      73443   3060.077   2078.000   2048.255     1.8425     1.8443  31.438913  31.440662     1.9652   59.90412  -41.09232     4.9560         44 0.0000e+00
      73480   3061.642   2076.000   2046.293     1.8501     1.8503  31.444829  31.445101     1.9653   59.90412  -41.09232     4.9560         37 0.0000e+00
      73522   3063.391   2074.000   2044.331     1.8508     1.8532  31.444694  31.447111     1.9655   59.90414  -41.09232     4.9560         49 0.0000e+00
      73575   3065.588   2072.000   2042.370     1.8556     1.8559  31.448112  31.448520     1.9656   59.90414  -41.09232     4.9560         53 0.0000e+00
      73627   3067.733   2070.000   2040.408     1.8627     1.8647  31.453455  31.454643     1.9665   59.90413  -41.09232     4.9560         49 0.0000e+00
      73671   3069.587   2068.000   2038.446     1.8759     1.8739  31.464016  31.462324     1.9667   59.90412  -41.09232     4.9560         41 0.0000e+00
      73716   3071.468   2066.000   2036.484     1.8788     1.8784  31.466004  31.466136     1.9671   59.90413  -41.09232     4.9560         51 0.0000e+00
      73770   3073.697   2064.000   2034.522     1.8812     1.8792  31.467129  31.465979     1.9676   59.90414  -41.09232     4.9560         52 0.0000e+00
      73815   3075.581   2062.000   2032.560     1.8887     1.8895  31.473270  31.473867     1.9676   59.90412  -41.09232     4.9560         39 0.0000e+00
      73852   3077.143   2060.000   2030.598     1.8942     1.8935  31.477202  31.477066     1.9680   59.90412  -41.09232     4.9560         39 0.0000e+00
      73905   3079.326   2058.000   2028.636     1.8966     1.8977  31.478635  31.480311     1.9689   59.90412  -41.09232     4.9560         67 0.0000e+00
      73964   3081.791   2056.000   2026.674     1.9043     1.9039  31.484334  31.483928     1.9694   59.90412  -41.09232     4.9560         45 0.0000e+00
      74003   3083.435   2054.000   2024.712     1.9284     1.9305  31.505478  31.505611     1.9692   59.90412  -41.09232     4.9560         38 0.0000e+00
      74043   3085.074   2052.000   2022.750     1.9408     1.9395  31.514878  31.513516     1.9692   59.90412  -41.09232     4.9560         42 0.0000e+00
      74095   3087.269   2050.000   2020.788     1.9480     1.9432  31.520800  31.517220     1.9699   59.90412  -41.09232     4.9560         64 0.0000e+00
      74153   3089.648   2048.000   2018.826     1.9546     1.9548  31.525677  31.525951     1.9703   59.90412  -41.09232     4.9560         44 0.0000e+00
      74192   3091.282   2046.000   2016.864     1.9717     1.9725  31.539801  31.540516     1.9704   59.90412  -41.09232     4.9560         38 0.0000e+00
      74231   3092.918   2044.000   2014.902     1.9802     1.9755  31.546710  31.543183     1.9706   59.90412  -41.09232     4.9560         42 0.0000e+00
      74283   3095.077   2042.000   2012.940     1.9801     1.9805  31.546204  31.547080     1.9712   59.90412  -41.09232     4.9560         64 0.0000e+00
      74343   3097.590   2040.000   2010.978     1.9957     1.9935  31.558853  31.556901     1.9715   59.90412  -41.09232     4.9560         48 0.0000e+00
      74383   3099.260   2038.000   2009.016     2.0162     2.0161  31.576586  31.575265     1.9711   59.90412  -41.09232     4.9560         38 0.0000e+00
      74423   3100.928   2036.000   2007.054     2.0242     2.0236  31.582590  31.582037     1.9708   59.90412  -41.09232     4.9560         43 0.0000e+00
      74475   3103.085   2034.000   2005.092     2.0337     2.0302  31.590382  31.587846     1.9711   59.90412  -41.09232     4.9560         64 0.0000e+00
      74537   3105.683   2032.000   2003.129     2.0362     2.0331  31.591706  31.589542     1.9710   59.90413  -41.09232     4.9560         48 0.0000e+00
      74574   3107.226   2030.000   2001.167     2.0374     2.0371  31.592031  31.592153     1.9709   59.90413  -41.09232     4.9560         34 0.0000e+00
      74613   3108.818   2028.000   1999.205     2.0366     2.0354  31.590534  31.590251     1.9711   59.90412  -41.09232     4.9560         49 0.0000e+00
      74689   3111.982   2026.000   1997.243     2.0321     2.0326  31.585669  31.586743     1.9710   59.90413  -41.09232     4.9560         77 0.0000e+00
      74744   3114.271   2024.000   1995.280     2.0280     2.0282  31.581236  31.582094     1.9712   59.90414  -41.09232     4.9560         56 0.0000e+00
      75155   3131.437   2022.000   1993.318     2.0305     2.0303  31.582512  31.583004     1.9716   59.90414  -41.09232     4.9560        100 0.0000e+00
      77013   3208.832   2020.000   1991.356     2.0481     2.0478  31.597446  31.597682     1.9728   59.90413  -41.09232     4.9560         69 0.0000e+00
      77003   3208.437   2018.000   1989.394     2.0546     2.0560  31.602262  31.603512     1.9740   59.90412  -41.09232     4.9560         52 0.0000e+00
      77061   3210.818   2016.000   1987.431     2.0644     2.0705  31.609710  31.614563     1.9744   59.90412  -41.09232     4.9560         54 0.0000e+00
      77104   3212.636   2014.000   1985.469     2.0949     2.0925  31.636569  31.633460     1.9742   59.90414  -41.09232     4.9560         37 0.0000e+00
      77147   3214.429   2012.000   1983.506     2.1032     2.1054  31.644007  31.645709     1.9740   59.90413  -41.09232     4.9560         55 0.0000e+00
      77219   3217.410   2010.000   1981.544     2.1146     2.1150  31.653439  31.654426     1.9743   59.90412  -41.09232     4.9560         66 0.0000e+00
      77263   3219.262   2008.000   1979.582     2.1212     2.1216  31.658364  31.658692     1.9740   59.90413  -41.09232     4.9560         37 0.0000e+00
      77300   3220.811   2006.000   1977.619     2.1262     2.1258  31.662051  31.662019     1.9738   59.90414  -41.09232     4.9560         38 0.0000e+00
      77345   3222.687   2004.000   1975.657     2.1281     2.1278  31.663016  31.663360     1.9740   59.90412  -41.09232     4.9560         56 0.0000e+00
      77406   3225.212   2002.000   1973.694     2.1332     2.1321  31.666905  31.666315     1.9742   59.90412  -41.09232     4.9560         57 0.0000e+00
      77454   3227.210   2000.000   1971.732     2.1415     2.1401  31.673671  31.672225     1.9740   59.90413  -41.09232     4.9560         42 0.0000e+00
      77493   3228.836   1998.000   1969.769     2.1438     2.1440  31.674953  31.675267     1.9739   59.90414  -41.09233     4.9560         38 0.0000e+00
      77541   3230.852   1996.000   1967.807     2.1467     2.1463  31.676811  31.677153     1.9743   59.90412  -41.09232     4.9560         67 0.0000e+00
      77608   3233.622   1994.000   1965.844     2.1529     2.1503  31.681313  31.679661     1.9746   59.90412  -41.09232     4.9560         48 0.0000e+00
      77644   3235.142   1992.000   1963.882     2.1608     2.1607  31.687733  31.687495     1.9745   59.90413  -41.09233     4.9560         34 0.0000e+00
      77683   3236.742   1990.000   1961.919     2.1629     2.1624  31.688719  31.688967     1.9750   59.90413  -41.09234     4.9560         45 0.0000e+00
      77735   3238.919   1988.000   1959.957     2.1655     2.1655  31.690555  31.690955     1.9754   59.90412  -41.09232     4.9560         56 0.0000e+00
      77787   3241.098   1986.000   1957.994     2.1783     2.1759  31.701025  31.698542     1.9754   59.90412  -41.09232     4.9560         50 0.0000e+00
      77838   3243.190   1984.000   1956.031     2.1926     2.1912  31.712767  31.711348     1.9754   59.90412  -41.09232     4.9560         49 0.0000e+00
      77883   3245.104   1982.000   1954.069     2.2012     2.2006  31.720117  31.719593     1.9755   59.90413  -41.09232     4.9560         43 0.0000e+00
      77925   3246.827   1980.000   1952.106     2.2041     2.2026  31.721879  31.720988     1.9754   59.90412  -41.09232     4.9560         42 0.0000e+00
      77975   3248.897   1978.000   1950.143     2.2040     2.2049  31.721174  31.722576     1.9756   59.90412  -41.09232     4.9560         58 0.0000e+00
      78030   3251.202   1976.000   1948.181     2.2053     2.2051  31.721417  31.721867     1.9763   59.90412  -41.09232     4.9560         50 0.0000e+00
      78079   3253.235   1974.000   1946.218     2.2076     2.2076  31.722445  31.722702     1.9763   59.90412  -41.09233     4.9560         47 0.0000e+00
      78120   3254.975   1972.000   1944.255     2.2259     2.2217  31.737954  31.734438     1.9765   59.90412  -41.09232     4.9560         38 0.0000e+00
      78161   3256.679   1970.000   1942.292     2.2293     2.2306  31.740488  31.742088     1.9767   59.90412  -41.09232     4.9560         48 0.0000e+00
      78218   3259.050   1968.000   1940.330     2.2332     2.2338  31.743543  31.744598     1.9768   59.90412  -41.09232     4.9560         57 0.0000e+00
      78268   3261.111   1966.000   1938.367     2.2425     2.2408  31.750584  31.749452     1.9772   59.90412  -41.09234     4.9560         49 0.0000e+00
      78322   3263.357   1964.000   1936.404     2.2504     2.2474  31.757419  31.753907     1.9774   59.90412  -41.09232     4.9560         51 0.0000e+00
      78363   3265.097   1962.000   1934.441     2.2703     2.2683  31.774152  31.771907     1.9772   59.90412  -41.09232     4.9560         37 0.0000e+00
      78401   3266.679   1960.000   1932.479     2.2784     2.2758  31.781035  31.779143     1.9772   59.90412  -41.09232     4.9560         42 0.0000e+00
      78454   3268.884   1958.000   1930.516     2.2819     2.2808  31.783622  31.782951     1.9773   59.90412  -41.09233     4.9560         61 0.0000e+00
      78508   3271.134   1956.000   1928.553     2.2869     2.2856  31.787005  31.786146     1.9771   59.90412  -41.09234     4.9560         47 0.0000e+00
      78555   3273.085   1954.000   1926.590     2.2948     2.2927  31.793063  31.791647     1.9777   59.90412  -41.09232     4.9560         49 0.0000e+00
      78607   3275.232   1952.000   1924.627     2.2986     2.2954  31.795547  31.793289     1.9781   59.90412  -41.09232     4.9560         50 0.0000e+00
      78650   3277.044   1950.000   1922.664     2.3078     2.3076  31.803128  31.802565     1.9780   59.90412  -41.09233     4.9560         39 0.0000e+00
      78690   3278.725   1948.000   1920.701     2.3119     2.3114  31.805698  31.805837     1.9784   59.90412  -41.09234     4.9560         45 0.0000e+00
      78745   3281.008   1946.000   1918.738     2.3123     2.3127  31.805497  31.806432     1.9789   59.90412  -41.09233     4.9560         60 0.0000e+00
      78799   3283.263   1944.000   1916.775     2.3233     2.3208  31.814138  31.811958     1.9791   59.90412  -41.09232     4.9560         47 0.0000e+00
      78843   3285.072   1942.000   1914.812     2.3369     2.3341  31.825306  31.822505     1.9793   59.90412  -41.09234     4.9560         42 0.0000e+00
      78886   3286.882   1940.000   1912.849     2.3448     2.3445  31.831637  31.831925     1.9798   59.90412  -41.09234     4.9560         47 0.0000e+00
      78938   3289.026   1938.000   1910.886     2.3440     2.3423  31.830222  31.829391     1.9799   59.90412  -41.09232     4.9560         53 0.0000e+00
      78986   3291.027   1936.000   1908.923     2.3556     2.3542  31.839746  31.838368     1.9799   59.90412  -41.09234     4.9560         44 0.0000e+00
      79031   3292.907   1934.000   1906.960     2.3613     2.3618  31.843811  31.844957     1.9803   59.90412  -41.09234     4.9560         48 0.0000e+00
      79085   3295.146   1932.000   1904.997     2.3638     2.3597  31.845259  31.842781     1.9811   59.90412  -41.09233     4.9560         59 0.0000e+00
      79138   3297.370   1930.000   1903.034     2.3681     2.3653  31.848499  31.846456     1.9815   59.90412  -41.09232     4.9560         43 0.0000e+00
      79176   3298.951   1928.000   1901.071     2.3789     2.3788  31.857097  31.856730     1.9815   59.90412  -41.09232     4.9560         37 0.0000e+00
      79216   3300.641   1926.000   1899.107     2.3879     2.3808  31.864331  31.858999     1.9815   59.90412  -41.09234     4.9560         48 0.0000e+00
      79301   3304.160   1924.000   1897.144     2.4026     2.4031  31.877433  31.878387     1.9814   59.90412  -41.09233     4.9560         85 0.0000e+00
      79409   3308.654   1922.000   1895.181     2.4102     2.4071  31.882991  31.880565     1.9818   59.90412  -41.09233     4.9560         80 0.0000e+00
      79672   3319.629   1920.000   1893.218     2.4235     2.4215  31.894205  31.892756     1.9814   59.90412  -41.09232     4.9560         87 0.0000e+00
      81789   3407.818   1918.000   1891.254     2.4314     2.4314  31.900366  31.900918     1.9829   59.90414  -41.09232     4.9560         37 0.0000e+00
      81821   3409.153   1916.000   1889.291     2.4312     2.4312  31.899334  31.900066     1.9833   59.90412  -41.09232     4.9560         52 0.0000e+00
      81886   3411.894   1914.000   1887.328     2.4313     2.4311  31.898711  31.899142     1.9840   59.90412  -41.09232     4.9560         64 0.0000e+00
      81934   3413.883   1912.000   1885.365     2.4316     2.4320  31.898091  31.898943     1.9847   59.90412  -41.09232     4.9560         41 0.0000e+00
      81976   3415.631   1910.000   1883.402     2.4330     2.4337  31.898505  31.899539     1.9850   59.90412  -41.09232     4.9560         43 0.0000e+00
      82021   3417.515   1908.000   1881.438     2.4357     2.4351  31.900055  31.900271     1.9850   59.90412  -41.09232     4.9560         49 0.0000e+00
