Example_Files/SBE_Processing_Files/Processed_SBE_cast_files/upcasts/uar69-01_007.cnv
* Sea-Bird SBE 9 Data File:
* FileName = D:\data\ar69-01_007.hex
* Software Version Seasave V 7.26.7.107
* Temperature SN = 4491
* Conductivity SN = 3009
* Number of Bytes Per Scan = 44
* Number of Voltage Words = 5
* Number of Scans Averaged by the Deck Unit = 1
* NMEA Latitude = 53 54.62 N
* NMEA Longitude = 045 23.76 W
* NMEA UTC (Time) = Jun 26 2022  15:18:37
** Cruise ID: AR69-01
** Chief Sci:
** Station #: 007
** Site ID: Transit - cal. dip (optodes + microcats)
# nquan = 14
# nvalues = 1726                        
# units = specified
# name 0 = scan: Scan Count
# name 1 = timeS: Time, Elapsed [seconds]
# name 2 = prDM: Pressure, Digiquartz [db]
# name 3 = depSM: Depth [salt water, m]
# name 4 = t090C: Temperature [ITS-90, deg C]
# name 5 = t190C: Temperature, 2 [ITS-90, deg C]
# name 6 = c0mS/cm: Conductivity [mS/cm]
# name 7 = c1mS/cm: Conductivity, 2 [mS/cm]
# name 8 = sbeox0V: Oxygen raw, SBE 43 [V]
# name 9 = latitude: Latitude [deg]
# name 10 = longitude: Longitude [deg]
# name 11 = v7: Voltage 7
# name 12 = nbin: number of scans per bin
# name 13 = flag: flag
# span 0 =     101835,     271605       
# span 1 =   4243.092,  11316.827       
# span 2 =      6.000,   3456.000       
# span 3 =      5.946,   3397.402       
# span 4 =     2.4764,     9.2858       
# span 5 =     2.4771,     9.2831       
# span 6 =  32.179564,  37.031541       
# span 7 =  32.184885,  37.029080       
# span 8 =     1.6599,     2.8830       
# span 9 =   53.90041,   53.90748       
# span 10 =  -45.39556,  -45.39488      
# span 11 =     4.9560,     4.9573      
# span 12 =         24,        121      
# span 13 = 0.0000e+00, 0.0000e+00      
# interval = decibars: 2                
# start_time = Jun 26 2022 15:18:37 [NMEA time, first data scan]
# bad_flag = -9.990e-29
*END*
[from data line 1652]
     250382  10432.529    152.000    150.589     5.2896     5.2855  33.563936  33.563075     2.3350   53.90126  -45.39492     4.9560         37 0.0000e+00
     250422  10434.222    150.000    148.608     5.2995     5.2897  33.571820  33.565391     2.3444   53.90126  -45.39492     4.9560         46 0.0000e+00
     250475  10436.419    148.000    146.627     5.2978     5.3010  33.562936  33.573597     2.3644   53.90126  -45.39492     4.9560         56 0.0000e+00
     250529  10438.670    146.000    144.647     5.2635     5.2803  33.511165  33.539952     2.3803   53.90126  -45.39492     4.9560         52 0.0000e+00
     250579  10440.746    144.000    142.666     5.2580     5.2558  33.501615  33.501939     2.3919   53.90126  -45.39492     4.9560         46 0.0000e+00
     250621  10442.492    142.000    140.685     5.2582     5.2529  33.493236  33.490277     2.3979   53.90126  -45.39492     4.9560         39 0.0000e+00
     250668  10444.470    140.000    138.704     5.2707     5.2669  33.502723  33.499863     2.3971   53.90126  -45.39492     4.9560         61 0.0000e+00
     250728  10446.965    138.000    136.723     5.3276     5.2880  33.552830  33.517096     2.3871   53.90126  -45.39492     4.9560         45 0.0000e+00
     250763  10448.424    136.000    134.743     5.4237     5.4155  33.643887  33.632277     2.3837   53.90124  -45.39492     4.9560         33 0.0000e+00
     250806  10450.216    134.000    132.762     5.4641     5.4494  33.681087  33.666813     2.3905   53.90125  -45.39492     4.9560         62 0.0000e+00
     250874  10453.030    132.000    130.781     5.5054     5.4954  33.713797  33.709267     2.4105   53.90126  -45.39492     4.9560         51 0.0000e+00
     250908  10454.468    130.000    128.800     5.5055     5.5014  33.710569  33.708468     2.4167   53.90124  -45.39492     4.9560         31 0.0000e+00
     250942  10455.886    128.000    126.819     5.5124     5.5046  33.715192  33.710634     2.4189   53.90124  -45.39491     4.9560         41 0.0000e+00
     251001  10458.329    126.000    124.838     5.5251     5.5161  33.725774  33.719653     2.4246   53.90126  -45.39492     4.9560         75 0.0000e+00
     251066  10461.051    124.000    122.857     5.5706     5.5475  33.767009  33.745522     2.4358   53.90126  -45.39492     4.9560         46 0.0000e+00
     251102  10462.525    122.000    120.876     5.5972     5.5956  33.790244  33.787137     2.4347   53.90124  -45.39491     4.9560         32 0.0000e+00
     251134  10463.893    120.000    118.895     5.6455     5.6129  33.835013  33.804866     2.4294   53.90124  -45.39491     4.9560         37 0.0000e+00
     251195  10466.399    118.000    116.914     5.7306     5.7106  33.922516  33.900134     2.4006   53.90125  -45.39492     4.9560         79 0.0000e+00
     251254  10468.867    116.000    114.933     5.9120     5.8604  34.101983  34.041958     2.3776   53.90124  -45.39492     4.9560         36 0.0000e+00
     251286  10470.198    114.000    112.952     5.9503     5.9424  34.138396  34.131639     2.3726   53.90124  -45.39492     4.9560         33 0.0000e+00
     251331  10472.064    112.000    110.971     5.9721     5.9593  34.157375  34.147234     2.3684   53.90124  -45.39492     4.9560         63 0.0000e+00
     251401  10475.007    110.000    108.990     6.0178     5.9942  34.196957  34.178018     2.3600   53.90124  -45.39492     4.9560         67 0.0000e+00
     251534  10480.556    108.000    107.009     6.0772     6.0733  34.245143  34.243333     2.3506   53.90123  -45.39493     4.9560         92 0.0000e+00
     251713  10488.012    106.000    105.028     6.0929     6.0864  34.250792  34.248731     2.3569   53.90124  -45.39493     4.9560         88 0.0000e+00
     251799  10491.578    104.000    103.046     6.1044     6.1020  34.258718  34.257606     2.3572   53.90122  -45.39494     4.9560         50 0.0000e+00
     251875  10494.769    102.000    101.065     6.1293     6.1132  34.281005  34.268031     2.3502   53.90123  -45.39494     4.9560         76 0.0000e+00
     251970  10498.719    100.000     99.084     6.1743     6.1677  34.323606  34.316007     2.3420   53.90122  -45.39494     4.9560         48 0.0000e+00
     252020  10500.801     98.000     97.103     6.2421     6.2044  34.388397  34.353380     2.3405   53.90122  -45.39494     4.9560         60 0.0000e+00
     252132  10505.461     96.000     95.122     6.3489     6.3116  34.492938  34.456298     2.3408   53.90122  -45.39494     4.9560         70 0.0000e+00
     252199  10508.244     94.000     93.140     6.3465     6.3428  34.487117  34.487270     2.3410   53.90122  -45.39494     4.9560         84 0.0000e+00
     252270  10511.209     92.000     91.159     6.3705     6.3643  34.506728  34.502115     2.3442   53.90122  -45.39494     4.9560         62 0.0000e+00
     252358  10514.885     90.000     89.178     6.3846     6.3844  34.515950  34.519317     2.3510   53.90122  -45.39494     4.9560        111 0.0000e+00
     252446  10518.526     88.000     87.196     6.3970     6.3928  34.524843  34.522670     2.3528   53.90122  -45.39494     4.9560         53 0.0000e+00
     252494  10520.558     86.000     85.215     6.4226     6.4046  34.549926  34.533140     2.3519   53.90120  -45.39494     4.9560         56 0.0000e+00
     252613  10525.483     84.000     83.234     6.5085     6.4795  34.638332  34.607900     2.3503   53.90122  -45.39494     4.9560         82 0.0000e+00
     253026  10542.692     82.000     81.252     6.6415     6.6155  34.772674  34.748643     2.3490   53.90120  -45.39493     4.9561         95 0.0000e+00
     267356  11139.811     80.000     79.271     6.5976     6.6003  34.723122  34.728096     2.3457   53.90062  -45.39491     4.9572        106 0.0000e+00
     268764  11198.468     78.000     77.290     6.6238     6.6216  34.747333  34.747399     2.3467   53.90056  -45.39492     4.9573         69 0.0000e+00
     268836  11201.456     76.000     75.308     6.6255     6.6242  34.746260  34.747871     2.3523   53.90056  -45.39492     4.9573         74 0.0000e+00
     268899  11204.070     74.000     73.327     6.6495     6.6494  34.766649  34.765076     2.3548   53.90055  -45.39492     4.9573         56 0.0000e+00
     268978  11207.363     72.000     71.346     6.7242     6.7231  34.838920  34.838932     2.3619   53.90054  -45.39492     4.9573        100 0.0000e+00
     269065  11211.020     70.000     69.364     6.8296     6.8054  34.941199  34.917066     2.3585   53.90055  -45.39492     4.9573         68 0.0000e+00
     269121  11213.350     68.000     67.382     6.8993     6.8931  35.013285  35.005709     2.3541   53.90054  -45.39492     4.9571         55 0.0000e+00
     269199  11216.593     66.000     65.401     6.9201     6.9142  35.034177  35.030882     2.3805   53.90054  -45.39492     4.9571         93 0.0000e+00
     269281  11220.000     64.000     63.419     6.8057     6.8257  34.900428  34.930036     2.4385   53.90054  -45.39492     4.9573         82 0.0000e+00
     269356  11223.121     62.000     61.438     6.7166     6.7284  34.801113  34.820591     2.4752   53.90054  -45.39492     4.9573         55 0.0000e+00
     269408  11225.280     60.000     59.456     6.7229     6.7224  34.797460  34.799876     2.4898   53.90052  -45.39493     4.9573         60 0.0000e+00
     269501  11229.156     58.000     57.475     6.6842     6.6967  34.750235  34.769212     2.5382   53.90052  -45.39493     4.9573        105 0.0000e+00
     269570  11232.048     56.000     55.493     6.5909     6.5919  34.641938  34.648012     2.5728   53.90052  -45.39493     4.9573         46 0.0000e+00
     269632  11234.637     54.000     53.511     6.5808     6.5823  34.626099  34.632201     2.5887   53.90052  -45.39494     4.9573         90 0.0000e+00
     269717  11238.181     52.000     51.530     6.6779     6.6585  34.709422  34.690328     2.6043   53.90051  -45.39494     4.9573         59 0.0000e+00
     269781  11240.843     50.000     49.548     6.7867     6.7618  34.802605  34.786607     2.6278   53.90051  -45.39494     4.9573         82 0.0000e+00
     269861  11244.170     48.000     47.566     6.8639     6.8400  34.863247  34.841072     2.6538   53.90051  -45.39494     4.9573         61 0.0000e+00
     269923  11246.760     46.000     45.585     7.0872     7.0178  35.068582  35.003169     2.6733   53.90050  -45.39494     4.9573         79 0.0000e+00
     270008  11250.283     44.000     43.603     7.2136     7.1671  35.177930  35.134827     2.6920   53.90050  -45.39494     4.9573         75 0.0000e+00
     270071  11252.917     42.000     41.621     7.3373     7.3147  35.291128  35.266786     2.7007   53.90050  -45.39494     4.9573         59 0.0000e+00
     270140  11255.776     40.000     39.639     7.4319     7.3765  35.373640  35.327642     2.7142   53.90048  -45.39494     4.9573         85 0.0000e+00
     270226  11259.387     38.000     37.658     7.5287     7.4927  35.460241  35.430186     2.7457   53.90049  -45.39494     4.9573         75 0.0000e+00
     270291  11262.091     36.000     35.676     7.6470     7.6061  35.562736  35.529066     2.7751   53.90048  -45.39494     4.9573         61 0.0000e+00
     270357  11264.835     34.000     33.694     7.7508     7.6438  35.658335  35.571080     2.8108   53.90048  -45.39494     4.9573         71 0.0000e+00
     270437  11268.173     32.000     31.712     8.0553     7.9678  35.935731  35.853979     2.8455   53.90048  -45.39494     4.9573         97 0.0000e+00
     270519  11271.586     30.000     29.730     8.3500     8.2651  36.198782  36.107792     2.8587   53.90047  -45.39494     4.9573         52 0.0000e+00
     270573  11273.818     28.000     27.748     8.6839     8.5823  36.508988  36.407712     2.8644   53.90046  -45.39492     4.9573         76 0.0000e+00
     270657  11277.348     26.000     25.766     8.9230     8.8793  36.725810  36.685808     2.8664   53.90046  -45.39493     4.9573         65 0.0000e+00
     270726  11280.191     24.000     23.785     9.1357     9.0751  36.917818  36.864325     2.8645   53.90046  -45.39492     4.9573         89 0.0000e+00
     270806  11283.525     22.000     21.802     9.2173     9.2169  36.988093  36.986451     2.8681   53.90046  -45.39492     4.9573         69 0.0000e+00
     270869  11286.180     20.000     19.821     9.2533     9.2408  37.014354  37.004773     2.8713   53.90045  -45.39492     4.9573         51 0.0000e+00
     270936  11288.976     18.000     17.839     9.2788     9.2724  37.031541  37.028244     2.8723   53.90044  -45.39492     4.9573         68 0.0000e+00
     271030  11292.885     16.000     15.857     9.2858     9.2807  37.031012  37.029080     2.8761   53.90044  -45.39492     4.9573         48 0.0000e+00
     271090  11295.364     14.000     13.875     9.2853     9.2831  37.022094  37.023333     2.8790   53.90044  -45.39490     4.9573         85 0.0000e+00
     271166  11298.549     12.000     11.893     9.2779     9.2740  37.004377  37.002965     2.8812   53.90043  -45.39490     4.9573         53 0.0000e+00
     271244  11301.812     10.000      9.911     9.2756     9.2743  36.998876  37.001175     2.8808   53.90043  -45.39490     4.9573         72 0.0000e+00
     271372  11307.110      8.000      7.929     9.2713     9.2703  36.991656  36.993958     2.8821   53.90042  -45.39490     4.9573         75 0.0000e+00
     271605  11316.827      6.000      5.946     9.2706     9.2694  36.990179  36.992043     2.8830   53.90041  -45.39488     4.9573         72 0.0000e+00
