Example_Files/SBE_Processing_Files/Processed_SBE_cast_files/upcasts/uar69-01_019.cnv
* Sea-Bird SBE 9 Data File:
* FileName = D:\data\ar69-01_019.hex
* Software Version Seasave V 7.26.7.107
* Temperature SN = 4491
* Conductivity SN = 3009
* Number of Bytes Per Scan = 44
* Number of Voltage Words = 5
* Number of Scans Averaged by the Deck Unit = 1
* NMEA Latitude = 59 46.49 N
* NMEA Longitude = 039 54.39 W
* NMEA UTC (Time) = Jul 05 2022  21:23:04
** Cruise ID: AR69-01
** Chief Sci:
** Station #: 019
** Site ID: FLMA
# nquan = 14
# nvalues = 1313                        
# units = specified
# name 0 = scan: Scan Count
# name 1 = timeS: Time, Elapsed [seconds]
# name 2 = prDM: Pressure, Digiquartz [db]
# name 3 = depSM: Depth [salt water, m]
# name 4 = t090C: Temperature [ITS-90, deg C]
# name 5 = t190C: Temperature, 2 [ITS-90, deg C]
# name 6 = c0mS/cm: Conductivity [mS/cm]
# name 7 = c1mS/cm: Conductivity, 2 [mS/cm]
# name 8 = sbeox0V: Oxygen raw, SBE 43 [V]
# name 9 = latitude: Latitude [deg]
# name 10 = longitude: Longitude [deg]
# name 11 = v7: Voltage 7
# name 12 = nbin: number of scans per bin
# name 13 = flag: flag
# span 0 =      70847,     162439       
# span 1 =   2951.908,   6768.253       
# span 2 =      2.000,   2626.000       
# span 3 =      1.981,   2585.134       
# span 4 =     1.9461,     7.6888       
# span 5 =     1.9455,     7.6968       
# span 6 =  31.747658,  35.677391       
# span 7 =  31.747357,  35.685256       
# span 8 =     1.8415,     2.8491       
# span 9 =   59.77484,   59.77491       
# span 10 =  -39.90657,  -39.90652      
# span 11 =     4.9560,     4.9568      
# span 12 =         22,        134      
# span 13 = 0.0000e+00, 0.0000e+00      
# interval = decibars: 2                
# start_time = Jul 05 2022 21:23:05 [NMEA time, first data scan]
# bad_flag = -9.990e-29
*END*
[from data line 930]
     124460   5185.783    766.000    757.392     3.5382     3.5378  32.385902  32.386743     2.2784   59.77488  -39.90654     4.9560         44 0.0000e+00
     124509   5187.842    764.000    755.418     3.5385     3.5382  32.385161  32.386073     2.2782   59.77488  -39.90655     4.9560         63 0.0000e+00
     124606   5191.879    762.000    753.444     3.5381     3.5376  32.383505  32.384487     2.2795   59.77488  -39.90654     4.9560        103 0.0000e+00
     125217   5217.339    760.000    751.470     3.5370     3.5368  32.381297  32.382464     2.2806   59.77489  -39.90655     4.9560         75 0.0000e+00
     126322   5263.385    758.000    749.496     3.5380     3.5376  32.381233  32.382134     2.2825   59.77488  -39.90656     4.9560         77 0.0000e+00
     126460   5269.135    756.000    747.522     3.5392     3.5385  32.381370  32.381962     2.2819   59.77488  -39.90654     4.9560         49 0.0000e+00
     126499   5270.752    754.000    745.548     3.5409     3.5395  32.382113  32.382051     2.2821   59.77489  -39.90654     4.9560         39 0.0000e+00
     126547   5272.730    752.000    743.574     3.5437     3.5425  32.383986  32.383983     2.2825   59.77490  -39.90656     4.9560         56 0.0000e+00
     126600   5274.977    750.000    741.600     3.5461     3.5449  32.385180  32.385434     2.2835   59.77488  -39.90656     4.9560         49 0.0000e+00
     126650   5277.046    748.000    739.626     3.5476     3.5475  32.386141  32.387070     2.2842   59.77489  -39.90654     4.9560         49 0.0000e+00
     126693   5278.845    746.000    737.652     3.5454     3.5452  32.382845  32.384160     2.2840   59.77490  -39.90654     4.9560         36 0.0000e+00
     126729   5280.344    744.000    735.678     3.5450     3.5448  32.381379  32.382535     2.2849   59.77488  -39.90656     4.9560         40 0.0000e+00
     126798   5283.226    742.000    733.704     3.5449     3.5443  32.380332  32.381277     2.2864   59.77490  -39.90656     4.9560         55 0.0000e+00
     126840   5284.972    740.000    731.730     3.5479     3.5472  32.382198  32.382429     2.2871   59.77489  -39.90654     4.9560         28 0.0000e+00
     126874   5286.395    738.000    729.756     3.5495     3.5488  32.382700  32.383288     2.2879   59.77488  -39.90654     4.9560         50 0.0000e+00
     126939   5289.098    736.000    727.782     3.5501     3.5496  32.382203  32.383071     2.2897   59.77490  -39.90655     4.9560         53 0.0000e+00
     126978   5290.701    734.000    725.807     3.5489     3.5486  32.380035  32.381148     2.2905   59.77488  -39.90656     4.9560         44 0.0000e+00
     127035   5293.102    732.000    723.833     3.5486     3.5482  32.378788  32.379772     2.2912   59.77488  -39.90654     4.9560         61 0.0000e+00
     127080   5294.947    730.000    721.859     3.5493     3.5489  32.378503  32.379292     2.2913   59.77488  -39.90654     4.9560         33 0.0000e+00
     127110   5296.220    728.000    719.885     3.5496     3.5493  32.377927  32.378875     2.2916   59.77488  -39.90654     4.9560         31 0.0000e+00
     127169   5298.680    726.000    717.910     3.5498     3.5494  32.377216  32.378232     2.2929   59.77488  -39.90655     4.9560         63 0.0000e+00
     127233   5301.318    724.000    715.936     3.5517     3.5511  32.377971  32.378566     2.2945   59.77488  -39.90654     4.9560         33 0.0000e+00
     127260   5302.463    722.000    713.962     3.5547     3.5538  32.379920  32.380415     2.2955   59.77488  -39.90652     4.9560         28 0.0000e+00
     127300   5304.117    720.000    711.988     3.5567     3.5562  32.380960  32.381864     2.2969   59.77488  -39.90653     4.9560         60 0.0000e+00
     127366   5306.882    718.000    710.013     3.5591     3.5580  32.381922  32.382370     2.2986   59.77488  -39.90654     4.9560         60 0.0000e+00
     127418   5309.028    716.000    708.039     3.5601     3.5596  32.381883  32.382660     2.2998   59.77488  -39.90654     4.9560         43 0.0000e+00
     127455   5310.584    714.000    706.065     3.5608     3.5603  32.381553  32.382359     2.3002   59.77488  -39.90652     4.9560         35 0.0000e+00
     127495   5312.255    712.000    704.090     3.5605     3.5599  32.380275  32.381225     2.3013   59.77488  -39.90652     4.9560         48 0.0000e+00
     127556   5314.788    710.000    702.116     3.5602     3.5598  32.379001  32.379978     2.3033   59.77488  -39.90654     4.9560         67 0.0000e+00
     127610   5317.034    708.000    700.141     3.5600     3.5598  32.377843  32.378875     2.3050   59.77488  -39.90654     4.9560         40 0.0000e+00
     127645   5318.492    706.000    698.167     3.5597     3.5595  32.376531  32.377636     2.3053   59.77488  -39.90654     4.9560         35 0.0000e+00
     127684   5320.138    704.000    696.192     3.5594     3.5590  32.375273  32.376299     2.3057   59.77488  -39.90654     4.9560         47 0.0000e+00
     127738   5322.386    702.000    694.218     3.5593     3.5589  32.374167  32.375151     2.3067   59.77488  -39.90654     4.9560         54 0.0000e+00
     127788   5324.449    700.000    692.243     3.5594     3.5589  32.373294  32.374236     2.3089   59.77488  -39.90654     4.9560         52 0.0000e+00
     127842   5326.710    698.000    690.269     3.5599     3.5595  32.372779  32.373701     2.3109   59.77488  -39.90654     4.9560         50 0.0000e+00
     127889   5328.685    696.000    688.294     3.5599     3.5596  32.371967  32.372849     2.3115   59.77488  -39.90654     4.9560         48 0.0000e+00
     127936   5330.608    694.000    686.320     3.5599     3.5596  32.370987  32.371937     2.3125   59.77488  -39.90654     4.9560         44 0.0000e+00
     127981   5332.496    692.000    684.345     3.5599     3.5595  32.370040  32.370976     2.3134   59.77488  -39.90654     4.9560         48 0.0000e+00
     128027   5334.408    690.000    682.370     3.5600     3.5596  32.369204  32.370196     2.3144   59.77488  -39.90654     4.9560         42 0.0000e+00
     128072   5336.307    688.000    680.396     3.5599     3.5595  32.368208  32.369166     2.3150   59.77488  -39.90654     4.9560         52 0.0000e+00
     128125   5338.515    686.000    678.421     3.5603     3.5598  32.367549  32.368475     2.3166   59.77488  -39.90654     4.9560         49 0.0000e+00
     128171   5340.426    684.000    676.446     3.5605     3.5600  32.366921  32.367836     2.3174   59.77488  -39.90654     4.9560         46 0.0000e+00
     128218   5342.354    682.000    674.472     3.5606     3.5602  32.366085  32.367072     2.3179   59.77488  -39.90654     4.9560         45 0.0000e+00
     128263   5344.249    680.000    672.497     3.5607     3.5604  32.365337  32.366319     2.3192   59.77488  -39.90654     4.9560         49 0.0000e+00
     128315   5346.397    678.000    670.522     3.5608     3.5605  32.364494  32.365567     2.3197   59.77488  -39.90654     4.9560         50 0.0000e+00
     128360   5348.294    676.000    668.548     3.5612     3.5608  32.364011  32.364798     2.3207   59.77488  -39.90654     4.9560         43 0.0000e+00
     128407   5350.243    674.000    666.573     3.5620     3.5615  32.363798  32.364614     2.3215   59.77488  -39.90654     4.9560         54 0.0000e+00
     128462   5352.550    672.000    664.598     3.5636     3.5633  32.364361  32.365350     2.3217   59.77488  -39.90654     4.9560         50 0.0000e+00
     128506   5354.381    670.000    662.623     3.5650     3.5645  32.364987  32.365618     2.3217   59.77488  -39.90654     4.9560         41 0.0000e+00
     128548   5356.107    668.000    660.649     3.5691     3.5690  32.368139  32.368989     2.3217   59.77488  -39.90654     4.9560         44 0.0000e+00
     128598   5358.212    666.000    658.674     3.5744     3.5725  32.372283  32.371766     2.3207   59.77488  -39.90654     4.9560         56 0.0000e+00
     128650   5360.372    664.000    656.699     3.5788     3.5783  32.376003  32.376499     2.3199   59.77488  -39.90654     4.9560         45 0.0000e+00
     128693   5362.147    662.000    654.724     3.5800     3.5795  32.376452  32.377131     2.3206   59.77488  -39.90654     4.9560         45 0.0000e+00
     128742   5364.215    660.000    652.749     3.5779     3.5775  32.373308  32.374351     2.3224   59.77488  -39.90654     4.9560         48 0.0000e+00
     128786   5366.028    658.000    650.774     3.5764     3.5760  32.370805  32.371937     2.3239   59.77488  -39.90654     4.9560         46 0.0000e+00
     128846   5368.549    656.000    648.799     3.5756     3.5752  32.369112  32.369943     2.3256   59.77488  -39.90654     4.9560         59 0.0000e+00
     128886   5370.226    654.000    646.825     3.5763     3.5759  32.368647  32.369526     2.3263   59.77488  -39.90654     4.9560         34 0.0000e+00
     128931   5372.064    652.000    644.849     3.5779     3.5769  32.369357  32.369877     2.3269   59.77488  -39.90654     4.9560         63 0.0000e+00
     128992   5374.607    650.000    642.874     3.5812     3.5790  32.371745  32.370586     2.3267   59.77488  -39.90654     4.9560         43 0.0000e+00
     129025   5376.006    648.000    640.899     3.5874     3.5865  32.376930  32.376833     2.3264   59.77488  -39.90654     4.9560         33 0.0000e+00
     129074   5378.024    646.000    638.924     3.5927     3.5902  32.381242  32.380239     2.3265   59.77488  -39.90654     4.9560         65 0.0000e+00
     129129   5380.321    644.000    636.949     3.5970     3.5955  32.384530  32.384207     2.3268   59.77488  -39.90654     4.9560         40 0.0000e+00
     129165   5381.824    642.000    634.974     3.6011     3.6001  32.387633  32.387867     2.3268   59.77488  -39.90654     4.9560         37 0.0000e+00
     129219   5384.095    640.000    632.999     3.6030     3.6017  32.388599  32.388816     2.3275   59.77488  -39.90654     4.9560         70 0.0000e+00
     129275   5386.431    638.000    631.024     3.6041     3.6035  32.388639  32.389239     2.3286   59.77488  -39.90654     4.9560         38 0.0000e+00
     129310   5387.855    636.000    629.049     3.6048     3.6042  32.388389  32.389120     2.3292   59.77488  -39.90654     4.9560         37 0.0000e+00
     129363   5390.076    634.000    627.074     3.6052     3.6049  32.387870  32.388865     2.3307   59.77488  -39.90654     4.9560         65 0.0000e+00
     129417   5392.325    632.000    625.099     3.6062     3.6057  32.387787  32.388578     2.3321   59.77488  -39.90656     4.9560         43 0.0000e+00
     129461   5394.165    630.000    623.124     3.6069     3.6065  32.387609  32.388386     2.3341   59.77488  -39.90655     4.9560         48 0.0000e+00
     129508   5396.111    628.000    621.148     3.6071     3.6067  32.386742  32.387623     2.3356   59.77488  -39.90654     4.9560         42 0.0000e+00
     129547   5397.738    626.000    619.173     3.6064     3.6059  32.384970  32.386043     2.3363   59.77488  -39.90654     4.9560         39 0.0000e+00
     129596   5399.779    624.000    617.198     3.6056     3.6052  32.383313  32.384401     2.3383   59.77488  -39.90654     4.9560         66 0.0000e+00
     129661   5402.492    622.000    615.223     3.6042     3.6041  32.380855  32.382169     2.3411   59.77488  -39.90654     4.9560         47 0.0000e+00
     129695   5403.937    620.000    613.247     3.6017     3.6017  32.377257  32.378726     2.3426   59.77488  -39.90654     4.9560         32 0.0000e+00
     129733   5405.510    618.000    611.272     3.6008     3.6001  32.375477  32.376213     2.3442   59.77488  -39.90654     4.9560         51 0.0000e+00
     129795   5408.090    616.000    609.297     3.5994     3.5991  32.372957  32.374005     2.3469   59.77488  -39.90654     4.9560         59 0.0000e+00
     129847   5410.235    614.000    607.322     3.5987     3.5985  32.371194  32.372532     2.3497   59.77488  -39.90654     4.9560         49 0.0000e+00
     129890   5412.060    612.000    605.346     3.5968     3.5969  32.368386  32.370045     2.3514   59.77488  -39.90653     4.9560         37 0.0000e+00
     129926   5413.533    610.000    603.371     3.5958     3.5955  32.366442  32.367507     2.3524   59.77488  -39.90654     4.9560         39 0.0000e+00
     129983   5415.913    608.000    601.395     3.5955     3.5950  32.365154  32.366013     2.3540   59.77488  -39.90654     4.9560         72 0.0000e+00
     130039   5418.244    606.000    599.420     3.5949     3.5948  32.363566  32.364854     2.3550   59.77488  -39.90654     4.9560         37 0.0000e+00
     130072   5419.640    604.000    597.445     3.5942     3.5941  32.362031  32.363222     2.3558   59.77488  -39.90653     4.9560         34 0.0000e+00
     130116   5421.461    602.000    595.469     3.5940     3.5937  32.360876  32.362065     2.3570   59.77488  -39.90653     4.9560         58 0.0000e+00
     130176   5423.975    600.000    593.494     3.5952     3.5948  32.360932  32.361911     2.3576   59.77488  -39.90654     4.9560         53 0.0000e+00
     130223   5425.930    598.000    591.518     3.5960     3.5953  32.360817  32.361648     2.3577   59.77488  -39.90654     4.9560         47 0.0000e+00
     130270   5427.859    596.000    589.543     3.5962     3.5957  32.360160  32.361021     2.3583   59.77488  -39.90654     4.9560         43 0.0000e+00
     130314   5429.714    594.000    587.567     3.5964     3.5965  32.359524  32.360817     2.3592   59.77488  -39.90654     4.9560         48 0.0000e+00
     130362   5431.709    592.000    585.592     3.5994     3.5988  32.361340  32.361998     2.3595   59.77488  -39.90654     4.9560         45 0.0000e+00
     130410   5433.722    590.000    583.616     3.6014     3.6014  32.362537  32.363740     2.3595   59.77488  -39.90654     4.9560         58 0.0000e+00
     130466   5436.062    588.000    581.641     3.6064     3.6065  32.366349  32.367637     2.3593   59.77488  -39.90654     4.9560         45 0.0000e+00
     130505   5437.649    586.000    579.665     3.6101     3.6093  32.369011  32.369374     2.3592   59.77488  -39.90654     4.9560         37 0.0000e+00
     130547   5439.421    584.000    577.689     3.6109     3.6104  32.368824  32.369605     2.3594   59.77488  -39.90654     4.9560         49 0.0000e+00
     130600   5441.615    582.000    575.714     3.6132     3.6122  32.370081  32.370449     2.3592   59.77488  -39.90654     4.9560         54 0.0000e+00
     130652   5443.801    580.000    573.738     3.6145     3.6138  32.370427  32.370971     2.3591   59.77488  -39.90654     4.9560         51 0.0000e+00
     130699   5445.740    578.000    571.762     3.6162     3.6157  32.371155  32.371907     2.3592   59.77488  -39.90654     4.9560         41 0.0000e+00
     130737   5447.339    576.000    569.787     3.6163     3.6159  32.370378  32.371299     2.3597   59.77488  -39.90654     4.9560         40 0.0000e+00
     130793   5449.661    574.000    567.811     3.6162     3.6156  32.369343  32.370191     2.3612   59.77488  -39.90654     4.9560         69 0.0000e+00
     130851   5452.074    572.000    565.835     3.6152     3.6152  32.367255  32.368724     2.3631   59.77488  -39.90654     4.9560         43 0.0000e+00
     130889   5453.672    570.000    563.860     3.6126     3.6128  32.363698  32.365279     2.3647   59.77488  -39.90654     4.9560         38 0.0000e+00
     130930   5455.370    568.000    561.884     3.6128     3.6128  32.362736  32.364059     2.3655   59.77488  -39.90654     4.9560         43 0.0000e+00
     130979   5457.413    566.000    559.908     3.6135     3.6132  32.362512  32.363558     2.3654   59.77488  -39.90654     4.9560         57 0.0000e+00
     131033   5459.671    564.000    557.932     3.6181     3.6171  32.365969  32.366109     2.3653   59.77488  -39.90654     4.9560         46 0.0000e+00
