Example_Files/SBE_Processing_Files/Processed_SBE_cast_files/upcasts/uar69-01_013.cnv
* Sea-Bird SBE 9 Data File:
* FileName = D:\data\ar69-01_013.hex
* Software Version Seasave V 7.26.7.107
* Temperature SN = 4491
* Conductivity SN = 3009
* Number of Bytes Per Scan = 44
* Number of Voltage Words = 5
* Number of Scans Averaged by the Deck Unit = 1
* NMEA Latitude = 59 58.35 N
* NMEA Longitude = 039 30.42 W
* NMEA UTC (Time) = Jul 01 2022  16:41:48
** Cruise ID: AR69-01
** Chief Sci:
** Station #: 013
** Site ID: Irminger HYPM
# nquan = 14
# nvalues = 1318                        
# units = specified
# name 0 = scan: Scan Count
# name 1 = timeS: Time, Elapsed [seconds]
# name 2 = prDM: Pressure, Digiquartz [db]
# name 3 = depSM: Depth [salt water, m]
# name 4 = t090C: Temperature [ITS-90, deg C]
# name 5 = t190C: Temperature, 2 [ITS-90, deg C]
# name 6 = c0mS/cm: Conductivity [mS/cm]
# name 7 = c1mS/cm: Conductivity, 2 [mS/cm]
# name 8 = sbeox0V: Oxygen raw, SBE 43 [V]
# name 9 = latitude: Latitude [deg]
# name 10 = longitude: Longitude [deg]
# name 11 = v7: Voltage 7
# name 12 = nbin: number of scans per bin
# name 13 = flag: flag
# span 0 =      72276,     153763       
# span 1 =   3011.454,   6406.747       
# span 2 =      6.000,   2640.000       
# span 3 =      5.943,   2598.791       
# span 4 =     1.6169,     7.0695       
# span 5 =     1.6169,     7.0681       
# span 6 =  31.461446,  35.140655       
# span 7 =  31.462020,  35.142066       
# span 8 =     1.8567,     2.8376       
# span 9 =   59.97241,   59.97304       
# span 10 =  -39.50760,  -39.50674      
# span 11 =     4.9560,     4.9568      
# span 12 =         24,        119      
# span 13 = 0.0000e+00, 0.0000e+00      
# interval = decibars: 2                
# start_time = Jul 01 2022 16:41:48 [NMEA time, first data scan]
# bad_flag = -9.990e-29
*END*
[from data line 930]
     127656   5318.940    780.000    771.197     3.4982     3.4975  32.350192  32.350961     2.2835   59.97290  -39.50748     4.9560         53 0.0000e+00
     127715   5321.413    778.000    769.223     3.4999     3.4983  32.350765  32.350697     2.2838   59.97290  -39.50748     4.9560         60 0.0000e+00
     127767   5323.569    776.000    767.249     3.5031     3.5030  32.353029  32.354167     2.2847   59.97290  -39.50748     4.9560         45 0.0000e+00
     127809   5325.327    774.000    765.275     3.5060     3.5053  32.354798  32.355585     2.2853   59.97290  -39.50748     4.9560         40 0.0000e+00
     127848   5326.954    772.000    763.302     3.5077     3.5069  32.355435  32.356165     2.2856   59.97290  -39.50748     4.9560         40 0.0000e+00
     127898   5329.051    770.000    761.328     3.5090     3.5075  32.355787  32.355978     2.2857   59.97290  -39.50748     4.9560         60 0.0000e+00
     127950   5331.215    768.000    759.354     3.5095     3.5088  32.355449  32.356193     2.2860   59.97290  -39.50748     4.9560         42 0.0000e+00
     127993   5332.989    766.000    757.380     3.5106     3.5101  32.355454  32.356516     2.2868   59.97290  -39.50750     4.9560         46 0.0000e+00
     128040   5334.979    764.000    755.406     3.5110     3.5106  32.354843  32.356005     2.2878   59.97290  -39.50749     4.9560         49 0.0000e+00
     128095   5337.230    762.000    753.432     3.5112     3.5107  32.354193  32.355189     2.2889   59.97291  -39.50750     4.9560         56 0.0000e+00
     128145   5339.313    760.000    751.458     3.5124     3.5117  32.354500  32.355282     2.2888   59.97292  -39.50750     4.9560         48 0.0000e+00
     128195   5341.416    758.000    749.484     3.5141     3.5139  32.355240  32.356428     2.2893   59.97292  -39.50750     4.9560         49 0.0000e+00
     128238   5343.208    756.000    747.511     3.5133     3.5126  32.353420  32.354400     2.2900   59.97290  -39.50750     4.9560         39 0.0000e+00
     128280   5344.940    754.000    745.537     3.5133     3.5134  32.352485  32.353912     2.2907   59.97292  -39.50750     4.9560         46 0.0000e+00
     128328   5346.967    752.000    743.562     3.5163     3.5157  32.354481  32.355226     2.2914   59.97292  -39.50751     4.9563         48 0.0000e+00
     128375   5348.928    750.000    741.588     3.5174     3.5166  32.354538  32.355349     2.2924   59.97292  -39.50751     4.9564         49 0.0000e+00
     128425   5351.003    748.000    739.615     3.5178     3.5172  32.353860  32.354733     2.2934   59.97292  -39.50750     4.9560         48 0.0000e+00
     128470   5352.873    746.000    737.640     3.5185     3.5181  32.353507  32.354579     2.2948   59.97292  -39.50752     4.9560         44 0.0000e+00
     128520   5354.964    744.000    735.667     3.5194     3.5189  32.353480  32.354453     2.2958   59.97292  -39.50752     4.9560         55 0.0000e+00
     128571   5357.074    742.000    733.693     3.5212     3.5209  32.354170  32.355357     2.2972   59.97292  -39.50752     4.9560         47 0.0000e+00
     128619   5359.074    740.000    731.718     3.5221     3.5218  32.354209  32.355303     2.2981   59.97292  -39.50752     4.9560         48 0.0000e+00
     128665   5360.989    738.000    729.744     3.5233     3.5229  32.354399  32.355382     2.2992   59.97292  -39.50752     4.9560         45 0.0000e+00
     128710   5362.868    736.000    727.770     3.5243     3.5238  32.354352  32.355331     2.3004   59.97292  -39.50752     4.9563         46 0.0000e+00
     128757   5364.837    734.000    725.796     3.5253     3.5248  32.354372  32.355328     2.3009   59.97292  -39.50752     4.9563         46 0.0000e+00
     128801   5366.648    732.000    723.822     3.5261     3.5255  32.354143  32.355094     2.3017   59.97292  -39.50752     4.9563         44 0.0000e+00
     128852   5368.778    730.000    721.848     3.5265     3.5259  32.353712  32.354617     2.3027   59.97292  -39.50752     4.9563         57 0.0000e+00
     128904   5370.974    728.000    719.873     3.5281     3.5275  32.354224  32.355089     2.3047   59.97293  -39.50752     4.9561         48 0.0000e+00
     128951   5372.936    726.000    717.899     3.5294     3.5289  32.354377  32.355247     2.3065   59.97293  -39.50752     4.9560         45 0.0000e+00
     128995   5374.753    724.000    715.925     3.5306     3.5300  32.354587  32.355469     2.3085   59.97292  -39.50752     4.9561         44 0.0000e+00
     129042   5376.695    722.000    713.951     3.5313     3.5307  32.354287  32.355187     2.3102   59.97292  -39.50752     4.9562         49 0.0000e+00
     129092   5378.779    720.000    711.976     3.5320     3.5317  32.353947  32.355022     2.3120   59.97294  -39.50752     4.9563         49 0.0000e+00
     129138   5380.709    718.000    710.002     3.5333     3.5330  32.354184  32.355314     2.3141   59.97294  -39.50752     4.9560         45 0.0000e+00
     129185   5382.653    716.000    708.028     3.5339     3.5334  32.353713  32.354767     2.3158   59.97292  -39.50752     4.9561         49 0.0000e+00
     129237   5384.831    714.000    706.053     3.5339     3.5335  32.352820  32.353816     2.3177   59.97294  -39.50752     4.9563         55 0.0000e+00
     129288   5386.967    712.000    704.079     3.5343     3.5340  32.352114  32.353240     2.3197   59.97294  -39.50752     4.9562         45 0.0000e+00
     129329   5388.665    710.000    702.104     3.5356     3.5352  32.352299  32.353394     2.3209   59.97294  -39.50752     4.9560         38 0.0000e+00
     129370   5390.373    708.000    700.130     3.5366     3.5360  32.352473  32.353371     2.3226   59.97294  -39.50752     4.9560         49 0.0000e+00
     129430   5392.894    706.000    698.156     3.5369     3.5358  32.351803  32.352320     2.3261   59.97294  -39.50752     4.9560         61 0.0000e+00
     129478   5394.861    704.000    696.181     3.5378     3.5372  32.351628  32.352595     2.3286   59.97294  -39.50752     4.9560         40 0.0000e+00
     129517   5396.501    702.000    694.207     3.5375     3.5369  32.350312  32.351341     2.3302   59.97294  -39.50752     4.9562         41 0.0000e+00
     129565   5398.505    700.000    692.232     3.5369     3.5365  32.348812  32.349970     2.3328   59.97294  -39.50751     4.9563         56 0.0000e+00
     129620   5400.798    698.000    690.258     3.5363     3.5361  32.347095  32.348504     2.3361   59.97294  -39.50750     4.9564         48 0.0000e+00
     129666   5402.705    696.000    688.283     3.5355     3.5351  32.345292  32.346484     2.3391   59.97294  -39.50752     4.9563         50 0.0000e+00
     129717   5404.853    694.000    686.309     3.5353     3.5348  32.343987  32.345089     2.3422   59.97294  -39.50751     4.9562         47 0.0000e+00
     129761   5406.677    692.000    684.334     3.5353     3.5348  32.343008  32.344105     2.3436   59.97294  -39.50750     4.9562         43 0.0000e+00
     129805   5408.514    690.000    682.360     3.5360     3.5358  32.342756  32.343893     2.3448   59.97294  -39.50750     4.9564         46 0.0000e+00
     129855   5410.567    688.000    680.385     3.5366     3.5362  32.342280  32.343481     2.3469   59.97294  -39.50751     4.9562         52 0.0000e+00
     129902   5412.536    686.000    678.410     3.5371     3.5366  32.341837  32.342830     2.3487   59.97294  -39.50750     4.9561         41 0.0000e+00
     129942   5414.204    684.000    676.436     3.5370     3.5365  32.340786  32.341776     2.3501   59.97294  -39.50750     4.9560         44 0.0000e+00
     129997   5416.520    682.000    674.461     3.5362     3.5361  32.339078  32.340630     2.3527   59.97294  -39.50750     4.9560         63 0.0000e+00
     130053   5418.819    680.000    672.486     3.5349     3.5344  32.336763  32.337780     2.3559   59.97294  -39.50748     4.9560         45 0.0000e+00
     130094   5420.536    678.000    670.512     3.5335     3.5331  32.334235  32.335459     2.3585   59.97294  -39.50748     4.9561         41 0.0000e+00
     130144   5422.620    676.000    668.537     3.5327     3.5324  32.332469  32.333782     2.3619   59.97294  -39.50748     4.9563         62 0.0000e+00
     130199   5424.896    674.000    666.562     3.5320     3.5317  32.330666  32.331853     2.3648   59.97294  -39.50747     4.9561         41 0.0000e+00
     130237   5426.508    672.000    664.588     3.5325     3.5323  32.330006  32.331277     2.3666   59.97296  -39.50748     4.9560         41 0.0000e+00
     130283   5428.428    670.000    662.613     3.5328     3.5322  32.329375  32.330394     2.3685   59.97295  -39.50748     4.9560         48 0.0000e+00
     130329   5430.338    668.000    660.638     3.5321     3.5316  32.327793  32.328869     2.3701   59.97294  -39.50747     4.9560         47 0.0000e+00
     130380   5432.463    666.000    658.663     3.5317     3.5313  32.326438  32.327598     2.3713   59.97295  -39.50746     4.9560         50 0.0000e+00
     130425   5434.320    664.000    656.688     3.5323     3.5319  32.325955  32.327102     2.3727   59.97296  -39.50746     4.9562         43 0.0000e+00
     130478   5436.549    662.000    654.714     3.5326     3.5319  32.325396  32.326314     2.3744   59.97295  -39.50746     4.9563         64 0.0000e+00
     130532   5438.792    660.000    652.739     3.5344     3.5337  32.326090  32.326950     2.3755   59.97296  -39.50746     4.9563         40 0.0000e+00
     130569   5440.321    658.000    650.764     3.5369     3.5366  32.327735  32.328925     2.3764   59.97296  -39.50746     4.9563         39 0.0000e+00
     130620   5442.471    656.000    648.789     3.5383     3.5371  32.328282  32.328592     2.3779   59.97296  -39.50746     4.9562         61 0.0000e+00
     130674   5444.715    654.000    646.814     3.5392     3.5385  32.328135  32.328897     2.3792   59.97296  -39.50745     4.9563         45 0.0000e+00
     130715   5446.405    652.000    644.839     3.5393     3.5387  32.327319  32.328302     2.3796   59.97296  -39.50744     4.9561         38 0.0000e+00
     130754   5448.061    650.000    642.864     3.5391     3.5387  32.326320  32.327408     2.3797   59.97296  -39.50746     4.9560         44 0.0000e+00
     130812   5450.455    648.000    640.889     3.5391     3.5385  32.325314  32.326281     2.3818   59.97296  -39.50746     4.9560         67 0.0000e+00
     130866   5452.695    646.000    638.914     3.5396     3.5391  32.324891  32.325964     2.3832   59.97296  -39.50746     4.9560         38 0.0000e+00
     130898   5454.057    644.000    636.939     3.5405     3.5400  32.324758  32.325780     2.3836   59.97296  -39.50744     4.9560         32 0.0000e+00
     130943   5455.917    642.000    634.964     3.5411     3.5404  32.324573  32.325381     2.3840   59.97296  -39.50746     4.9560         71 0.0000e+00
     131020   5459.124    640.000    632.989     3.5419     3.5410  32.324289  32.325034     2.3859   59.97296  -39.50746     4.9560         52 0.0000e+00
     131054   5460.540    638.000    631.014     3.5418     3.5412  32.323135  32.324109     2.3869   59.97296  -39.50746     4.9560         32 0.0000e+00
     131087   5461.898    636.000    629.039     3.5411     3.5407  32.321671  32.322799     2.3872   59.97296  -39.50746     4.9560         37 0.0000e+00
     131136   5463.955    634.000    627.064     3.5405     3.5404  32.320071  32.321558     2.3878   59.97296  -39.50747     4.9563         61 0.0000e+00
     131197   5466.501    632.000    625.089     3.5404     3.5401  32.319006  32.320320     2.3889   59.97296  -39.50747     4.9562         53 0.0000e+00
     131240   5468.304    630.000    623.114     3.5410     3.5404  32.318600  32.319606     2.3895   59.97296  -39.50746     4.9560         38 0.0000e+00
     131279   5469.919    628.000    621.139     3.5420     3.5415  32.318801  32.319709     2.3900   59.97296  -39.50747     4.9560         42 0.0000e+00
     131330   5472.036    626.000    619.163     3.5440     3.5419  32.319787  32.319472     2.3912   59.97296  -39.50748     4.9560         61 0.0000e+00
     131388   5474.476    624.000    617.188     3.5455     3.5441  32.320327  32.320425     2.3916   59.97296  -39.50748     4.9560         48 0.0000e+00
     131428   5476.129    622.000    615.213     3.5467     3.5462  32.320705  32.321668     2.3921   59.97296  -39.50748     4.9560         36 0.0000e+00
     131464   5477.641    620.000    613.238     3.5479     3.5472  32.321104  32.321825     2.3930   59.97296  -39.50748     4.9560         40 0.0000e+00
     131520   5479.946    618.000    611.263     3.5485     3.5473  32.320786  32.321233     2.3931   59.97296  -39.50750     4.9562         70 0.0000e+00
     131582   5482.555    616.000    609.287     3.5491     3.5485  32.320429  32.321270     2.3931   59.97296  -39.50750     4.9562         49 0.0000e+00
     131627   5484.411    614.000    607.312     3.5504     3.5495  32.320741  32.321595     2.3937   59.97296  -39.50750     4.9560         49 0.0000e+00
     131732   5488.789    612.000    605.336     3.5502     3.5497  32.319739  32.320876     2.3943   59.97296  -39.50751     4.9560         98 0.0000e+00
     132544   5522.635    610.000    603.361     3.5508     3.5504  32.319377  32.320552     2.3948   59.97297  -39.50752     4.9560         86 0.0000e+00
     133158   5548.193    608.000    601.386     3.5512     3.5508  32.318819  32.319958     2.3966   59.97296  -39.50752     4.9560         75 0.0000e+00
     133166   5548.558    606.000    599.410     3.5507     3.5503  32.317337  32.318567     2.3974   59.97298  -39.50750     4.9560         44 0.0000e+00
     133212   5550.439    604.000    597.435     3.5514     3.5510  32.317264  32.318374     2.3977   59.97298  -39.50750     4.9561         46 0.0000e+00
     133259   5552.432    602.000    595.460     3.5516     3.5510  32.316481  32.317511     2.3984   59.97297  -39.50752     4.9562         53 0.0000e+00
     133317   5554.839    600.000    593.484     3.5507     3.5503  32.314681  32.315835     2.3992   59.97298  -39.50750     4.9562         53 0.0000e+00
     133359   5556.574    598.000    591.509     3.5511     3.5506  32.314082  32.315067     2.3993   59.97298  -39.50748     4.9560         37 0.0000e+00
     133399   5558.258    596.000    589.533     3.5513     3.5508  32.313292  32.314346     2.3994   59.97298  -39.50750     4.9560         47 0.0000e+00
     133461   5560.839    594.000    587.558     3.5509     3.5506  32.312036  32.313200     2.3996   59.97298  -39.50749     4.9560         68 0.0000e+00
     133512   5562.978    592.000    585.582     3.5511     3.5505  32.311199  32.312185     2.3992   59.97298  -39.50748     4.9560         37 0.0000e+00
     133547   5564.417    590.000    583.607     3.5541     3.5531  32.313207  32.313732     2.3988   59.97298  -39.50748     4.9560         37 0.0000e+00
     133592   5566.282    588.000    581.631     3.5554     3.5535  32.313604  32.313391     2.3992   59.97298  -39.50748     4.9560         52 0.0000e+00
     133646   5568.562    586.000    579.656     3.5557     3.5544  32.312990  32.313183     2.3998   59.97298  -39.50748     4.9560         53 0.0000e+00
     133695   5570.580    584.000    577.680     3.5562     3.5557  32.312547  32.313566     2.4000   59.97298  -39.50748     4.9561         44 0.0000e+00
     133739   5572.414    582.000    575.705     3.5562     3.5557  32.311612  32.312757     2.3998   59.97298  -39.50746     4.9563         45 0.0000e+00
     133786   5574.358    580.000    573.729     3.5555     3.5551  32.310000  32.311144     2.3996   59.97298  -39.50746     4.9562         50 0.0000e+00
     133838   5576.523    578.000    571.753     3.5560     3.5555  32.309538  32.310563     2.4000   59.97298  -39.50746     4.9560         50 0.0000e+00
