Example_Files/SBE_Processing_Files/Processed_SBE_cast_files/upcasts/uar69-01_010.cnv
* Sea-Bird SBE 9 Data File:
* FileName = D:\data\ar69-01_010.hex
* Software Version Seasave V 7.26.7.107
* Temperature SN = 4491
* Conductivity SN = 3009
* Number of Bytes Per Scan = 44
* Number of Voltage Words = 5
* Number of Scans Averaged by the Deck Unit = 1
* NMEA Latitude = 59 48.41 N
* NMEA Longitude = 040 16.60 W
* NMEA UTC (Time) = Jun 29 2022  14:57:01
** Cruise ID: AR69-01
** Chief Sci:
** Station #: 010
** Site ID: M3
# nquan = 14
# nvalues = 1293                        
# units = specified
# name 0 = scan: Scan Count
# name 1 = timeS: Time, Elapsed [seconds]
# name 2 = prDM: Pressure, Digiquartz [db]
# name 3 = depSM: Depth [salt water, m]
# name 4 = t090C: Temperature [ITS-90, deg C]
# name 5 = t190C: Temperature, 2 [ITS-90, deg C]
# name 6 = c0mS/cm: Conductivity [mS/cm]
# name 7 = c1mS/cm: Conductivity, 2 [mS/cm]
# name 8 = sbeox0V: Oxygen raw, SBE 43 [V]
# name 9 = latitude: Latitude [deg]
# name 10 = longitude: Longitude [deg]
# name 11 = v7: Voltage 7
# name 12 = nbin: number of scans per bin
# name 13 = flag: flag
# span 0 =      74435,     180176       
# span 1 =   3101.413,   7507.281       
# span 2 =      6.000,   2590.000       
# span 3 =      5.943,   2549.901       
# span 4 =     1.4940,     7.0067       
# span 5 =     1.4940,     7.0079       
# span 6 =  31.322259,  35.095331       
# span 7 =  31.322908,  35.097620       
# span 8 =     1.8621,     2.8169       
# span 9 =   59.80674,   59.80680       
# span 10 =  -40.27673,  -40.27666      
# span 11 =     4.9560,     4.9569      
# span 12 =         22,        123      
# span 13 = 0.0000e+00, 0.0000e+00      
# interval = decibars: 2                
# start_time = Jun 29 2022 14:57:01 [NMEA time, first data scan]
# bad_flag = -9.990e-29
*END*
[from data line 930]
     151833   6326.342    730.000    721.857     3.5850     3.5849  32.409568  32.410812     2.3010   59.80676  -40.27670     4.9560         70 0.0000e+00
     151897   6329.010    728.000    719.883     3.5875     3.5876  32.410864  32.412322     2.3002   59.80676  -40.27670     4.9560         50 0.0000e+00
     151940   6330.804    726.000    717.909     3.5943     3.5939  32.416732  32.417679     2.2998   59.80676  -40.27670     4.9560         42 0.0000e+00
     151982   6332.560    724.000    715.934     3.5953     3.5947  32.416929  32.417634     2.2996   59.80676  -40.27670     4.9560         42 0.0000e+00
     152024   6334.276    722.000    713.960     3.5959     3.5954  32.416742  32.417561     2.2987   59.80676  -40.27670     4.9560         41 0.0000e+00
     152070   6336.209    720.000    711.986     3.5973     3.5961  32.417319  32.417555     2.2986   59.80676  -40.27672     4.9560         55 0.0000e+00
     152131   6338.740    718.000    710.011     3.5980     3.5969  32.417077  32.417520     2.2986   59.80676  -40.27670     4.9563         58 0.0000e+00
     152178   6340.722    716.000    708.037     3.5993     3.5989  32.417420  32.418464     2.2990   59.80676  -40.27668     4.9563         39 0.0000e+00
     152214   6342.210    714.000    706.063     3.5999     3.5996  32.417073  32.418120     2.2993   59.80676  -40.27670     4.9561         35 0.0000e+00
     152258   6344.043    712.000    704.088     3.5999     3.5993  32.416195  32.417234     2.3002   59.80676  -40.27672     4.9560         58 0.0000e+00
     152319   6346.594    710.000    702.114     3.5994     3.5990  32.414816  32.415942     2.3020   59.80676  -40.27670     4.9563         58 0.0000e+00
     152378   6349.032    708.000    700.139     3.5975     3.5971  32.411806  32.412900     2.3050   59.80676  -40.27668     4.9563         56 0.0000e+00
     152421   6350.851    706.000    698.165     3.5980     3.5973  32.411136  32.411725     2.3058   59.80676  -40.27669     4.9563         33 0.0000e+00
     152452   6352.113    704.000    696.190     3.6006     3.5998  32.412991  32.413288     2.3061   59.80676  -40.27672     4.9563         31 0.0000e+00
     152487   6353.583    702.000    694.216     3.6025     3.6014  32.413720  32.413964     2.3067   59.80676  -40.27672     4.9562         42 0.0000e+00
     152561   6356.671    700.000    692.242     3.6043     3.6053  32.414769  32.416859     2.3074   59.80676  -40.27669     4.9563         64 0.0000e+00
     152623   6359.262    698.000    690.267     3.6078     3.6077  32.416920  32.418049     2.3082   59.80676  -40.27668     4.9563         28 0.0000e+00
     152648   6360.272    696.000    688.292     3.6122     3.6115  32.420225  32.420851     2.3082   59.80678  -40.27670     4.9565         24 0.0000e+00
     152675   6361.399    694.000    686.318     3.6131     3.6125  32.420136  32.421068     2.3082   59.80678  -40.27671     4.9562         33 0.0000e+00
     152728   6363.636    692.000    684.343     3.6136     3.6129  32.419914  32.420657     2.3083   59.80677  -40.27672     4.9560         71 0.0000e+00
     152805   6366.839    690.000    682.369     3.6135     3.6129  32.418827  32.419707     2.3104   59.80678  -40.27669     4.9562         75 0.0000e+00
     152858   6369.027    688.000    680.394     3.6143     3.6138  32.418390  32.419250     2.3138   59.80678  -40.27670     4.9563         35 0.0000e+00
     152888   6370.300    686.000    678.419     3.6136     3.6131  32.416386  32.417447     2.3166   59.80678  -40.27670     4.9562         30 0.0000e+00
     152922   6371.708    684.000    676.445     3.6128     3.6125  32.414543  32.415644     2.3196   59.80678  -40.27670     4.9560         38 0.0000e+00
     152967   6373.598    682.000    674.470     3.6127     3.6123  32.413442  32.414611     2.3229   59.80678  -40.27670     4.9560         62 0.0000e+00
     153041   6376.665    680.000    672.495     3.6127     3.6123  32.412107  32.413202     2.3265   59.80678  -40.27670     4.9564         60 0.0000e+00
     153082   6378.363    678.000    670.521     3.6134     3.6131  32.411709  32.412887     2.3275   59.80678  -40.27670     4.9563         36 0.0000e+00
     153122   6380.046    676.000    668.546     3.6136     3.6131  32.411051  32.412088     2.3289   59.80678  -40.27670     4.9562         50 0.0000e+00
     153177   6382.314    674.000    666.571     3.6138     3.6136  32.410382  32.411509     2.3306   59.80678  -40.27670     4.9563         47 0.0000e+00
     153213   6383.844    672.000    664.596     3.6156     3.6154  32.410968  32.412090     2.3314   59.80678  -40.27670     4.9561         33 0.0000e+00
     153253   6385.514    670.000    662.622     3.6166     3.6159  32.411015  32.411831     2.3318   59.80678  -40.27670     4.9560         56 0.0000e+00
     153332   6388.788    668.000    660.647     3.6173     3.6171  32.410808  32.412034     2.3352   59.80678  -40.27669     4.9564         72 0.0000e+00
     153376   6390.613    666.000    658.672     3.6178     3.6175  32.410045  32.411049     2.3373   59.80678  -40.27668     4.9562         36 0.0000e+00
     153410   6392.022    664.000    656.697     3.6181     3.6178  32.409209  32.410354     2.3385   59.80678  -40.27670     4.9561         32 0.0000e+00
     153442   6393.392    662.000    654.722     3.6181     3.6177  32.408261  32.409408     2.3396   59.80678  -40.27670     4.9560         36 0.0000e+00
     153500   6395.798    660.000    652.747     3.6178     3.6175  32.407195  32.408281     2.3423   59.80678  -40.27670     4.9561         74 0.0000e+00
     153555   6398.097    658.000    650.772     3.6179     3.6177  32.406110  32.407307     2.3436   59.80678  -40.27668     4.9563         39 0.0000e+00
     153600   6399.938    656.000    648.798     3.6179     3.6175  32.405158  32.406281     2.3451   59.80678  -40.27668     4.9562         55 0.0000e+00
     153653   6402.186    654.000    646.823     3.6180     3.6178  32.404287  32.405440     2.3469   59.80678  -40.27668     4.9560         42 0.0000e+00
     153690   6403.700    652.000    644.848     3.6190     3.6186  32.404139  32.405160     2.3473   59.80678  -40.27670     4.9560         38 0.0000e+00
     153740   6405.810    650.000    642.873     3.6200     3.6198  32.404387  32.405628     2.3474   59.80678  -40.27670     4.9560         62 0.0000e+00
     153795   6408.066    648.000    640.898     3.6211     3.6209  32.404386  32.405603     2.3486   59.80678  -40.27668     4.9560         45 0.0000e+00
     153838   6409.888    646.000    638.923     3.6221     3.6219  32.404475  32.405592     2.3491   59.80678  -40.27668     4.9560         45 0.0000e+00
     153886   6411.880    644.000    636.948     3.6224     3.6220  32.403776  32.404847     2.3497   59.80678  -40.27670     4.9560         50 0.0000e+00
     153938   6414.038    642.000    634.973     3.6226     3.6225  32.403088  32.404420     2.3512   59.80678  -40.27669     4.9560         52 0.0000e+00
     153985   6415.991    640.000    632.998     3.6239     3.6236  32.403392  32.404383     2.3522   59.80678  -40.27668     4.9560         40 0.0000e+00
     154023   6417.582    638.000    631.023     3.6243     3.6238  32.402786  32.403812     2.3527   59.80678  -40.27668     4.9563         41 0.0000e+00
     154076   6419.799    636.000    629.047     3.6242     3.6240  32.401904  32.403135     2.3536   59.80678  -40.27670     4.9563         65 0.0000e+00
     154132   6422.139    634.000    627.072     3.6255     3.6254  32.402123  32.403201     2.3543   59.80678  -40.27670     4.9563         39 0.0000e+00
     154165   6423.497    632.000    625.097     3.6279     3.6277  32.403389  32.404471     2.3547   59.80678  -40.27668     4.9563         34 0.0000e+00
     154217   6425.659    630.000    623.122     3.6284     3.6285  32.403037  32.404535     2.3547   59.80678  -40.27669     4.9563         74 0.0000e+00
     154283   6428.420    628.000    621.147     3.6298     3.6300  32.403302  32.404836     2.3542   59.80678  -40.27670     4.9564         46 0.0000e+00
     154318   6429.885    626.000    619.171     3.6342     3.6340  32.406575  32.407650     2.3539   59.80678  -40.27670     4.9560         31 0.0000e+00
     154354   6431.365    624.000    617.196     3.6353     3.6346  32.406872  32.407586     2.3535   59.80678  -40.27670     4.9560         47 0.0000e+00
     154417   6434.013    622.000    615.221     3.6385     3.6377  32.409105  32.409605     2.3530   59.80678  -40.27670     4.9562         63 0.0000e+00
     154462   6435.890    620.000    613.246     3.6395     3.6394  32.408989  32.409978     2.3531   59.80678  -40.27669     4.9563         37 0.0000e+00
     154498   6437.388    618.000    611.271     3.6411     3.6408  32.409559  32.410601     2.3533   59.80678  -40.27670     4.9562         38 0.0000e+00
     154551   6439.597    616.000    609.295     3.6414     3.6410  32.408992  32.410084     2.3539   59.80678  -40.27669     4.9560         65 0.0000e+00
     154607   6441.937    614.000    607.320     3.6425     3.6421  32.408968  32.409903     2.3546   59.80678  -40.27668     4.9562         46 0.0000e+00
     154651   6443.754    612.000    605.345     3.6432     3.6431  32.408715  32.409859     2.3554   59.80678  -40.27670     4.9563         43 0.0000e+00
     154692   6445.464    610.000    603.369     3.6435     3.6433  32.408109  32.409189     2.3560   59.80678  -40.27670     4.9562         40 0.0000e+00
     154739   6447.427    608.000    601.394     3.6434     3.6432  32.407157  32.408354     2.3569   59.80678  -40.27668     4.9560         59 0.0000e+00
     154801   6450.021    606.000    599.418     3.6435     3.6432  32.406230  32.407359     2.3584   59.80678  -40.27668     4.9562         52 0.0000e+00
     154843   6451.761    604.000    597.443     3.6439     3.6434  32.405406  32.406306     2.3590   59.80678  -40.27669     4.9563         40 0.0000e+00
     154887   6453.582    602.000    595.468     3.6448     3.6454  32.405321  32.407178     2.3600   59.80678  -40.27668     4.9563         48 0.0000e+00
     154935   6455.574    600.000    593.492     3.6461     3.6459  32.405443  32.406678     2.3606   59.80677  -40.27668     4.9563         47 0.0000e+00
     154981   6457.516    598.000    591.517     3.6456     3.6454  32.403915  32.405143     2.3611   59.80677  -40.27668     4.9563         46 0.0000e+00
     155031   6459.577    596.000    589.541     3.6442     3.6440  32.401629  32.402897     2.3635   59.80678  -40.27668     4.9563         55 0.0000e+00
     155084   6461.788    594.000    587.566     3.6420     3.6413  32.398226  32.399120     2.3669   59.80677  -40.27668     4.9562         46 0.0000e+00
     155124   6463.453    592.000    585.590     3.6373     3.6374  32.392225  32.393969     2.3698   59.80676  -40.27669     4.9563         36 0.0000e+00
     155164   6465.127    590.000    583.615     3.6369     3.6367  32.390879  32.392134     2.3721   59.80677  -40.27670     4.9563         49 0.0000e+00
     155227   6467.763    588.000    581.639     3.6363     3.6360  32.389439  32.390506     2.3758   59.80676  -40.27669     4.9564         68 0.0000e+00
     155279   6469.913    586.000    579.663     3.6330     3.6335  32.384675  32.386968     2.3794   59.80676  -40.27668     4.9562         39 0.0000e+00
     155315   6471.407    584.000    577.688     3.6294     3.6295  32.379925  32.381362     2.3814   59.80676  -40.27669     4.9564         36 0.0000e+00
     155357   6473.157    582.000    575.712     3.6279     3.6274  32.377336  32.378398     2.3831   59.80676  -40.27670     4.9564         48 0.0000e+00
     155413   6475.490    580.000    573.737     3.6275     3.6271  32.375984  32.377142     2.3848   59.80676  -40.27670     4.9563         66 0.0000e+00
     155473   6478.000    578.000    571.761     3.6268     3.6267  32.374100  32.375409     2.3864   59.80676  -40.27668     4.9563         45 0.0000e+00
     155509   6479.515    576.000    569.785     3.6265     3.6263  32.372877  32.373983     2.3866   59.80676  -40.27668     4.9561         33 0.0000e+00
     155544   6480.963    574.000    567.810     3.6269     3.6267  32.372307  32.373497     2.3863   59.80676  -40.27670     4.9560         38 0.0000e+00
     155586   6482.708    572.000    565.834     3.6269     3.6267  32.371397  32.372636     2.3864   59.80676  -40.27670     4.9560         48 0.0000e+00
     155660   6485.779    570.000    563.858     3.6282     3.6293  32.371862  32.374148     2.3884   59.80676  -40.27670     4.9563         83 0.0000e+00
     155713   6487.989    568.000    561.883     3.6329     3.6321  32.375268  32.375530     2.3882   59.80676  -40.27668     4.9562         30 0.0000e+00
     155739   6489.101    566.000    559.907     3.6352     3.6348  32.376377  32.377287     2.3879   59.80676  -40.27670     4.9563         27 0.0000e+00
     155777   6490.654    564.000    557.931     3.6354     3.6355  32.375913  32.377263     2.3880   59.80676  -40.27670     4.9564         54 0.0000e+00
     155845   6493.512    562.000    555.955     3.6364     3.6360  32.375956  32.376833     2.3873   59.80676  -40.27671     4.9563         71 0.0000e+00
     155901   6495.839    560.000    553.979     3.6404     3.6401  32.378927  32.379438     2.3854   59.80674  -40.27670     4.9564         43 0.0000e+00
     155940   6497.468    558.000    552.003     3.6494     3.6493  32.386687  32.387345     2.3836   59.80674  -40.27670     4.9563         37 0.0000e+00
     155978   6499.029    556.000    550.028     3.6542     3.6544  32.390364  32.391722     2.3820   59.80674  -40.27672     4.9562         39 0.0000e+00
     156018   6500.700    554.000    548.052     3.6580     3.6600  32.392792  32.395796     2.3796   59.80674  -40.27672     4.9563         42 0.0000e+00
     156073   6502.999    552.000    546.076     3.6670     3.6660  32.401106  32.401288     2.3774   59.80674  -40.27672     4.9563         71 0.0000e+00
     156136   6505.626    550.000    544.100     3.6765     3.6742  32.409124  32.407692     2.3722   59.80674  -40.27672     4.9563         46 0.0000e+00
     156176   6507.311    548.000    542.124     3.6938     3.6895  32.425486  32.421868     2.3700   59.80674  -40.27672     4.9563         42 0.0000e+00
     156223   6509.232    546.000    540.148     3.6945     3.6936  32.425191  32.425270     2.3683   59.80674  -40.27672     4.9564         46 0.0000e+00
     156263   6510.925    544.000    538.172     3.7000     3.6991  32.429625  32.429989     2.3696   59.80674  -40.27672     4.9562         36 0.0000e+00
     156300   6512.473    542.000    536.196     3.6937     3.6920  32.421981  32.422567     2.3726   59.80674  -40.27673     4.9562         44 0.0000e+00
     156385   6515.991    540.000    534.220     3.6809     3.6817  32.407925  32.410017     2.3825   59.80674  -40.27672     4.9560         58 0.0000e+00
     156428   6517.780    538.000    532.244     3.6736     3.6729  32.399354  32.401166     2.3878   59.80674  -40.27672     4.9560         28 0.0000e+00
     156452   6518.803    536.000    530.268     3.6650     3.6644  32.389575  32.391185     2.3903   59.80674  -40.27672     4.9560         24 0.0000e+00
     156481   6520.021    534.000    528.292     3.6640     3.6637  32.387470  32.388847     2.3921   59.80674  -40.27672     4.9560         38 0.0000e+00
     156557   6523.150    532.000    526.316     3.6632     3.6628  32.385691  32.386755     2.3947   59.80674  -40.27673     4.9563         89 0.0000e+00
     156616   6525.623    530.000    524.340     3.6684     3.6681  32.389619  32.390282     2.3952   59.80674  -40.27672     4.9563         35 0.0000e+00
     156648   6526.938    528.000    522.363     3.6741     3.6731  32.394271  32.394375     2.3954   59.80674  -40.27672     4.9564         34 0.0000e+00
