Example_Files/SBE_Processing_Files/Processed_SBE_cast_files/upcasts/uar69-01_010.cnv
* Sea-Bird SBE 9 Data File:
* FileName = D:\data\ar69-01_010.hex
* Software Version Seasave V 7.26.7.107
* Temperature SN = 4491
* Conductivity SN = 3009
* Number of Bytes Per Scan = 44
* Number of Voltage Words = 5
* Number of Scans Averaged by the Deck Unit = 1
* NMEA Latitude = 59 48.41 N
* NMEA Longitude = 040 16.60 W
* NMEA UTC (Time) = Jun 29 2022  14:57:01
** Cruise ID: AR69-01
** Chief Sci:
** Station #: 010
** Site ID: M3
# nquan = 14
# nvalues = 1293                        
# units = specified
# name 0 = scan: Scan Count
# name 1 = timeS: Time, Elapsed [seconds]
# name 2 = prDM: Pressure, Digiquartz [db]
# name 3 = depSM: Depth [salt water, m]
# name 4 = t090C: Temperature [ITS-90, deg C]
# name 5 = t190C: Temperature, 2 [ITS-90, deg C]
# name 6 = c0mS/cm: Conductivity [mS/cm]
# name 7 = c1mS/cm: Conductivity, 2 [mS/cm]
# name 8 = sbeox0V: Oxygen raw, SBE 43 [V]
# name 9 = latitude: Latitude [deg]
# name 10 = longitude: Longitude [deg]
# name 11 = v7: Voltage 7
# name 12 = nbin: number of scans per bin
# name 13 = flag: flag
# span 0 =      74435,     180176       
# span 1 =   3101.413,   7507.281       
# span 2 =      6.000,   2590.000       
# span 3 =      5.943,   2549.901       
# span 4 =     1.4940,     7.0067       
# span 5 =     1.4940,     7.0079       
# span 6 =  31.322259,  35.095331       
# span 7 =  31.322908,  35.097620       
# span 8 =     1.8621,     2.8169       
# span 9 =   59.80674,   59.80680       
# span 10 =  -40.27673,  -40.27666      
# span 11 =     4.9560,     4.9569      
# span 12 =         22,        123      
# span 13 = 0.0000e+00, 0.0000e+00      
# interval = decibars: 2                
# start_time = Jun 29 2022 14:57:01 [NMEA time, first data scan]
# bad_flag = -9.990e-29
*END*
[from data line 1239]
     170811   7117.073    112.000    110.916     4.9027     4.8881  33.346026  33.334878     2.5359   59.80674  -40.27670     4.9566         65 0.0000e+00
     170914   7121.369    110.000    108.935     4.9173     4.9061  33.359432  33.351111     2.5384   59.80674  -40.27670     4.9566         80 0.0000e+00
     171082   7128.394    108.000    106.955     4.9346     4.9272  33.375051  33.368250     2.5411   59.80674  -40.27670     4.9566        100 0.0000e+00
     172521   7188.332    106.000    104.975     4.9992     4.9936  33.435652  33.431675     2.5441   59.80675  -40.27669     4.9566        100 0.0000e+00
     173157   7214.827    104.000    102.995     5.0066     5.0016  33.442257  33.438369     2.5446   59.80676  -40.27668     4.9566         79 0.0000e+00
     173260   7219.143    102.000    101.015     5.0177     5.0163  33.451823  33.452455     2.5430   59.80676  -40.27668     4.9566        100 0.0000e+00
     173366   7223.526    100.000     99.035     5.0268     5.0238  33.460632  33.459387     2.5425   59.80676  -40.27668     4.9567         79 0.0000e+00
     173476   7228.106     98.000     97.055     5.0458     5.0415  33.478335  33.474783     2.5439   59.80676  -40.27668     4.9567         51 0.0000e+00
     173555   7231.431     96.000     95.074     5.0593     5.0560  33.490257  33.488222     2.5458   59.80676  -40.27668     4.9566         75 0.0000e+00
     173679   7236.599     94.000     93.094     5.0675     5.0658  33.496141  33.496295     2.5490   59.80676  -40.27668     4.9567         43 0.0000e+00
     173746   7239.356     92.000     91.114     5.0704     5.0690  33.497395  33.497767     2.5495   59.80676  -40.27668     4.9567         59 0.0000e+00
     173872   7244.638     90.000     89.133     5.0767     5.0755  33.502479  33.502408     2.5529   59.80676  -40.27668     4.9567         83 0.0000e+00
     173953   7247.996     88.000     87.153     5.1218     5.1113  33.545341  33.533046     2.5525   59.80676  -40.27668     4.9567         52 0.0000e+00
     174066   7252.709     86.000     85.173     5.1609     5.1603  33.581834  33.583777     2.5539   59.80676  -40.27669     4.9567         82 0.0000e+00
     174158   7256.557     84.000     83.192     5.2024     5.1999  33.621554  33.618122     2.5546   59.80676  -40.27669     4.9567         93 0.0000e+00
     174272   7261.289     82.000     81.212     5.2469     5.2208  33.664400  33.640318     2.5540   59.80676  -40.27669     4.9567         90 0.0000e+00
     174356   7264.801     80.000     79.232     5.2653     5.2554  33.680922  33.671867     2.5539   59.80676  -40.27669     4.9566         83 0.0000e+00
     174478   7269.857     78.000     77.251     5.2699     5.2667  33.683990  33.682420     2.5631   59.80676  -40.27668     4.9567         45 0.0000e+00
     174548   7272.792     76.000     75.271     5.2667     5.2666  33.677523  33.680501     2.5678   59.80676  -40.27670     4.9567         55 0.0000e+00
     174681   7278.326     74.000     73.290     5.2583     5.2619  33.665448  33.672740     2.5736   59.80676  -40.27668     4.9566         64 0.0000e+00
     174748   7281.105     72.000     71.310     5.2593     5.2601  33.664323  33.666742     2.5779   59.80676  -40.27669     4.9567         77 0.0000e+00
     174890   7287.042     70.000     69.329     5.2729     5.2678  33.676764  33.672698     2.5821   59.80676  -40.27668     4.9567         51 0.0000e+00
     174948   7289.463     68.000     67.349     5.2895     5.2841  33.691888  33.688113     2.5821   59.80676  -40.27669     4.9566         66 0.0000e+00
     175085   7295.173     66.000     65.368     5.2924     5.2902  33.693090  33.692886     2.5866   59.80676  -40.27668     4.9566         65 0.0000e+00
     175153   7297.987     64.000     63.388     5.2966     5.2941  33.694549  33.694126     2.5872   59.80676  -40.27669     4.9566         77 0.0000e+00
     175283   7303.418     62.000     61.407     5.3235     5.3123  33.719727  33.708796     2.5869   59.80674  -40.27668     4.9567         50 0.0000e+00
     175362   7306.709     60.000     59.427     5.3844     5.3810  33.778917  33.775455     2.5861   59.80675  -40.27669     4.9567         66 0.0000e+00
     175463   7310.919     58.000     57.446     5.4477     5.4312  33.839867  33.823542     2.5843   59.80676  -40.27668     4.9567         54 0.0000e+00
     176529   7355.333     56.000     55.465     5.5008     5.4836  33.882168  33.865929     2.6052   59.80676  -40.27669     4.9567        113 0.0000e+00
     177591   7399.578     54.000     53.485     5.6457     5.6353  34.001997  33.991391     2.6291   59.80676  -40.27670     4.9567         64 0.0000e+00
     177656   7402.300     52.000     51.504     5.6912     5.6877  34.034850  34.032234     2.6345   59.80676  -40.27670     4.9567         91 0.0000e+00
     177791   7407.904     50.000     49.523     5.7209     5.7255  34.053208  34.058805     2.6661   59.80674  -40.27669     4.9567         67 0.0000e+00
     177844   7410.135     48.000     47.543     5.8563     5.8587  34.155610  34.147810     2.6774   59.80674  -40.27668     4.9567         33 0.0000e+00
     177919   7413.232     46.000     45.562     6.0785     5.9900  34.346085  34.270098     2.6848   59.80674  -40.27670     4.9567         50 0.0000e+00
     178033   7417.984     44.000     43.581     6.1486     6.1116  34.405646  34.371616     2.7001   59.80676  -40.27670     4.9568         52 0.0000e+00
     178144   7422.614     42.000     41.600     6.1885     6.1603  34.438156  34.415888     2.7093   59.80674  -40.27671     4.9567        110 0.0000e+00
     178256   7427.294     40.000     39.620     6.2574     6.2011  34.491667  34.443210     2.7251   59.80675  -40.27669     4.9568         77 0.0000e+00
     178326   7430.208     38.000     37.639     6.3821     6.3624  34.598277  34.577639     2.7327   59.80675  -40.27671     4.9568         81 0.0000e+00
     178455   7435.564     36.000     35.658     6.4513     6.4273  34.656433  34.633011     2.7562   59.80675  -40.27670     4.9567         76 0.0000e+00
     178526   7438.562     34.000     33.677     6.5522     6.5309  34.744776  34.721844     2.7652   59.80676  -40.27671     4.9567         71 0.0000e+00
     178635   7443.071     32.000     31.696     6.5923     6.5832  34.778676  34.770794     2.7786   59.80675  -40.27670     4.9569         53 0.0000e+00
     178732   7447.114     30.000     29.715     6.6445     6.6255  34.829723  34.811907     2.7804   59.80676  -40.27671     4.9568         71 0.0000e+00
     178817   7450.676     28.000     27.735     6.6384     6.6327  34.818943  34.815564     2.7786   59.80676  -40.27671     4.9567         71 0.0000e+00
     178916   7454.777     26.000     25.754     6.6277     6.6246  34.802967  34.801978     2.7768   59.80676  -40.27670     4.9567         92 0.0000e+00
     179044   7460.115     24.000     23.773     6.6545     6.6460  34.821710  34.816203     2.7977   59.80676  -40.27669     4.9568         59 0.0000e+00
     179095   7462.231     22.000     21.792     6.8766     6.8671  34.999053  34.983695     2.8035   59.80676  -40.27671     4.9569         48 0.0000e+00
     179224   7467.620     20.000     19.811     6.9440     6.9234  35.053645  35.039658     2.8041   59.80676  -40.27670     4.9567         65 0.0000e+00
     179296   7470.614     18.000     17.830     6.9113     6.9046  35.026860  35.024104     2.8032   59.80676  -40.27671     4.9567         63 0.0000e+00
     179415   7475.583     16.000     15.849     6.8636     6.8680  34.987649  34.994207     2.8113   59.80676  -40.27671     4.9568         73 0.0000e+00
     179502   7479.201     14.000     13.868     6.9581     6.9471  35.060827  35.052611     2.8146   59.80676  -40.27671     4.9568         69 0.0000e+00
     179591   7482.904     12.000     11.887     6.9846     6.9911  35.080688  35.086597     2.8145   59.80676  -40.27671     4.9568         61 0.0000e+00
     179720   7488.278     10.000      9.906     7.0022     6.9973  35.093012  35.091142     2.8168   59.80676  -40.27670     4.9568         92 0.0000e+00
     179860   7494.109      8.000      7.925     7.0064     7.0055  35.095331  35.096517     2.8151   59.80676  -40.27671     4.9569        110 0.0000e+00
     180176   7507.281      6.000      5.943     7.0067     7.0079  35.094787  35.097620     2.8169   59.80676  -40.27670     4.9568         98 0.0000e+00
