Example_Files/SBE_Processing_Files/Processed_SBE_cast_files/upcasts/uar69-01_015.cnv
* Sea-Bird SBE 9 Data File:
* FileName = D:\data\ar69-01_015.hex
* Software Version Seasave V 7.26.7.107
* Temperature SN = 4491
* Conductivity SN = 3009
* Number of Bytes Per Scan = 44
* Number of Voltage Words = 5
* Number of Scans Averaged by the Deck Unit = 1
* NMEA Latitude = 59 43.02 N
* NMEA Longitude = 039 20.16 W
* NMEA UTC (Time) = Jul 02 2022  17:28:01
** Cruise ID: AR69-01
** Chief Sci:
** Station #: 015
** Site ID: Irminger FLMB (OSNAP acoustic release test)
** retesting acoustic releases
# nquan = 14
# nvalues = 505                         
# units = specified
# name 0 = scan: Scan Count
# name 1 = timeS: Time, Elapsed [seconds]
# name 2 = prDM: Pressure, Digiquartz [db]
# name 3 = depSM: Depth [salt water, m]
# name 4 = t090C: Temperature [ITS-90, deg C]
# name 5 = t190C: Temperature, 2 [ITS-90, deg C]
# name 6 = c0mS/cm: Conductivity [mS/cm]
# name 7 = c1mS/cm: Conductivity, 2 [mS/cm]
# name 8 = sbeox0V: Oxygen raw, SBE 43 [V]
# name 9 = latitude: Latitude [deg]
# name 10 = longitude: Longitude [deg]
# name 11 = v7: Voltage 7
# name 12 = nbin: number of scans per bin
# name 13 = flag: flag
# span 0 =      79655,     105388       
# span 1 =   3318.918,   4391.133       
# span 2 =      4.000,   1012.000       
# span 3 =      3.962,   1000.044       
# span 4 =     3.4231,     7.4144       
# span 5 =     3.4228,     7.4146       
# span 6 =  32.256005,  35.460998       
# span 7 =  32.257805,  35.462512       
# span 8 =     2.2337,     2.8275       
# span 9 =   59.71706,   59.71708       
# span 10 =  -39.33596,  -39.33592      
# span 11 =     4.9560,     4.9564      
# span 12 =         35,        102      
# span 13 = 0.0000e+00, 0.0000e+00      
# interval = decibars: 2                
# start_time = Jul 02 2022 17:28:01 [NMEA time, first data scan]
# bad_flag = -9.990e-29
*END*
[from data line 310]
      94388   3932.801    392.000    387.945     3.6607     3.6607  32.321958  32.323769     2.4359   59.71708  -39.33592     4.9560         50 0.0000e+00
      94433   3934.655    390.000    385.968     3.6549     3.6544  32.314660  32.315739     2.4376   59.71708  -39.33592     4.9560         42 0.0000e+00
      94478   3936.562    388.000    383.990     3.6552     3.6548  32.314034  32.315231     2.4385   59.71708  -39.33592     4.9560         52 0.0000e+00
      94530   3938.693    386.000    382.012     3.6570     3.6558  32.314802  32.315073     2.4401   59.71708  -39.33592     4.9560         45 0.0000e+00
      94569   3940.353    384.000    380.035     3.6581     3.6576  32.315182  32.316070     2.4411   59.71708  -39.33592     4.9560         39 0.0000e+00
      94618   3942.382    382.000    378.058     3.6577     3.6577  32.313991  32.315338     2.4413   59.71708  -39.33592     4.9560         58 0.0000e+00
      94672   3944.628    380.000    376.080     3.6655     3.6618  32.320360  32.317936     2.4401   59.71708  -39.33592     4.9560         45 0.0000e+00
      94716   3946.461    378.000    374.102     3.6706     3.6735  32.324941  32.328306     2.4380   59.71708  -39.33592     4.9560         45 0.0000e+00
      94762   3948.373    376.000    372.125     3.6819     3.6815  32.335122  32.335414     2.4367   59.71708  -39.33592     4.9560         47 0.0000e+00
      94812   3950.478    374.000    370.147     3.6839     3.6846  32.336037  32.337521     2.4361   59.71708  -39.33592     4.9560         55 0.0000e+00
      94865   3952.667    372.000    368.170     3.6896     3.6890  32.340810  32.340954     2.4373   59.71708  -39.33592     4.9560         47 0.0000e+00
      94908   3954.479    370.000    366.192     3.6861     3.6837  32.336235  32.335737     2.4391   59.71708  -39.33592     4.9560         43 0.0000e+00
      94956   3956.458    368.000    364.214     3.6822     3.6829  32.331779  32.333654     2.4424   59.71708  -39.33592     4.9560         51 0.0000e+00
      95005   3958.483    366.000    362.237     3.6802     3.6781  32.328173  32.327745     2.4463   59.71708  -39.33592     4.9560         46 0.0000e+00
      95053   3960.490    364.000    360.259     3.6790     3.6784  32.325948  32.326771     2.4489   59.71708  -39.33592     4.9560         51 0.0000e+00
      95100   3962.458    362.000    358.281     3.6798     3.6795  32.325428  32.326544     2.4501   59.71708  -39.33592     4.9560         41 0.0000e+00
      95142   3964.225    360.000    356.303     3.6815     3.6809  32.326186  32.327054     2.4514   59.71708  -39.33592     4.9560         48 0.0000e+00
      95194   3966.361    358.000    354.326     3.6818     3.6812  32.325629  32.326385     2.4525   59.71708  -39.33592     4.9560         52 0.0000e+00
      95246   3968.531    356.000    352.348     3.6834     3.6830  32.326271  32.327301     2.4534   59.71708  -39.33594     4.9560         53 0.0000e+00
      95296   3970.639    354.000    350.370     3.6871     3.6868  32.328719  32.329793     2.4529   59.71708  -39.33593     4.9560         46 0.0000e+00
      95339   3972.416    352.000    348.392     3.6928     3.6937  32.333657  32.335391     2.4518   59.71708  -39.33592     4.9560         41 0.0000e+00
      95383   3974.250    350.000    346.415     3.6993     3.6969  32.339278  32.338112     2.4512   59.71708  -39.33593     4.9560         49 0.0000e+00
      95436   3976.457    348.000    344.437     3.7037     3.7004  32.342431  32.340630     2.4512   59.71708  -39.33593     4.9560         54 0.0000e+00
      95485   3978.520    346.000    342.459     3.7069     3.7063  32.344669  32.345404     2.4508   59.71708  -39.33592     4.9560         44 0.0000e+00
      95529   3980.320    344.000    340.481     3.7088     3.7082  32.345512  32.346336     2.4506   59.71708  -39.33592     4.9560         45 0.0000e+00
      95577   3982.333    342.000    338.503     3.7122     3.7106  32.347876  32.347588     2.4505   59.71708  -39.33592     4.9560         50 0.0000e+00
      95625   3984.335    340.000    336.525     3.7179     3.7163  32.352354  32.352008     2.4507   59.71708  -39.33594     4.9560         47 0.0000e+00
      95673   3986.319    338.000    334.547     3.7180     3.7177  32.351652  32.352863     2.4509   59.71708  -39.33592     4.9560         50 0.0000e+00
      95723   3988.437    336.000    332.569     3.7165     3.7161  32.348977  32.350442     2.4522   59.71708  -39.33592     4.9560         48 0.0000e+00
      95770   3990.365    334.000    330.591     3.7137     3.7131  32.344895  32.345993     2.4537   59.71708  -39.33592     4.9560         48 0.0000e+00
      95821   3992.504    332.000    328.613     3.7137     3.7131  32.343927  32.344847     2.4549   59.71708  -39.33593     4.9560         51 0.0000e+00
      95867   3994.408    330.000    326.635     3.7150     3.7146  32.343878  32.344716     2.4550   59.71708  -39.33593     4.9560         44 0.0000e+00
      95913   3996.336    328.000    324.657     3.7158     3.7154  32.343643  32.344643     2.4556   59.71708  -39.33592     4.9560         48 0.0000e+00
      95961   3998.347    326.000    322.679     3.7146     3.7140  32.341459  32.342449     2.4570   59.71708  -39.33594     4.9560         48 0.0000e+00
      96009   4000.339    324.000    320.701     3.7120     3.7107  32.337707  32.338149     2.4578   59.71708  -39.33594     4.9560         46 0.0000e+00
      96053   4002.169    322.000    318.723     3.7113     3.7109  32.335914  32.337160     2.4580   59.71708  -39.33594     4.9560         43 0.0000e+00
      96101   4004.169    320.000    316.745     3.7112     3.7113  32.334956  32.336410     2.4575   59.71708  -39.33594     4.9560         55 0.0000e+00
      96155   4006.426    318.000    314.767     3.7171     3.7127  32.339371  32.336903     2.4567   59.71708  -39.33594     4.9560         49 0.0000e+00
      96199   4008.233    316.000    312.788     3.7244     3.7227  32.346077  32.345379     2.4569   59.71708  -39.33593     4.9560         40 0.0000e+00
      96244   4010.112    314.000    310.810     3.7260     3.7240  32.346865  32.346617     2.4563   59.71708  -39.33594     4.9560         53 0.0000e+00
      96298   4012.392    312.000    308.832     3.7339     3.7317  32.353508  32.353017     2.4538   59.71708  -39.33594     4.9560         51 0.0000e+00
      96345   4014.348    310.000    306.854     3.7522     3.7469  32.370809  32.366889     2.4527   59.71708  -39.33594     4.9560         46 0.0000e+00
      96390   4016.209    308.000    304.876     3.7562     3.7550  32.374065  32.373895     2.4528   59.71708  -39.33594     4.9560         44 0.0000e+00
      96438   4018.191    306.000    302.897     3.7548     3.7541  32.371781  32.372702     2.4540   59.71708  -39.33594     4.9560         51 0.0000e+00
      96486   4020.224    304.000    300.919     3.7535     3.7534  32.369102  32.370666     2.4555   59.71708  -39.33594     4.9560         45 0.0000e+00
      96531   4022.070    302.000    298.941     3.7550     3.7542  32.369226  32.370069     2.4572   59.71708  -39.33594     4.9560         46 0.0000e+00
      96578   4024.048    300.000    296.963     3.7566     3.7565  32.369524  32.371005     2.4593   59.71708  -39.33594     4.9560         46 0.0000e+00
      96626   4026.034    298.000    294.984     3.7519     3.7520  32.363879  32.365782     2.4618   59.71708  -39.33594     4.9560         52 0.0000e+00
      96680   4028.299    296.000    293.006     3.7474     3.7489  32.358500  32.361647     2.4642   59.71708  -39.33594     4.9560         50 0.0000e+00
      96725   4030.150    294.000    291.028     3.7416     3.7414  32.350948  32.352496     2.4659   59.71708  -39.33594     4.9560         42 0.0000e+00
      96769   4032.011    292.000    289.049     3.7422     3.7412  32.350616  32.351047     2.4678   59.71708  -39.33594     4.9560         49 0.0000e+00
      96823   4034.252    290.000    287.071     3.7428     3.7416  32.350029  32.350464     2.4678   59.71708  -39.33594     4.9560         55 0.0000e+00
      96871   4036.258    288.000    285.092     3.7477     3.7466  32.353818  32.353935     2.4667   59.71708  -39.33594     4.9560         42 0.0000e+00
      96913   4038.004    286.000    283.114     3.7574     3.7548  32.362408  32.361120     2.4662   59.71708  -39.33594     4.9560         46 0.0000e+00
      96964   4040.138    284.000    281.135     3.7601     3.7572  32.363532  32.362637     2.4660   59.71708  -39.33594     4.9560         50 0.0000e+00
      97009   4041.980    282.000    279.157     3.7724     3.7730  32.375209  32.376935     2.4648   59.71708  -39.33594     4.9560         42 0.0000e+00
      97055   4043.924    280.000    277.178     3.7781     3.7782  32.379735  32.380831     2.4646   59.71708  -39.33594     4.9560         52 0.0000e+00
      97105   4046.009    278.000    275.200     3.7826     3.7798  32.383218  32.382044     2.4641   59.71708  -39.33594     4.9560         48 0.0000e+00
      97154   4048.035    276.000    273.221     3.7838     3.7833  32.383578  32.384399     2.4638   59.71708  -39.33594     4.9560         49 0.0000e+00
      97205   4050.166    274.000    271.243     3.7836     3.7836  32.382429  32.383963     2.4650   59.71708  -39.33594     4.9560         53 0.0000e+00
      97253   4052.172    272.000    269.264     3.7827     3.7825  32.380378  32.381775     2.4661   59.71708  -39.33594     4.9560         41 0.0000e+00
      97294   4053.882    270.000    267.285     3.7820     3.7817  32.378699  32.379966     2.4680   59.71708  -39.33594     4.9560         47 0.0000e+00
      97350   4056.188    268.000    265.307     3.7822     3.7819  32.377755  32.378976     2.4700   59.71708  -39.33594     4.9560         55 0.0000e+00
      97394   4058.041    266.000    263.328     3.7839     3.7832  32.377889  32.378688     2.4702   59.71708  -39.33592     4.9560         38 0.0000e+00
      97435   4059.754    264.000    261.350     3.7836     3.7830  32.376620  32.377640     2.4711   59.71708  -39.33593     4.9560         48 0.0000e+00
      97487   4061.919    262.000    259.371     3.7798     3.7792  32.371808  32.372922     2.4747   59.71708  -39.33593     4.9560         50 0.0000e+00
      97533   4063.831    260.000    257.392     3.7658     3.7701  32.356573  32.363214     2.4785   59.71708  -39.33592     4.9560         47 0.0000e+00
      97585   4065.990    258.000    255.413     3.7620     3.7621  32.351609  32.353728     2.4816   59.71708  -39.33594     4.9560         53 0.0000e+00
      97630   4067.884    256.000    253.435     3.7648     3.7628  32.352503  32.351571     2.4834   59.71708  -39.33593     4.9560         39 0.0000e+00
      97672   4069.611    254.000    251.456     3.7670     3.7669  32.353637  32.354967     2.4848   59.71708  -39.33593     4.9560         49 0.0000e+00
      97730   4072.040    252.000    249.477     3.7700     3.7690  32.355397  32.356052     2.4836   59.71708  -39.33594     4.9560         57 0.0000e+00
      97776   4073.955    250.000    247.499     3.7807     3.7790  32.364656  32.363761     2.4829   59.71708  -39.33594     4.9560         41 0.0000e+00
      97820   4075.776    248.000    245.520     3.7877     3.7848  32.371078  32.369195     2.4827   59.71708  -39.33594     4.9560         48 0.0000e+00
      97869   4077.843    246.000    243.541     3.7934     3.7926  32.375218  32.376023     2.4827   59.71708  -39.33594     4.9560         48 0.0000e+00
      97916   4079.793    244.000    241.562     3.8007     3.7998  32.381145  32.381440     2.4838   59.71708  -39.33594     4.9560         48 0.0000e+00
      97964   4081.807    242.000    239.583     3.7986     3.8001  32.378252  32.381494     2.4858   59.71708  -39.33594     4.9560         47 0.0000e+00
      98011   4083.739    240.000    237.605     3.7988     3.7990  32.377246  32.378905     2.4864   59.71708  -39.33594     4.9560         47 0.0000e+00
      98058   4085.708    238.000    235.626     3.8014     3.8000  32.378602  32.378710     2.4864   59.71708  -39.33594     4.9560         47 0.0000e+00
      98105   4087.680    236.000    233.647     3.8078     3.8065  32.383581  32.383102     2.4867   59.71708  -39.33594     4.9560         48 0.0000e+00
      98154   4089.726    234.000    231.668     3.8110     3.8103  32.385937  32.386490     2.4874   59.71708  -39.33594     4.9560         50 0.0000e+00
      98204   4091.772    232.000    229.689     3.8139     3.8134  32.387461  32.388395     2.4878   59.71708  -39.33594     4.9560         48 0.0000e+00
      98251   4093.757    230.000    227.710     3.8184     3.8179  32.390790  32.391691     2.4884   59.71708  -39.33594     4.9560         46 0.0000e+00
      98296   4095.632    228.000    225.731     3.8218     3.8209  32.392997  32.393649     2.4899   59.71708  -39.33594     4.9560         47 0.0000e+00
      98350   4097.857    226.000    223.752     3.8215     3.8204  32.391918  32.392265     2.4915   59.71708  -39.33594     4.9560         56 0.0000e+00
      98398   4099.865    224.000    221.773     3.8199     3.8208  32.388750  32.391328     2.4931   59.71708  -39.33594     4.9560         41 0.0000e+00
      98438   4101.542    222.000    219.794     3.8216     3.8210  32.389222  32.390287     2.4962   59.71708  -39.33594     4.9560         42 0.0000e+00
      98484   4103.456    220.000    217.815     3.8118     3.8109  32.378328  32.379616     2.5000   59.71708  -39.33594     4.9560         51 0.0000e+00
      98536   4105.628    218.000    215.836     3.8037     3.8042  32.368487  32.371068     2.5033   59.71708  -39.33594     4.9560         49 0.0000e+00
      98582   4107.541    216.000    213.857     3.8028     3.8019  32.366288  32.367030     2.5037   59.71708  -39.33594     4.9560         46 0.0000e+00
      98631   4109.583    214.000    211.877     3.8082     3.8065  32.370450  32.370044     2.5039   59.71708  -39.33594     4.9560         51 0.0000e+00
      98682   4111.693    212.000    209.898     3.8111     3.8101  32.372233  32.372598     2.5042   59.71707  -39.33595     4.9560         50 0.0000e+00
      98731   4113.739    210.000    207.919     3.8146     3.8138  32.374677  32.374976     2.5036   59.71708  -39.33594     4.9560         46 0.0000e+00
      98774   4115.527    208.000    205.940     3.8301     3.8273  32.388705  32.386738     2.5034   59.71708  -39.33594     4.9560         43 0.0000e+00
      98821   4117.500    206.000    203.960     3.8297     3.8318  32.387626  32.390747     2.5050   59.71706  -39.33594     4.9560         52 0.0000e+00
      98873   4119.678    204.000    201.981     3.8268     3.8272  32.383251  32.385540     2.5064   59.71706  -39.33594     4.9560         49 0.0000e+00
      98917   4121.495    202.000    200.002     3.8256     3.8258  32.380761  32.382568     2.5082   59.71708  -39.33594     4.9560         40 0.0000e+00
      98960   4123.295    200.000    198.023     3.8271     3.8268  32.381253  32.382479     2.5091   59.71707  -39.33594     4.9560         51 0.0000e+00
      99015   4125.571    198.000    196.044     3.8290     3.8279  32.381939  32.382611     2.5089   59.71706  -39.33594     4.9560         49 0.0000e+00
      99056   4127.274    196.000    194.064     3.8340     3.8330  32.385808  32.386173     2.5092   59.71706  -39.33594     4.9560         40 0.0000e+00
      99107   4129.427    194.000    192.085     3.8346     3.8339  32.385539  32.386272     2.5106   59.71708  -39.33594     4.9560         60 0.0000e+00
      99158   4131.552    192.000    190.105     3.8394     3.8386  32.388830  32.389416     2.5116   59.71707  -39.33594     4.9560         42 0.0000e+00
      99201   4133.325    190.000    188.126     3.8424     3.8428  32.390530  32.392252     2.5127   59.71706  -39.33594     4.9560         47 0.0000e+00
