Example_Files/SBE_Processing_Files/Processed_SBE_cast_files/upcasts/uar69-01_014.cnv
* Sea-Bird SBE 9 Data File:
* FileName = D:\data\ar69-01_014.hex
* Software Version Seasave V 7.26.7.107
* Temperature SN = 4491
* Conductivity SN = 3009
* Number of Bytes Per Scan = 44
* Number of Voltage Words = 5
* Number of Scans Averaged by the Deck Unit = 1
* NMEA Latitude = 59 43.02 N
* NMEA Longitude = 039 20.16 W
* NMEA UTC (Time) = Jul 02 2022  14:08:39
** Cruise ID: AR69-01
** Chief Sci:
** Station #: 014
** Site ID: Irminger FLMB (OSNAP acoustic release test)
# nquan = 14
# nvalues = 1420                        
# units = specified
# name 0 = scan: Scan Count
# name 1 = timeS: Time, Elapsed [seconds]
# name 2 = prDM: Pressure, Digiquartz [db]
# name 3 = depSM: Depth [salt water, m]
# name 4 = t090C: Temperature [ITS-90, deg C]
# name 5 = t190C: Temperature, 2 [ITS-90, deg C]
# name 6 = c0mS/cm: Conductivity [mS/cm]
# name 7 = c1mS/cm: Conductivity, 2 [mS/cm]
# name 8 = sbeox0V: Oxygen raw, SBE 43 [V]
# name 9 = latitude: Latitude [deg]
# name 10 = longitude: Longitude [deg]
# name 11 = v7: Voltage 7
# name 12 = nbin: number of scans per bin
# name 13 = flag: flag
# span 0 =     101299,     206023       
# span 1 =   4220.752,   8584.257       
# span 2 =      6.000,   2844.000       
# span 3 =      5.943,   2798.342       
# span 4 =     1.4594,     7.2888       
# span 5 =     1.4596,     7.2507       
# span 6 =  31.398937,  35.355736       
# span 7 =  31.399873,  35.326857       
# span 8 =     1.8121,     2.8204       
# span 9 =   59.71706,   59.71708       
# span 10 =  -39.33594,  -39.33588      
# span 11 =     4.9560,     4.9568      
# span 12 =         30,        143      
# span 13 = 0.0000e+00, 0.0000e+00      
# interval = decibars: 2                
# start_time = Jul 02 2022 14:08:39 [NMEA time, first data scan]
# bad_flag = -9.990e-29
*END*
[from data line 1239]
     177288   7386.972    366.000    362.237     3.6051     3.6030  32.249323  32.251317     2.4653   59.71708  -39.33592     4.9560         84 0.0000e+00
     177388   7391.145    364.000    360.259     3.6038     3.6037  32.247084  32.251343     2.4665   59.71708  -39.33592     4.9561         99 0.0000e+00
     177482   7395.027    362.000    358.281     3.5918     3.5926  32.234142  32.239255     2.4700   59.71708  -39.33592     4.9562         95 0.0000e+00
     177631   7401.240    360.000    356.303     3.5886     3.5887  32.229778  32.234144     2.4730   59.71708  -39.33593     4.9560         98 0.0000e+00
     178768   7448.615    358.000    354.326     3.5882     3.5881  32.228224  32.232314     2.4741   59.71708  -39.33592     4.9560         96 0.0000e+00
     179160   7464.963    356.000    352.348     3.5876     3.5874  32.226715  32.230774     2.4748   59.71708  -39.33592     4.9560         53 0.0000e+00
     179224   7467.639    354.000    350.370     3.5871     3.5867  32.225237  32.229242     2.4753   59.71708  -39.33592     4.9560         52 0.0000e+00
     179270   7469.559    352.000    348.392     3.5894     3.5882  32.226414  32.229420     2.4751   59.71708  -39.33592     4.9560         45 0.0000e+00
     179323   7471.767    350.000    346.415     3.5945     3.5962  32.230521  32.236090     2.4732   59.71708  -39.33592     4.9560         59 0.0000e+00
     179372   7473.806    348.000    344.437     3.6054     3.6025  32.240223  32.241299     2.4712   59.71708  -39.33592     4.9560         37 0.0000e+00
     179409   7475.316    346.000    342.459     3.6152     3.6105  32.248819  32.248563     2.4705   59.71708  -39.33592     4.9560         41 0.0000e+00
     179462   7477.554    344.000    340.481     3.6197     3.6222  32.252879  32.259254     2.4684   59.71708  -39.33592     4.9560         60 0.0000e+00
     179512   7479.616    342.000    338.503     3.6289     3.6273  32.260672  32.263180     2.4676   59.71708  -39.33592     4.9563         43 0.0000e+00
     179562   7481.694    340.000    336.525     3.6331     3.6336  32.263952  32.268058     2.4663   59.71708  -39.33592     4.9562         59 0.0000e+00
     179617   7483.995    338.000    334.547     3.6420     3.6423  32.271705  32.275380     2.4624   59.71708  -39.33592     4.9560         45 0.0000e+00
     179658   7485.705    336.000    332.569     3.6696     3.6724  32.297756  32.302724     2.4598   59.71708  -39.33591     4.9560         40 0.0000e+00
     179698   7487.394    334.000    330.591     3.6819     3.6795  32.309498  32.310616     2.4587   59.71708  -39.33592     4.9560         43 0.0000e+00
     179748   7489.454    332.000    328.613     3.6841     3.6818  32.310435  32.312510     2.4573   59.71708  -39.33592     4.9560         56 0.0000e+00
     179799   7491.580    330.000    326.635     3.6878     3.6876  32.313604  32.317460     2.4560   59.71708  -39.33592     4.9560         43 0.0000e+00
     179840   7493.286    328.000    324.657     3.6892     3.6887  32.314112  32.317817     2.4553   59.71708  -39.33591     4.9560         43 0.0000e+00
     179891   7495.424    326.000    322.679     3.6909     3.6914  32.314727  32.319220     2.4543   59.71708  -39.33592     4.9560         58 0.0000e+00
     179946   7497.713    324.000    320.701     3.6995     3.6966  32.321891  32.323198     2.4535   59.71708  -39.33592     4.9560         48 0.0000e+00
     179989   7499.509    322.000    318.723     3.7062     3.7051  32.327887  32.330706     2.4534   59.71708  -39.33592     4.9560         42 0.0000e+00
     180034   7501.362    320.000    316.745     3.7050     3.7054  32.325874  32.330367     2.4526   59.71708  -39.33592     4.9560         47 0.0000e+00
     180081   7503.327    318.000    314.767     3.7050     3.7044  32.324351  32.328147     2.4519   59.71708  -39.33592     4.9560         48 0.0000e+00
     180132   7505.468    316.000    312.789     3.7013     3.7008  32.319506  32.323674     2.4518   59.71708  -39.33592     4.9563         53 0.0000e+00
     180182   7507.541    314.000    310.810     3.6921     3.6929  32.308972  32.314931     2.4541   59.71708  -39.33592     4.9562         46 0.0000e+00
     180230   7509.541    312.000    308.832     3.6840     3.6847  32.299891  32.305593     2.4566   59.71708  -39.33592     4.9560         51 0.0000e+00
     180276   7511.438    310.000    306.854     3.6805     3.6805  32.295119  32.299452     2.4562   59.71708  -39.33592     4.9560         40 0.0000e+00
     180318   7513.206    308.000    304.876     3.6998     3.6966  32.312756  32.312574     2.4556   59.71708  -39.33592     4.9560         46 0.0000e+00
     180366   7515.193    306.000    302.898     3.7132     3.7125  32.325246  32.327276     2.4551   59.71708  -39.33592     4.9560         49 0.0000e+00
     180419   7517.406    304.000    300.919     3.7195     3.7230  32.330794  32.337554     2.4544   59.71708  -39.33592     4.9560         55 0.0000e+00
     180467   7519.419    302.000    298.941     3.7316     3.7299  32.342431  32.344242     2.4541   59.71708  -39.33592     4.9560         42 0.0000e+00
     180510   7521.200    300.000    296.963     3.7356     3.7342  32.345601  32.348087     2.4538   59.71708  -39.33592     4.9560         48 0.0000e+00
     180565   7523.514    298.000    294.984     3.7361     3.7354  32.344855  32.348569     2.4534   59.71708  -39.33592     4.9560         54 0.0000e+00
     180610   7525.363    296.000    293.006     3.7333     3.7335  32.340986  32.345850     2.4564   59.71708  -39.33592     4.9560         40 0.0000e+00
     180655   7527.270    294.000    291.027     3.7147     3.7101  32.321951  32.322755     2.4591   59.71708  -39.33592     4.9560         51 0.0000e+00
     180704   7529.282    292.000    289.049     3.6970     3.6973  32.301929  32.307635     2.4613   59.71708  -39.33592     4.9560         44 0.0000e+00
     180751   7531.233    290.000    287.071     3.6899     3.6909  32.293803  32.299722     2.4626   59.71708  -39.33592     4.9560         53 0.0000e+00
     180805   7533.510    288.000    285.092     3.6859     3.6853  32.288542  32.292835     2.4642   59.71708  -39.33592     4.9560         48 0.0000e+00
     180846   7535.199    286.000    283.114     3.6828     3.6825  32.284456  32.288688     2.4653   59.71708  -39.33591     4.9560         37 0.0000e+00
     180890   7537.026    284.000    281.135     3.6842     3.6841  32.284901  32.289228     2.4672   59.71708  -39.33592     4.9560         55 0.0000e+00
     180946   7539.370    282.000    279.157     3.6861     3.6858  32.285505  32.289614     2.4695   59.71708  -39.33592     4.9560         50 0.0000e+00
     180992   7541.302    280.000    277.178     3.6861     3.6854  32.284279  32.287792     2.4703   59.71708  -39.33592     4.9560         45 0.0000e+00
     181037   7543.169    278.000    275.200     3.6897     3.6894  32.286791  32.290464     2.4712   59.71708  -39.33592     4.9560         48 0.0000e+00
     181103   7545.923    276.000    273.222     3.6907     3.6905  32.286899  32.291048     2.4712   59.71708  -39.33592     4.9560         83 0.0000e+00
     181182   7549.224    274.000    271.243     3.6918     3.6909  32.286731  32.290290     2.4726   59.71708  -39.33592     4.9560         76 0.0000e+00
     181267   7552.740    272.000    269.264     3.6947     3.6943  32.288656  32.292411     2.4736   59.71708  -39.33592     4.9560         93 0.0000e+00
     181367   7556.897    270.000    267.286     3.7034     3.7024  32.296301  32.299348     2.4752   59.71708  -39.33592     4.9560        100 0.0000e+00
     181460   7560.773    268.000    265.307     3.7088     3.7055  32.300210  32.301143     2.4767   59.71708  -39.33592     4.9560         91 0.0000e+00
     181558   7564.874    266.000    263.329     3.7130     3.7111  32.303411  32.305726     2.4781   59.71708  -39.33592     4.9560        100 0.0000e+00
     181649   7568.667    264.000    261.350     3.7209     3.7174  32.310180  32.310561     2.4772   59.71708  -39.33592     4.9560         90 0.0000e+00
     181756   7573.123    262.000    259.371     3.7295     3.7278  32.317975  32.320518     2.4781   59.71708  -39.33592     4.9560         95 0.0000e+00
     181852   7577.108    260.000    257.393     3.7284     3.7291  32.315687  32.320838     2.4778   59.71708  -39.33592     4.9560         82 0.0000e+00
     182670   7611.215    258.000    255.414     3.7238     3.7235  32.309669  32.313866     2.4768   59.71708  -39.33592     4.9560         88 0.0000e+00
     183745   7655.991    256.000    253.435     3.7215     3.7210  32.306298  32.310248     2.4778   59.71708  -39.33592     4.9560        114 0.0000e+00
     183839   7659.937    254.000    251.457     3.7221     3.7217  32.305781  32.309731     2.4797   59.71708  -39.33592     4.9563         87 0.0000e+00
     183938   7664.030    252.000    249.478     3.7245     3.7238  32.306908  32.310502     2.4812   59.71708  -39.33592     4.9564         77 0.0000e+00
     184029   7667.840    250.000    247.498     3.7289     3.7293  32.309946  32.314537     2.4817   59.71708  -39.33592     4.9560         84 0.0000e+00
     184131   7672.070    248.000    245.520     3.7401     3.7404  32.319700  32.324091     2.4821   59.71708  -39.33592     4.9562         82 0.0000e+00
     184218   7675.721    246.000    243.541     3.7585     3.7589  32.336406  32.340666     2.4824   59.71708  -39.33592     4.9563         91 0.0000e+00
     184317   7679.816    244.000    241.562     3.7713     3.7685  32.348152  32.349751     2.4838   59.71707  -39.33592     4.9562         79 0.0000e+00
     184409   7683.680    242.000    239.584     3.7854     3.7857  32.360921  32.365325     2.4825   59.71708  -39.33592     4.9560         72 0.0000e+00
     184511   7687.907    240.000    237.604     3.7966     3.7953  32.370973  32.373914     2.4820   59.71708  -39.33592     4.9560         73 0.0000e+00
     184600   7691.646    238.000    235.626     3.7994     3.7976  32.372941  32.375512     2.4829   59.71708  -39.33592     4.9560        100 0.0000e+00
     184696   7695.640    236.000    233.647     3.7992     3.7987  32.371569  32.375387     2.4852   59.71708  -39.33592     4.9562         91 0.0000e+00
     184793   7699.670    234.000    231.668     3.8018     3.8026  32.373196  32.378163     2.4866   59.71708  -39.33592     4.9563         94 0.0000e+00
     184887   7703.579    232.000    229.689     3.8101     3.8115  32.379972  32.385595     2.4865   59.71708  -39.33592     4.9563         95 0.0000e+00
     184991   7707.932    230.000    227.710     3.8227     3.8216  32.390908  32.393994     2.4863   59.71708  -39.33592     4.9560         83 0.0000e+00
     185073   7711.319    228.000    225.731     3.8254     3.8251  32.392562  32.396438     2.4866   59.71708  -39.33591     4.9561        109 0.0000e+00
     185180   7715.802    226.000    223.752     3.8288     3.8282  32.394555  32.398136     2.4876   59.71708  -39.33591     4.9563         83 0.0000e+00
     185266   7719.357    224.000    221.773     3.8339     3.8331  32.398532  32.401866     2.4885   59.71708  -39.33591     4.9560         93 0.0000e+00
     185365   7723.512    222.000    219.794     3.8390     3.8397  32.402539  32.407455     2.4884   59.71708  -39.33590     4.9560        101 0.0000e+00
     185461   7727.500    220.000    217.815     3.8410     3.8408  32.403445  32.407678     2.4887   59.71708  -39.33590     4.9563        105 0.0000e+00
     185553   7731.349    218.000    215.836     3.8392     3.8394  32.400337  32.404752     2.4890   59.71708  -39.33590     4.9560         75 0.0000e+00
     185649   7735.342    216.000    213.856     3.8428     3.8416  32.402477  32.405737     2.4903   59.71708  -39.33590     4.9563        102 0.0000e+00
     185748   7739.439    214.000    211.877     3.8461     3.8455  32.404636  32.408342     2.4906   59.71708  -39.33590     4.9560         89 0.0000e+00
     185838   7743.227    212.000    209.898     3.8489     3.8481  32.406627  32.409979     2.4913   59.71708  -39.33590     4.9562         82 0.0000e+00
     185938   7747.392    210.000    207.919     3.8374     3.8289  32.394096  32.392194     2.4965   59.71708  -39.33590     4.9560         88 0.0000e+00
     186036   7751.440    208.000    205.940     3.7889     3.7857  32.343124  32.345996     2.5072   59.71708  -39.33590     4.9564         70 0.0000e+00
     186117   7754.838    206.000    203.961     3.7704     3.7667  32.323729  32.325871     2.5121   59.71708  -39.33590     4.9561         96 0.0000e+00
     186222   7759.199    204.000    201.981     3.7610     3.7621  32.312807  32.319154     2.5154   59.71708  -39.33590     4.9562        104 0.0000e+00
     186320   7763.291    202.000    200.002     3.7589     3.7553  32.309752  32.311596     2.5196   59.71708  -39.33590     4.9563        105 0.0000e+00
     186408   7766.977    200.000    198.023     3.7211     3.7218  32.270675  32.276966     2.5291   59.71708  -39.33590     4.9563         73 0.0000e+00
     186505   7770.983    198.000    196.044     3.7018     3.6991  32.249585  32.252444     2.5357   59.71708  -39.33590     4.9564         97 0.0000e+00
     186599   7774.917    196.000    194.064     3.6920     3.6939  32.239197  32.245417     2.5405   59.71708  -39.33590     4.9561        100 0.0000e+00
     186697   7778.988    194.000    192.085     3.6885     3.6887  32.233971  32.238780     2.5458   59.71708  -39.33591     4.9562         78 0.0000e+00
     186786   7782.706    192.000    190.106     3.6924     3.6910  32.236461  32.239497     2.5485   59.71708  -39.33590     4.9563         73 0.0000e+00
     186885   7786.830    190.000    188.126     3.6969     3.6963  32.239834  32.243561     2.5495   59.71708  -39.33592     4.9560         71 0.0000e+00
     187107   7796.084    188.000    186.147     3.7030     3.7029  32.244708  32.248895     2.5518   59.71708  -39.33592     4.9562        110 0.0000e+00
     188285   7845.150    186.000    184.167     3.7050     3.7048  32.245080  32.249314     2.5589   59.71706  -39.33594     4.9560         84 0.0000e+00
     188448   7851.979    184.000    182.188     3.7040     3.7038  32.243094  32.247316     2.5602   59.71707  -39.33594     4.9563        103 0.0000e+00
     188545   7855.986    182.000    180.209     3.7037     3.7032  32.241644  32.245495     2.5606   59.71707  -39.33594     4.9563         91 0.0000e+00
     188642   7860.053    180.000    178.229     3.7054     3.7045  32.242232  32.245621     2.5612   59.71708  -39.33594     4.9561        102 0.0000e+00
     188731   7863.762    178.000    176.250     3.7070     3.7070  32.242794  32.247020     2.5623   59.71708  -39.33593     4.9562         85 0.0000e+00
     188836   7868.135    176.000    174.270     3.7090     3.7088  32.243783  32.247835     2.5641   59.71708  -39.33594     4.9563        111 0.0000e+00
     188936   7872.286    174.000    172.291     3.7109     3.7102  32.244345  32.248076     2.5652   59.71708  -39.33593     4.9562         81 0.0000e+00
     189010   7875.372    172.000    170.311     3.7121     3.7115  32.244566  32.248417     2.5653   59.71708  -39.33593     4.9564         79 0.0000e+00
     189126   7880.213    170.000    168.332     3.7125     3.7121  32.243993  32.247930     2.5625   59.71708  -39.33593     4.9562         77 0.0000e+00
     189213   7883.835    168.000    166.352     3.7131     3.7126  32.243472  32.247399     2.5629   59.71708  -39.33592     4.9562        103 0.0000e+00
     189319   7888.232    166.000    164.373     3.7143     3.7143  32.243507  32.247549     2.5636   59.71708  -39.33592     4.9562         79 0.0000e+00
     189400   7891.618    164.000    162.393     3.7184     3.7183  32.246199  32.250387     2.5645   59.71708  -39.33593     4.9564         90 0.0000e+00
