Example_Files/SBE_Processing_Files/Processed_SBE_cast_files/upcasts/uar69-01_021.cnv
* Sea-Bird SBE 9 Data File:
* FileName = D:\data\ar69-01_021.hex
* Software Version Seasave V 7.26.7.107
* Temperature SN = 4491
* Conductivity SN = 3009
* Number of Bytes Per Scan = 44
* Number of Voltage Words = 5
* Number of Scans Averaged by the Deck Unit = 1
* NMEA Latitude = 59 47.95 N
* NMEA Longitude = 039 48.39 W
* NMEA UTC (Time) = Jul 08 2022  18:44:49
** Cruise ID: AR69-01
** Chief Sci:
** Station #: 021
** Site ID: OSNAP cal dip
# nquan = 14
# nvalues = 1319                        
# units = specified
# name 0 = scan: Scan Count
# name 1 = timeS: Time, Elapsed [seconds]
# name 2 = prDM: Pressure, Digiquartz [db]
# name 3 = depSM: Depth [salt water, m]
# name 4 = t090C: Temperature [ITS-90, deg C]
# name 5 = t190C: Temperature, 2 [ITS-90, deg C]
# name 6 = c0mS/cm: Conductivity [mS/cm]
# name 7 = c1mS/cm: Conductivity, 2 [mS/cm]
# name 8 = sbeox0V: Oxygen raw, SBE 43 [V]
# name 9 = latitude: Latitude [deg]
# name 10 = longitude: Longitude [deg]
# name 11 = v7: Voltage 7
# name 12 = nbin: number of scans per bin
# name 13 = flag: flag
# span 0 =      68087,     228698       
# span 1 =   2836.912,   9529.043       
# span 2 =      2.000,   2638.000       
# span 3 =      1.981,   2596.869       
# span 4 =     1.6506,     7.5981       
# span 5 =     1.6450,     7.5968       
# span 6 =  31.491567,  35.620047       
# span 7 =  31.486522,  35.620912       
# span 8 =     1.8477,     2.8427       
# span 9 =   59.80361,   59.81919       
# span 10 =  -39.81582,  -39.80894      
# span 11 =     4.9560,     4.9567      
# span 12 =         16,        108      
# span 13 = 0.0000e+00, 0.0000e+00      
# interval = decibars: 2                
# start_time = Jul 08 2022 18:44:49 [NMEA time, first data scan]
# bad_flag = -9.990e-29
*END*
[from data line 930]
     191252   7968.789    778.000    769.233     3.5133     3.5132  32.367448  32.368244     2.2753   59.81580  -39.81446     4.9560         59 0.0000e+00
     191318   7971.521    776.000    767.259     3.5145     3.5142  32.367473  32.368120     2.2759   59.81580  -39.81446     4.9560         33 0.0000e+00
     191346   7972.714    774.000    765.285     3.5156     3.5154  32.367748  32.368474     2.2762   59.81582  -39.81446     4.9560         28 0.0000e+00
     191387   7974.396    772.000    763.311     3.5159     3.5155  32.367295  32.367830     2.2761   59.81582  -39.81447     4.9560         64 0.0000e+00
     191452   7977.145    770.000    761.337     3.5162     3.5158  32.366538  32.367113     2.2758   59.81582  -39.81447     4.9560         44 0.0000e+00
     191484   7978.475    768.000    759.363     3.5162     3.5159  32.365578  32.366360     2.2759   59.81583  -39.81448     4.9560         31 0.0000e+00
     191534   7980.547    766.000    757.390     3.5165     3.5159  32.365072  32.365543     2.2768   59.81584  -39.81448     4.9560         56 0.0000e+00
     191612   7983.812    764.000    755.416     3.5172     3.5167  32.364699  32.365164     2.2785   59.81584  -39.81448     4.9560         41 0.0000e+00
     191643   7985.098    762.000    753.442     3.5192     3.5191  32.365788  32.366346     2.2780   59.81585  -39.81450     4.9560         28 0.0000e+00
     191669   7986.187    760.000    751.468     3.5206     3.5203  32.366283  32.366817     2.2779   59.81586  -39.81450     4.9560         26 0.0000e+00
     191707   7987.746    758.000    749.494     3.5218     3.5210  32.366644  32.366908     2.2786   59.81587  -39.81450     4.9560         54 0.0000e+00
     191792   7991.277    756.000    747.520     3.5223     3.5214  32.366201  32.366302     2.2801   59.81588  -39.81450     4.9560         63 0.0000e+00
     191831   7992.912    754.000    745.546     3.5247     3.5242  32.367511  32.367650     2.2807   59.81588  -39.81450     4.9560         35 0.0000e+00
     191869   7994.512    752.000    743.572     3.5255     3.5248  32.367379  32.367720     2.2807   59.81588  -39.81450     4.9560         43 0.0000e+00
     191914   7996.364    750.000    741.598     3.5256     3.5254  32.366686  32.367364     2.2808   59.81590  -39.81451     4.9560         44 0.0000e+00
     191961   7998.321    748.000    739.624     3.5271     3.5261  32.367136  32.367222     2.2811   59.81590  -39.81452     4.9560         53 0.0000e+00
     192021   8000.815    746.000    737.650     3.5269     3.5263  32.366070  32.366557     2.2821   59.81590  -39.81451     4.9560         65 0.0000e+00
     192078   8003.202    744.000    735.676     3.5278     3.5276  32.365807  32.366549     2.2833   59.81590  -39.81452     4.9560         42 0.0000e+00
     192111   8004.569    742.000    733.702     3.5292     3.5288  32.366001  32.366618     2.2834   59.81591  -39.81452     4.9560         29 0.0000e+00
     192141   8005.825    740.000    731.728     3.5294     3.5290  32.365367  32.366055     2.2839   59.81592  -39.81452     4.9560         35 0.0000e+00
     192209   8008.654    738.000    729.753     3.5297     3.5291  32.364662  32.365225     2.2851   59.81592  -39.81452     4.9560         66 0.0000e+00
     192263   8010.935    736.000    727.779     3.5303     3.5301  32.364211  32.364789     2.2857   59.81592  -39.81452     4.9560         34 0.0000e+00
     192295   8012.243    734.000    725.805     3.5312     3.5308  32.363981  32.364662     2.2860   59.81594  -39.81452     4.9560         34 0.0000e+00
     192339   8014.086    732.000    723.831     3.5317     3.5308  32.363738  32.363924     2.2867   59.81594  -39.81452     4.9560         58 0.0000e+00
     192400   8016.645    730.000    721.857     3.5337     3.5325  32.364427  32.364357     2.2879   59.81594  -39.81452     4.9560         56 0.0000e+00
     192446   8018.556    728.000    719.882     3.5377     3.5371  32.367077  32.367089     2.2890   59.81595  -39.81452     4.9560         39 0.0000e+00
     192486   8020.192    726.000    717.908     3.5395     3.5386  32.367787  32.367981     2.2898   59.81596  -39.81452     4.9560         43 0.0000e+00
     192548   8022.787    724.000    715.934     3.5402     3.5396  32.367654  32.368221     2.2910   59.81596  -39.81452     4.9560         70 0.0000e+00
     192596   8024.786    722.000    713.959     3.5407     3.5403  32.367233  32.367566     2.2914   59.81596  -39.81452     4.9560         33 0.0000e+00
     192627   8026.086    720.000    711.985     3.5407     3.5403  32.366320  32.366880     2.2916   59.81598  -39.81453     4.9560         33 0.0000e+00
     192675   8028.095    718.000    710.011     3.5407     3.5402  32.365472  32.366042     2.2923   59.81598  -39.81452     4.9560         62 0.0000e+00
     192734   8030.546    716.000    708.036     3.5405     3.5402  32.364317  32.365072     2.2937   59.81598  -39.81452     4.9560         56 0.0000e+00
     192784   8032.637    714.000    706.062     3.5407     3.5404  32.363459  32.364154     2.2944   59.81598  -39.81452     4.9560         41 0.0000e+00
     192821   8034.180    712.000    704.088     3.5412     3.5410  32.363212  32.363855     2.2948   59.81600  -39.81452     4.9560         36 0.0000e+00
     192867   8036.071    710.000    702.113     3.5424     3.5417  32.363412  32.363829     2.2953   59.81600  -39.81452     4.9560         62 0.0000e+00
     192933   8038.853    708.000    700.139     3.5428     3.5423  32.362812  32.363368     2.2962   59.81600  -39.81452     4.9560         54 0.0000e+00
     192973   8040.503    706.000    698.165     3.5451     3.5447  32.364040  32.364514     2.2963   59.81600  -39.81452     4.9560         34 0.0000e+00
     193010   8042.026    704.000    696.190     3.5454     3.5449  32.363541  32.364198     2.2970   59.81602  -39.81452     4.9560         42 0.0000e+00
     193073   8044.674    702.000    694.215     3.5457     3.5453  32.362932  32.363623     2.2982   59.81602  -39.81452     4.9560         72 0.0000e+00
     193123   8046.763    700.000    692.241     3.5463     3.5459  32.362537  32.363046     2.2986   59.81602  -39.81452     4.9560         34 0.0000e+00
     193155   8048.075    698.000    690.266     3.5468     3.5463  32.362027  32.362582     2.2990   59.81603  -39.81452     4.9560         31 0.0000e+00
     193194   8049.693    696.000    688.292     3.5472     3.5469  32.361640  32.362330     2.3004   59.81604  -39.81452     4.9560         53 0.0000e+00
     193273   8053.021    694.000    686.317     3.5485     3.5475  32.361728  32.361989     2.3031   59.81604  -39.81452     4.9560         77 0.0000e+00
     193315   8054.771    692.000    684.343     3.5494     3.5490  32.361560  32.361968     2.3036   59.81604  -39.81452     4.9560         29 0.0000e+00
     193344   8055.959    690.000    682.368     3.5510     3.5505  32.362076  32.362537     2.3038   59.81604  -39.81452     4.9560         30 0.0000e+00
     193388   8057.800    688.000    680.393     3.5521     3.5521  32.362217  32.363220     2.3045   59.81605  -39.81452     4.9560         64 0.0000e+00
     193460   8060.783    686.000    678.419     3.5531     3.5525  32.362138  32.362600     2.3057   59.81606  -39.81452     4.9560         66 0.0000e+00
     193510   8062.887    684.000    676.444     3.5535     3.5530  32.361571  32.362037     2.3065   59.81606  -39.81452     4.9560         40 0.0000e+00
     193546   8064.369    682.000    674.470     3.5540     3.5536  32.361113  32.361750     2.3065   59.81606  -39.81452     4.9560         33 0.0000e+00
     193579   8065.766    680.000    672.495     3.5541     3.5538  32.360417  32.361003     2.3063   59.81608  -39.81452     4.9560         36 0.0000e+00
     193639   8068.258    678.000    670.520     3.5544     3.5537  32.359790  32.360287     2.3069   59.81608  -39.81452     4.9560         84 0.0000e+00
     193707   8071.074    676.000    668.545     3.5557     3.5548  32.359990  32.359938     2.3084   59.81608  -39.81451     4.9560         42 0.0000e+00
     193740   8072.447    674.000    666.571     3.5580     3.5576  32.361147  32.361627     2.3088   59.81608  -39.81451     4.9560         30 0.0000e+00
     193770   8073.728    672.000    664.596     3.5583     3.5581  32.360559  32.361262     2.3095   59.81608  -39.81452     4.9560         33 0.0000e+00
     193821   8075.815    670.000    662.621     3.5584     3.5579  32.359747  32.360456     2.3103   59.81610  -39.81452     4.9560         60 0.0000e+00
     193906   8079.373    668.000    660.646     3.5590     3.5586  32.359394  32.359791     2.3119   59.81610  -39.81452     4.9560         42 0.0000e+00
     193936   8080.642    666.000    658.671     3.5599     3.5596  32.359201  32.359866     2.3130   59.81610  -39.81452     4.9560         31 0.0000e+00
     193970   8082.037    664.000    656.697     3.5604     3.5598  32.358730  32.359112     2.3140   59.81610  -39.81452     4.9560         39 0.0000e+00
     194023   8084.241    662.000    654.722     3.5619     3.5613  32.359142  32.359660     2.3165   59.81612  -39.81452     4.9560         63 0.0000e+00
     194076   8086.475    660.000    652.747     3.5613     3.5609  32.357379  32.358236     2.3191   59.81610  -39.81453     4.9560         44 0.0000e+00
     194119   8088.243    658.000    650.772     3.5607     3.5604  32.355751  32.356391     2.3206   59.81612  -39.81454     4.9560         45 0.0000e+00
     194171   8090.422    656.000    648.797     3.5612     3.5606  32.355099  32.355677     2.3236   59.81612  -39.81454     4.9560         54 0.0000e+00
     194216   8092.304    654.000    646.822     3.5610     3.5608  32.353644  32.354544     2.3262   59.81612  -39.81454     4.9560         39 0.0000e+00
     194259   8094.076    652.000    644.847     3.5600     3.5598  32.351616  32.352629     2.3285   59.81612  -39.81454     4.9560         52 0.0000e+00
     194314   8096.360    650.000    642.872     3.5592     3.5592  32.349739  32.350837     2.3319   59.81613  -39.81454     4.9560         48 0.0000e+00
     194357   8098.166    648.000    640.897     3.5575     3.5575  32.347162  32.348346     2.3340   59.81614  -39.81454     4.9560         46 0.0000e+00
     194411   8100.431    646.000    638.922     3.5573     3.5568  32.345904  32.346590     2.3361   59.81614  -39.81454     4.9560         56 0.0000e+00
     194459   8102.397    644.000    636.947     3.5584     3.5578  32.345987  32.346218     2.3378   59.81614  -39.81455     4.9560         41 0.0000e+00
     194501   8104.160    642.000    634.972     3.5598     3.5596  32.346335  32.347047     2.3393   59.81615  -39.81455     4.9560         47 0.0000e+00
     194556   8106.474    640.000    632.997     3.5603     3.5595  32.345860  32.346143     2.3423   59.81615  -39.81454     4.9560         57 0.0000e+00
     194600   8108.297    638.000    631.022     3.5608     3.5607  32.345303  32.346121     2.3443   59.81615  -39.81456     4.9560         34 0.0000e+00
     194633   8109.651    636.000    629.047     3.5606     3.5604  32.344155  32.344893     2.3451   59.81616  -39.81456     4.9560         35 0.0000e+00
     194695   8112.244    634.000    627.072     3.5607     3.5603  32.343507  32.344140     2.3470   59.81616  -39.81456     4.9560         84 0.0000e+00
     194756   8114.810    632.000    625.097     3.5612     3.5609  32.342834  32.343600     2.3490   59.81616  -39.81456     4.9560         36 0.0000e+00
     194787   8116.072    630.000    623.121     3.5613     3.5610  32.342032  32.342711     2.3501   59.81617  -39.81458     4.9560         30 0.0000e+00
     194829   8117.846    628.000    621.146     3.5618     3.5614  32.341624  32.342275     2.3511   59.81618  -39.81457     4.9560         66 0.0000e+00
     194900   8120.796    626.000    619.171     3.5621     3.5618  32.340897  32.341536     2.3533   59.81618  -39.81457     4.9560         53 0.0000e+00
     194937   8122.348    624.000    617.196     3.5631     3.5628  32.340923  32.341499     2.3546   59.81618  -39.81458     4.9560         33 0.0000e+00
     194972   8123.811    622.000    615.221     3.5635     3.5631  32.340348  32.340911     2.3557   59.81618  -39.81458     4.9560         42 0.0000e+00
     195029   8126.155    620.000    613.245     3.5634     3.5630  32.339363  32.339997     2.3575   59.81620  -39.81458     4.9560         62 0.0000e+00
     195080   8128.300    618.000    611.270     3.5628     3.5626  32.337813  32.338689     2.3593   59.81620  -39.81458     4.9560         47 0.0000e+00
     195131   8130.401    616.000    609.295     3.5616     3.5615  32.335445  32.336480     2.3616   59.81620  -39.81458     4.9560         46 0.0000e+00
     195167   8131.929    614.000    607.319     3.5611     3.5609  32.333839  32.334805     2.3624   59.81620  -39.81458     4.9560         31 0.0000e+00
     195202   8133.363    612.000    605.344     3.5604     3.5601  32.332302  32.333082     2.3638   59.81621  -39.81458     4.9560         45 0.0000e+00
     195292   8137.104    610.000    603.369     3.5600     3.5597  32.330908  32.331617     2.3659   59.81620  -39.81459     4.9560         44 0.0000e+00
     195319   8138.245    608.000    601.393     3.5604     3.5603  32.330285  32.331123     2.3657   59.81621  -39.81458     4.9560         28 0.0000e+00
     195348   8139.464    606.000    599.418     3.5634     3.5633  32.332241  32.333232     2.3661   59.81622  -39.81458     4.9560         35 0.0000e+00
     195410   8142.024    604.000    597.443     3.5662     3.5661  32.334397  32.335238     2.3669   59.81622  -39.81459     4.9560         77 0.0000e+00
     195468   8144.473    602.000    595.467     3.5671     3.5671  32.334096  32.335045     2.3690   59.81622  -39.81459     4.9560         45 0.0000e+00
     195510   8146.203    600.000    593.492     3.5678     3.5673  32.333775  32.334281     2.3707   59.81623  -39.81458     4.9560         40 0.0000e+00
     195547   8147.742    598.000    591.516     3.5671     3.5669  32.332154  32.332922     2.3715   59.81624  -39.81460     4.9560         35 0.0000e+00
     195586   8149.367    596.000    589.541     3.5684     3.5683  32.332487  32.333341     2.3722   59.81624  -39.81460     4.9560         48 0.0000e+00
     195658   8152.364    594.000    587.565     3.5704     3.5705  32.333501  32.334580     2.3716   59.81624  -39.81460     4.9560         73 0.0000e+00
     195703   8154.255    592.000    585.590     3.5772     3.5767  32.339191  32.339432     2.3703   59.81624  -39.81460     4.9560         35 0.0000e+00
     195738   8155.709    590.000    583.614     3.5810     3.5801  32.342226  32.342142     2.3702   59.81626  -39.81460     4.9560         37 0.0000e+00
     195782   8157.540    588.000    581.639     3.5809     3.5812  32.341170  32.342420     2.3708   59.81626  -39.81460     4.9560         51 0.0000e+00
     195842   8160.057    586.000    579.663     3.5815     3.5810  32.340742  32.341358     2.3730   59.81626  -39.81460     4.9560         66 0.0000e+00
     195896   8162.299    584.000    577.688     3.5796     3.5796  32.337651  32.338801     2.3744   59.81626  -39.81460     4.9560         40 0.0000e+00
     195931   8163.769    582.000    575.712     3.5775     3.5776  32.334597  32.335814     2.3759   59.81626  -39.81460     4.9560         36 0.0000e+00
     195983   8165.906    580.000    573.736     3.5772     3.5770  32.333329  32.334267     2.3765   59.81628  -39.81460     4.9560         63 0.0000e+00
     196032   8167.972    578.000    571.760     3.5792     3.5792  32.334227  32.334900     2.3760   59.81628  -39.81460     4.9560         36 0.0000e+00
     196069   8169.488    576.000    569.785     3.5841     3.5827  32.338033  32.337549     2.3754   59.81628  -39.81460     4.9560         45 0.0000e+00
