Example_Files/SBE_Processing_Files/Processed_SBE_cast_files/upcasts/uar69-01_012.cnv
* Sea-Bird SBE 9 Data File:
* FileName = D:\data\ar69-01_012.hex
* Software Version Seasave V 7.26.7.107
* Temperature SN = 4491
* Conductivity SN = 3009
* Number of Bytes Per Scan = 44
* Number of Voltage Words = 5
* Number of Scans Averaged by the Deck Unit = 1
* NMEA Latitude = 59 56.36 N
* NMEA Longitude = 039 31.27 W
* NMEA UTC (Time) = Jun 30 2022  16:33:36
** Cruise ID: AR69-01
** Chief Sci:
** Station #: 012
** Site ID: Irminger SUMO
# nquan = 14
# nvalues = 759                         
# units = specified
# name 0 = scan: Scan Count
# name 1 = timeS: Time, Elapsed [seconds]
# name 2 = prDM: Pressure, Digiquartz [db]
# name 3 = depSM: Depth [salt water, m]
# name 4 = t090C: Temperature [ITS-90, deg C]
# name 5 = t190C: Temperature, 2 [ITS-90, deg C]
# name 6 = c0mS/cm: Conductivity [mS/cm]
# name 7 = c1mS/cm: Conductivity, 2 [mS/cm]
# name 8 = sbeox0V: Oxygen raw, SBE 43 [V]
# name 9 = latitude: Latitude [deg]
# name 10 = longitude: Longitude [deg]
# name 11 = v7: Voltage 7
# name 12 = nbin: number of scans per bin
# name 13 = flag: flag
# span 0 =      44576,     102848       
# span 1 =   1857.297,   4285.274       
# span 2 =      4.000,   1520.000       
# span 3 =      3.962,   1500.206       
# span 4 =     3.3634,     6.8921       
# span 5 =     3.3629,     6.8914       
# span 6 =  32.178524,  34.981647       
# span 7 =  32.179912,  34.982815       
# span 8 =     2.0427,     2.8392       
# span 9 =   59.93930,   59.93936       
# span 10 =  -39.52123,  -39.52108      
# span 11 =     4.9560,     4.9568      
# span 12 =         22,        133      
# span 13 = 0.0000e+00, 0.0000e+00      
# interval = decibars: 2                
# start_time = Jun 30 2022 16:33:36 [NMEA time, first data scan]
# bad_flag = -9.990e-29
*END*
[from data line 620]
      81743   3405.917    280.000    277.174     3.6843     3.6926  32.289353  32.296827     2.4764   59.93932  -39.52120     4.9563         39 0.0000e+00
      81787   3407.733    278.000    275.195     3.6956     3.6991  32.299477  32.303704     2.4756   59.93932  -39.52120     4.9564         49 0.0000e+00
      81847   3410.236    276.000    273.217     3.7069     3.7070  32.309462  32.310880     2.4730   59.93932  -39.52120     4.9562         66 0.0000e+00
      81901   3412.516    274.000    271.238     3.7296     3.7250  32.331100  32.326310     2.4697   59.93932  -39.52120     4.9565         44 0.0000e+00
      81940   3414.136    272.000    269.259     3.7449     3.7429  32.344703  32.342556     2.4673   59.93932  -39.52120     4.9564         36 0.0000e+00
      81978   3415.698    270.000    267.281     3.7511     3.7505  32.350174  32.350884     2.4665   59.93932  -39.52122     4.9564         42 0.0000e+00
      82041   3418.342    268.000    265.302     3.7558     3.7540  32.353967  32.353680     2.4637   59.93932  -39.52122     4.9563         77 0.0000e+00
      82096   3420.646    266.000    263.324     3.7644     3.7593  32.361455  32.357403     2.4579   59.93932  -39.52120     4.9566         35 0.0000e+00
      82126   3421.885    264.000    261.345     3.7847     3.7828  32.380836  32.378146     2.4543   59.93932  -39.52120     4.9563         28 0.0000e+00
      82155   3423.093    262.000    259.367     3.7970     3.7941  32.392413  32.389637     2.4522   59.93932  -39.52122     4.9564         32 0.0000e+00
      82249   3427.018    260.000    257.388     3.8052     3.7996  32.398919  32.394891     2.4492   59.93932  -39.52122     4.9560         59 0.0000e+00
      82313   3429.669    258.000    255.409     3.8090     3.8072  32.401822  32.401238     2.4476   59.93932  -39.52122     4.9563         44 0.0000e+00
      83254   3468.867    256.000    253.430     3.8158     3.8152  32.407227  32.408215     2.4498   59.93932  -39.52123     4.9564         88 0.0000e+00
      84044   3501.806    254.000    251.451     3.8196     3.8195  32.409841  32.411360     2.4535   59.93932  -39.52120     4.9563         47 0.0000e+00
      84076   3503.125    252.000    249.473     3.8186     3.8183  32.407803  32.408884     2.4547   59.93932  -39.52120     4.9564         65 0.0000e+00
      84144   3505.964    250.000    247.494     3.8210     3.8217  32.408666  32.410847     2.4556   59.93932  -39.52120     4.9563         51 0.0000e+00
      84180   3507.441    248.000    245.515     3.8248     3.8248  32.411367  32.412692     2.4550   59.93932  -39.52120     4.9566         33 0.0000e+00
      84219   3509.093    246.000    243.537     3.8257     3.8248  32.411425  32.412082     2.4562   59.93932  -39.52120     4.9564         52 0.0000e+00
      84285   3511.822    244.000    241.558     3.8269     3.8264  32.411416  32.412602     2.4571   59.93932  -39.52119     4.9564         62 0.0000e+00
      84328   3513.638    242.000    239.579     3.8284     3.8278  32.411597  32.412534     2.4578   59.93932  -39.52119     4.9564         36 0.0000e+00
      84370   3515.382    240.000    237.600     3.8299     3.8294  32.412184  32.413216     2.4584   59.93932  -39.52120     4.9564         52 0.0000e+00
      84427   3517.758    238.000    235.622     3.8315     3.8313  32.412469  32.413751     2.4580   59.93933  -39.52118     4.9563         53 0.0000e+00
      84470   3519.560    236.000    233.642     3.8402     3.8407  32.419383  32.420593     2.4573   59.93934  -39.52118     4.9564         38 0.0000e+00
      84513   3521.323    234.000    231.664     3.8472     3.8469  32.425174  32.426163     2.4574   59.93932  -39.52118     4.9564         51 0.0000e+00
      84567   3523.574    232.000    229.685     3.8482     3.8504  32.425532  32.428862     2.4573   59.93932  -39.52118     4.9565         47 0.0000e+00
      84605   3525.186    230.000    227.706     3.8516     3.8513  32.427641  32.428837     2.4565   59.93933  -39.52118     4.9562         36 0.0000e+00
      84652   3527.140    228.000    225.727     3.8504     3.8475  32.425598  32.424111     2.4590   59.93933  -39.52117     4.9560         65 0.0000e+00
      84715   3529.752    226.000    223.748     3.8424     3.8354  32.416134  32.411922     2.4709   59.93934  -39.52118     4.9565         47 0.0000e+00
      84753   3531.332    224.000    221.769     3.8156     3.8120  32.386814  32.385677     2.4769   59.93934  -39.52117     4.9566         36 0.0000e+00
      84793   3533.007    222.000    219.790     3.8107     3.8109  32.380789  32.382937     2.4820   59.93932  -39.52116     4.9564         47 0.0000e+00
      84852   3535.441    220.000    217.811     3.8075     3.8068  32.376537  32.377482     2.4868   59.93932  -39.52117     4.9564         63 0.0000e+00
      84904   3537.605    218.000    215.832     3.8079     3.8073  32.375833  32.376541     2.4899   59.93934  -39.52116     4.9565         41 0.0000e+00
      84940   3539.129    216.000    213.853     3.8101     3.8102  32.376806  32.378246     2.4907   59.93934  -39.52116     4.9564         36 0.0000e+00
      84980   3540.785    214.000    211.874     3.8118     3.8111  32.377348  32.378429     2.4909   59.93934  -39.52116     4.9564         46 0.0000e+00
      85046   3543.527    212.000    209.894     3.8127     3.8133  32.377617  32.379671     2.4940   59.93934  -39.52116     4.9564         77 0.0000e+00
      85099   3545.757    210.000    207.915     3.8147     3.8147  32.378147  32.379531     2.4967   59.93934  -39.52114     4.9565         32 0.0000e+00
      85127   3546.906    208.000    205.936     3.8150     3.8147  32.376836  32.378091     2.4973   59.93934  -39.52114     4.9565         27 0.0000e+00
      85158   3548.195    206.000    203.957     3.8144     3.8141  32.375097  32.376504     2.4990   59.93932  -39.52114     4.9564         39 0.0000e+00
      85235   3551.405    204.000    201.978     3.8155     3.8157  32.375123  32.377022     2.5013   59.93934  -39.52115     4.9564         94 0.0000e+00
      85296   3553.977    202.000    199.998     3.8187     3.8187  32.377077  32.378376     2.5037   59.93934  -39.52114     4.9564         33 0.0000e+00
      85323   3555.101    200.000    198.019     3.8203     3.8201  32.377121  32.378311     2.5047   59.93934  -39.52114     4.9564         26 0.0000e+00
      85352   3556.284    198.000    196.040     3.8246     3.8256  32.379804  32.382389     2.5061   59.93933  -39.52114     4.9563         33 0.0000e+00
      85414   3558.875    196.000    194.061     3.8293     3.8280  32.383665  32.384041     2.5072   59.93933  -39.52114     4.9563         68 0.0000e+00
      85487   3561.914    194.000    192.082     3.8326     3.8314  32.385497  32.385644     2.5073   59.93934  -39.52114     4.9564         35 0.0000e+00
      85515   3563.103    192.000    190.102     3.8371     3.8371  32.388741  32.390046     2.5072   59.93933  -39.52114     4.9564         30 0.0000e+00
      85553   3564.650    190.000    188.123     3.8381     3.8381  32.388800  32.390367     2.5074   59.93932  -39.52114     4.9565         48 0.0000e+00
      85638   3568.213    188.000    186.144     3.8397     3.8396  32.389395  32.390839     2.5088   59.93933  -39.52114     4.9565         84 0.0000e+00
      86071   3586.259    186.000    184.164     3.8412     3.8411  32.389727  32.391109     2.5096   59.93933  -39.52114     4.9565         88 0.0000e+00
      86975   3623.928    184.000    182.185     3.8494     3.8458  32.396388  32.394270     2.5112   59.93932  -39.52115     4.9564         66 0.0000e+00
      87076   3628.136    182.000    180.206     3.8542     3.8516  32.399988  32.398383     2.5117   59.93932  -39.52116     4.9564         35 0.0000e+00
      87106   3629.371    180.000    178.226     3.8570     3.8561  32.401342  32.401799     2.5108   59.93932  -39.52115     4.9564         32 0.0000e+00
      87144   3630.963    178.000    176.247     3.8584     3.8575  32.401553  32.402319     2.5102   59.93932  -39.52114     4.9564         48 0.0000e+00
      87207   3633.564    176.000    174.267     3.8603     3.8601  32.402290  32.403831     2.5105   59.93932  -39.52116     4.9564         70 0.0000e+00
      87273   3636.320    174.000    172.288     3.8652     3.8633  32.406121  32.405464     2.5094   59.93932  -39.52116     4.9565         58 0.0000e+00
      87317   3638.174    172.000    170.308     3.8878     3.8820  32.427114  32.422002     2.5089   59.93932  -39.52116     4.9565         35 0.0000e+00
      87351   3639.563    170.000    168.329     3.9049     3.9015  32.442526  32.439895     2.5082   59.93932  -39.52116     4.9564         35 0.0000e+00
      87394   3641.393    168.000    166.349     3.9072     3.9078  32.444658  32.446178     2.5078   59.93932  -39.52116     4.9564         58 0.0000e+00
      87472   3644.629    166.000    164.370     3.9198     3.9207  32.455940  32.458424     2.5083   59.93932  -39.52116     4.9564         78 0.0000e+00
      87523   3646.762    164.000    162.390     3.9237     3.9231  32.458465  32.459045     2.5078   59.93932  -39.52114     4.9563         34 0.0000e+00
      87554   3648.054    162.000    160.411     3.9279     3.9265  32.461343  32.461568     2.5079   59.93932  -39.52115     4.9564         32 0.0000e+00
      87592   3649.638    160.000    158.431     3.9282     3.9276  32.460855  32.461743     2.5076   59.93932  -39.52116     4.9565         48 0.0000e+00
      87663   3652.563    158.000    156.451     3.9312     3.9300  32.462308  32.462874     2.5090   59.93932  -39.52115     4.9565         80 0.0000e+00
      87721   3655.016    156.000    154.471     3.9321     3.9311  32.461734  32.462362     2.5110   59.93932  -39.52116     4.9564         46 0.0000e+00
      87765   3656.818    154.000    152.492     3.9350     3.9342  32.463149  32.463852     2.5115   59.93932  -39.52116     4.9565         39 0.0000e+00
      87801   3658.354    152.000    150.512     3.9375     3.9374  32.464590  32.465667     2.5126   59.93932  -39.52116     4.9564         37 0.0000e+00
      87858   3660.718    150.000    148.533     3.9413     3.9403  32.467175  32.467804     2.5149   59.93932  -39.52116     4.9565         81 0.0000e+00
      87927   3663.587    148.000    146.553     3.9437     3.9418  32.467836  32.467615     2.5177   59.93932  -39.52116     4.9565         44 0.0000e+00
      87962   3665.031    146.000    144.573     3.9510     3.9484  32.473005  32.471893     2.5185   59.93932  -39.52116     4.9564         33 0.0000e+00
      88002   3666.712    144.000    142.593     3.9528     3.9524  32.473803  32.474867     2.5193   59.93932  -39.52116     4.9565         53 0.0000e+00
      88073   3669.655    142.000    140.613     3.9560     3.9540  32.475506  32.475560     2.5220   59.93933  -39.52116     4.9564         77 0.0000e+00
      88134   3672.227    140.000    138.634     3.9640     3.9603  32.481899  32.479338     2.5233   59.93932  -39.52116     4.9565         51 0.0000e+00
      88226   3676.030    138.000    136.654     3.9755     3.9721  32.491464  32.489583     2.5240   59.93933  -39.52116     4.9565         76 0.0000e+00
      88629   3692.835    136.000    134.674     3.9802     3.9792  32.495714  32.496003     2.5241   59.93933  -39.52117     4.9563         90 0.0000e+00
      89972   3748.807    134.000    132.694     4.0086     4.0069  32.521406  32.521417     2.5264   59.93934  -39.52112     4.9565         40 0.0000e+00
      89999   3749.921    132.000    130.714     4.0111     4.0092  32.522649  32.522485     2.5269   59.93934  -39.52111     4.9566         72 0.0000e+00
      90087   3753.571    130.000    128.734     4.0132     4.0117  32.523584  32.523875     2.5283   59.93934  -39.52111     4.9564         74 0.0000e+00
      90141   3755.845    128.000    126.755     4.0096     4.0091  32.518356  32.519674     2.5294   59.93934  -39.52110     4.9564         49 0.0000e+00
      90194   3758.026    126.000    124.775     4.0139     4.0129  32.520854  32.521544     2.5302   59.93934  -39.52110     4.9564         60 0.0000e+00
      90268   3761.135    124.000    122.795     4.0168     4.0168  32.523036  32.524130     2.5324   59.93934  -39.52110     4.9564         86 0.0000e+00
      90341   3764.165    122.000    120.815     4.0266     4.0217  32.530528  32.527453     2.5352   59.93934  -39.52110     4.9564         51 0.0000e+00
      90381   3765.836    120.000    118.835     4.0351     4.0337  32.536994  32.536715     2.5356   59.93934  -39.52110     4.9564         39 0.0000e+00
      90456   3768.968    118.000    116.855     4.0414     4.0389  32.541675  32.541158     2.5383   59.93934  -39.52109     4.9565         77 0.0000e+00
      90539   3772.408    116.000    114.875     4.0472     4.0437  32.546079  32.544039     2.5407   59.93934  -39.52110     4.9566         59 0.0000e+00
      90589   3774.498    114.000    112.894     4.0574     4.0559  32.553920  32.553792     2.5408   59.93934  -39.52108     4.9566         45 0.0000e+00
      90644   3776.812    112.000    110.914     4.0522     4.0510  32.547399  32.548442     2.5417   59.93934  -39.52108     4.9565         75 0.0000e+00
      90741   3780.851    110.000    108.934     4.0455     4.0466  32.539227  32.542223     2.5453   59.93935  -39.52108     4.9565         85 0.0000e+00
      90799   3783.267    108.000    106.954     4.0555     4.0557  32.547360  32.549226     2.5459   59.93935  -39.52108     4.9565         68 0.0000e+00
      91047   3793.579    106.000    104.974     4.0610     4.0572  32.551573  32.549692     2.5485   59.93936  -39.52108     4.9565        109 0.0000e+00
      92217   3842.351    104.000    102.994     4.0701     4.0696  32.558422  32.559653     2.5517   59.93934  -39.52115     4.9566         80 0.0000e+00
      92323   3846.730    102.000    101.014     4.0681     4.0679  32.555427  32.556991     2.5516   59.93934  -39.52116     4.9566         91 0.0000e+00
      92430   3851.218    100.000     99.034     4.0747     4.0756  32.560328  32.562677     2.5524   59.93934  -39.52116     4.9566         54 0.0000e+00
      92521   3855.008     98.000     97.053     4.0818     4.0802  32.565577  32.565833     2.5520   59.93934  -39.52116     4.9566         74 0.0000e+00
      92616   3858.963     96.000     95.073     4.0875     4.0863  32.569801  32.570161     2.5519   59.93934  -39.52116     4.9566         68 0.0000e+00
      92733   3863.834     94.000     93.093     4.0966     4.0952  32.577310  32.577725     2.5547   59.93934  -39.52116     4.9566         64 0.0000e+00
      92820   3867.447     92.000     91.113     4.1084     4.1050  32.587296  32.585849     2.5557   59.93934  -39.52116     4.9566         75 0.0000e+00
      92927   3871.896     90.000     89.132     4.1351     4.1264  32.611014  32.603966     2.5574   59.93934  -39.52118     4.9565         68 0.0000e+00
      93024   3875.960     88.000     87.152     4.1615     4.1609  32.634802  32.634971     2.5599   59.93934  -39.52117     4.9565         87 0.0000e+00
      93354   3889.712     86.000     85.172     4.1910     4.1840  32.661806  32.656574     2.5619   59.93934  -39.52117     4.9566         81 0.0000e+00
      94395   3933.079     84.000     83.191     4.2179     4.2123  32.685758  32.682138     2.5638   59.93934  -39.52114     4.9566         82 0.0000e+00
      94455   3935.564     82.000     81.211     4.2258     4.2217  32.691697  32.689253     2.5650   59.93934  -39.52112     4.9565         85 0.0000e+00
      94581   3940.833     80.000     79.231     4.2449     4.2399  32.707132  32.704132     2.5688   59.93934  -39.52113     4.9565         70 0.0000e+00
      94642   3943.360     78.000     77.250     4.2720     4.2658  32.729834  32.724737     2.5721   59.93934  -39.52112     4.9566         65 0.0000e+00
