Example_Files/SBE_Processing_Files/Processed_SBE_cast_files/upcasts/uar69-01_010.cnv
* Sea-Bird SBE 9 Data File:
* FileName = D:\data\ar69-01_010.hex
* Software Version Seasave V 7.26.7.107
* Temperature SN = 4491
* Conductivity SN = 3009
* Number of Bytes Per Scan = 44
* Number of Voltage Words = 5
* Number of Scans Averaged by the Deck Unit = 1
* NMEA Latitude = 59 48.41 N
* NMEA Longitude = 040 16.60 W
* NMEA UTC (Time) = Jun 29 2022  14:57:01
** Cruise ID: AR69-01
** Chief Sci:
** Station #: 010
** Site ID: M3
# nquan = 14
# nvalues = 1293                        
# units = specified
# name 0 = scan: Scan Count
# name 1 = timeS: Time, Elapsed [seconds]
# name 2 = prDM: Pressure, Digiquartz [db]
# name 3 = depSM: Depth [salt water, m]
# name 4 = t090C: Temperature [ITS-90, deg C]
# name 5 = t190C: Temperature, 2 [ITS-90, deg C]
# name 6 = c0mS/cm: Conductivity [mS/cm]
# name 7 = c1mS/cm: Conductivity, 2 [mS/cm]
# name 8 = sbeox0V: Oxygen raw, SBE 43 [V]
# name 9 = latitude: Latitude [deg]
# name 10 = longitude: Longitude [deg]
# name 11 = v7: Voltage 7
# name 12 = nbin: number of scans per bin
# name 13 = flag: flag
# span 0 =      74435,     180176       
# span 1 =   3101.413,   7507.281       
# span 2 =      6.000,   2590.000       
# span 3 =      5.943,   2549.901       
# span 4 =     1.4940,     7.0067       
# span 5 =     1.4940,     7.0079       
# span 6 =  31.322259,  35.095331       
# span 7 =  31.322908,  35.097620       
# span 8 =     1.8621,     2.8169       
# span 9 =   59.80674,   59.80680       
# span 10 =  -40.27673,  -40.27666      
# span 11 =     4.9560,     4.9569      
# span 12 =         22,        123      
# span 13 = 0.0000e+00, 0.0000e+00      
# interval = decibars: 2                
# start_time = Jun 29 2022 14:57:01 [NMEA time, first data scan]
# bad_flag = -9.990e-29
*END*
[from data line 1033]
     156753   6531.329    524.000    518.411     3.6779     3.6782  32.396255  32.397661     2.3940   59.80674  -40.27672     4.9563         52 0.0000e+00
     156797   6533.171    522.000    516.435     3.6838     3.6842  32.400918  32.402433     2.3939   59.80674  -40.27672     4.9564         39 0.0000e+00
     156835   6534.765    520.000    514.459     3.6882     3.6876  32.404275  32.404984     2.3939   59.80674  -40.27672     4.9563         40 0.0000e+00
     156890   6537.030    518.000    512.483     3.6901     3.6895  32.405288  32.406018     2.3931   59.80676  -40.27672     4.9562         71 0.0000e+00
     156952   6539.637    516.000    510.506     3.6951     3.6961  32.409287  32.411175     2.3893   59.80676  -40.27672     4.9560         43 0.0000e+00
     156988   6541.112    514.000    508.530     3.7098     3.7089  32.422751  32.422510     2.3875   59.80676  -40.27672     4.9561         36 0.0000e+00
     157101   6545.821    512.000    506.554     3.7096     3.7090  32.421756  32.422544     2.3870   59.80676  -40.27672     4.9563         94 0.0000e+00
     158293   6595.512    510.000    504.578     3.7211     3.7216  32.431890  32.433962     2.3813   59.80678  -40.27670     4.9563         92 0.0000e+00
     159274   6636.376    508.000    502.601     3.7218     3.7214  32.431857  32.432813     2.3826   59.80676  -40.27670     4.9563         51 0.0000e+00
     159344   6639.303    506.000    500.625     3.7225     3.7221  32.431586  32.432613     2.3830   59.80676  -40.27670     4.9562         54 0.0000e+00
     159400   6641.641    504.000    498.649     3.7230     3.7235  32.431220  32.432892     2.3818   59.80676  -40.27670     4.9563         56 0.0000e+00
     159448   6643.643    502.000    496.672     3.7322     3.7329  32.439317  32.440797     2.3763   59.80676  -40.27670     4.9563         41 0.0000e+00
     159490   6645.380    500.000    494.696     3.7430     3.7435  32.449333  32.450250     2.3717   59.80676  -40.27670     4.9563         44 0.0000e+00
     159541   6647.510    498.000    492.719     3.7534     3.7473  32.457699  32.453879     2.3678   59.80676  -40.27670     4.9563         59 0.0000e+00
     159599   6649.932    496.000    490.743     3.7563     3.7575  32.460733  32.462682     2.3648   59.80676  -40.27668     4.9563         51 0.0000e+00
     159642   6651.702    494.000    488.767     3.7619     3.7613  32.465318  32.466266     2.3640   59.80676  -40.27668     4.9563         37 0.0000e+00
     159678   6653.194    492.000    486.790     3.7623     3.7615  32.464725  32.465372     2.3635   59.80676  -40.27670     4.9563         39 0.0000e+00
     159735   6655.577    490.000    484.814     3.7638     3.7629  32.465347  32.465940     2.3619   59.80676  -40.27670     4.9560         73 0.0000e+00
     159797   6658.156    488.000    482.837     3.7679     3.7676  32.468083  32.468902     2.3575   59.80676  -40.27668     4.9562         45 0.0000e+00
     159835   6659.735    486.000    480.860     3.7786     3.7792  32.477839  32.478864     2.3550   59.80676  -40.27668     4.9564         35 0.0000e+00
     159869   6661.179    484.000    478.884     3.7909     3.7899  32.488529  32.488551     2.3535   59.80676  -40.27670     4.9562         34 0.0000e+00
     159905   6662.679    482.000    476.907     3.7951     3.7922  32.491702  32.490248     2.3522   59.80676  -40.27670     4.9564         40 0.0000e+00
     159985   6665.983    480.000    474.930     3.7987     3.7988  32.494450  32.495649     2.3514   59.80676  -40.27669     4.9562         59 0.0000e+00
     160036   6668.130    478.000    472.954     3.8021     3.8020  32.496519  32.497557     2.3501   59.80676  -40.27668     4.9560         30 0.0000e+00
     160064   6669.288    476.000    470.978     3.8055     3.8052  32.498575  32.499855     2.3491   59.80676  -40.27669     4.9560         28 0.0000e+00
     160098   6670.693    474.000    469.001     3.8071     3.8065  32.499509  32.500395     2.3493   59.80676  -40.27670     4.9561         43 0.0000e+00
     160171   6673.729    472.000    467.024     3.8102     3.8092  32.501711  32.502114     2.3516   59.80676  -40.27670     4.9564         84 0.0000e+00
     160225   6675.997    470.000    465.048     3.8122     3.8116  32.502270  32.502915     2.3547   59.80676  -40.27668     4.9565         37 0.0000e+00
     160261   6677.498    468.000    463.071     3.8143     3.8140  32.503098  32.504099     2.3566   59.80676  -40.27670     4.9563         38 0.0000e+00
     160300   6679.137    466.000    461.094     3.8152     3.8145  32.502795  32.503369     2.3579   59.80676  -40.27670     4.9562         40 0.0000e+00
     160346   6681.031    464.000    459.117     3.8157     3.8154  32.502133  32.503285     2.3595   59.80676  -40.27670     4.9564         57 0.0000e+00
     160411   6683.750    462.000    457.140     3.8163     3.8158  32.501692  32.502605     2.3616   59.80676  -40.27670     4.9560         59 0.0000e+00
     160455   6685.568    460.000    455.164     3.8217     3.8217  32.505699  32.506499     2.3635   59.80676  -40.27670     4.9560         36 0.0000e+00
     160492   6687.123    458.000    453.187     3.8251     3.8245  32.508011  32.508727     2.3646   59.80676  -40.27670     4.9561         43 0.0000e+00
     160546   6689.375    456.000    451.210     3.8264     3.8261  32.508286  32.509250     2.3667   59.80676  -40.27670     4.9563         56 0.0000e+00
     160594   6691.377    454.000    449.233     3.8279     3.8275  32.508441  32.509472     2.3681   59.80676  -40.27670     4.9564         46 0.0000e+00
     160647   6693.597    452.000    447.256     3.8279     3.8278  32.507488  32.508866     2.3682   59.80676  -40.27670     4.9564         57 0.0000e+00
     160694   6695.556    450.000    445.280     3.8281     3.8279  32.506562  32.507657     2.3693   59.80676  -40.27670     4.9563         35 0.0000e+00
     160728   6696.939    448.000    443.303     3.8282     3.8279  32.505523  32.506632     2.3706   59.80676  -40.27670     4.9563         37 0.0000e+00
     160782   6699.190    446.000    441.326     3.8279     3.8275  32.504281  32.505409     2.3720   59.80676  -40.27671     4.9563         66 0.0000e+00
     160838   6701.550    444.000    439.349     3.8271     3.8264  32.502471  32.503296     2.3737   59.80676  -40.27670     4.9564         48 0.0000e+00
     160884   6703.461    442.000    437.372     3.8234     3.8230  32.497529  32.498510     2.3754   59.80676  -40.27670     4.9562         44 0.0000e+00
     160925   6705.171    440.000    435.395     3.8224     3.8218  32.495095  32.496051     2.3765   59.80676  -40.27670     4.9563         38 0.0000e+00
     160966   6706.856    438.000    433.418     3.8242     3.8232  32.495833  32.496315     2.3772   59.80676  -40.27670     4.9563         48 0.0000e+00
     161023   6709.255    436.000    431.441     3.8253     3.8259  32.496157  32.498036     2.3774   59.80676  -40.27671     4.9560         60 0.0000e+00
     161084   6711.806    434.000    429.464     3.8287     3.8283  32.498345  32.499213     2.3772   59.80678  -40.27671     4.9561         64 0.0000e+00
     161134   6713.871    432.000    427.487     3.8278     3.8277  32.496111  32.497545     2.3792   59.80677  -40.27670     4.9562         33 0.0000e+00
     161162   6715.051    430.000    425.510     3.8242     3.8228  32.491253  32.491814     2.3806   59.80676  -40.27670     4.9564         27 0.0000e+00
     161192   6716.272    428.000    423.533     3.8205     3.8204  32.486547  32.488106     2.3820   59.80676  -40.27672     4.9561         36 0.0000e+00
     161271   6719.599    426.000    421.556     3.8185     3.8182  32.483519  32.484896     2.3853   59.80676  -40.27671     4.9563         62 0.0000e+00
     161324   6721.789    424.000    419.579     3.8161     3.8158  32.479938  32.481170     2.3877   59.80676  -40.27670     4.9560         36 0.0000e+00
     161360   6723.271    422.000    417.602     3.8143     3.8138  32.477130  32.478066     2.3888   59.80676  -40.27670     4.9560         36 0.0000e+00
     161395   6724.764    420.000    415.624     3.8139     3.8139  32.475658  32.476956     2.3895   59.80676  -40.27670     4.9562         35 0.0000e+00
     161436   6726.478    418.000    413.647     3.8141     3.8139  32.474947  32.476199     2.3906   59.80676  -40.27672     4.9565         54 0.0000e+00
     161512   6729.641    416.000    411.670     3.8142     3.8138  32.474110  32.475278     2.3937   59.80676  -40.27671     4.9565         80 0.0000e+00
     161569   6731.992    414.000    409.693     3.8169     3.8172  32.475575  32.476914     2.3952   59.80676  -40.27668     4.9565         42 0.0000e+00
     161604   6733.452    412.000    407.716     3.8205     3.8210  32.477736  32.479382     2.3949   59.80676  -40.27669     4.9567         30 0.0000e+00
     161632   6734.641    410.000    405.739     3.8241     3.8236  32.480009  32.480887     2.3951   59.80676  -40.27671     4.9564         28 0.0000e+00
     161667   6736.083    408.000    403.761     3.8242     3.8239  32.479449  32.480523     2.3957   59.80676  -40.27672     4.9566         46 0.0000e+00
     161768   6740.274    406.000    401.784     3.8261     3.8254  32.480139  32.480968     2.3975   59.80676  -40.27668     4.9565         52 0.0000e+00
     161799   6741.563    404.000    399.807     3.8279     3.8284  32.480763  32.482447     2.3993   59.80676  -40.27668     4.9562         29 0.0000e+00
     161828   6742.772    402.000    397.829     3.8317     3.8325  32.483110  32.485057     2.3998   59.80676  -40.27669     4.9560         31 0.0000e+00
     161869   6744.516    400.000    395.852     3.8368     3.8391  32.487143  32.490185     2.4007   59.80676  -40.27672     4.9560         58 0.0000e+00
     161934   6747.193    398.000    393.874     3.8420     3.8436  32.490824  32.493796     2.4020   59.80676  -40.27671     4.9562         59 0.0000e+00
     161984   6749.288    396.000    391.897     3.8512     3.8500  32.497978  32.497746     2.4021   59.80676  -40.27670     4.9567         47 0.0000e+00
     162031   6751.237    394.000    389.920     3.8543     3.8557  32.499706  32.502147     2.4028   59.80676  -40.27670     4.9564         47 0.0000e+00
     162080   6753.289    392.000    387.942     3.8589     3.8582  32.503053  32.503413     2.4032   59.80676  -40.27670     4.9563         49 0.0000e+00
     162122   6755.030    390.000    385.965     3.8648     3.8645  32.507598  32.508241     2.4045   59.80676  -40.27670     4.9560         36 0.0000e+00
     162161   6756.674    388.000    383.987     3.8669     3.8674  32.508514  32.510402     2.4060   59.80676  -40.27670     4.9560         49 0.0000e+00
     162219   6759.083    386.000    382.010     3.8710     3.8702  32.511294  32.511862     2.4075   59.80676  -40.27670     4.9564         53 0.0000e+00
     162262   6760.878    384.000    380.032     3.8786     3.8783  32.517264  32.517937     2.4088   59.80676  -40.27670     4.9564         45 0.0000e+00
     162318   6763.220    382.000    378.055     3.8799     3.8812  32.517704  32.520027     2.4103   59.80676  -40.27668     4.9563         59 0.0000e+00
     162365   6765.161    380.000    376.077     3.8879     3.8876  32.523859  32.524747     2.4104   59.80676  -40.27668     4.9563         36 0.0000e+00
     162399   6766.569    378.000    374.100     3.8945     3.8943  32.529069  32.529951     2.4103   59.80676  -40.27671     4.9564         35 0.0000e+00
     162444   6768.461    376.000    372.122     3.8964     3.8958  32.530098  32.530966     2.4106   59.80676  -40.27671     4.9564         62 0.0000e+00
     162513   6771.345    374.000    370.145     3.8990     3.8986  32.531414  32.532416     2.4110   59.80676  -40.27668     4.9564         61 0.0000e+00
     162561   6773.347    372.000    368.167     3.9005     3.9004  32.531878  32.533033     2.4128   59.80676  -40.27669     4.9563         41 0.0000e+00
     162597   6774.849    370.000    366.189     3.9020     3.9016  32.532398  32.533249     2.4138   59.80676  -40.27670     4.9563         34 0.0000e+00
     162634   6776.374    368.000    364.212     3.9031     3.9029  32.532616  32.533682     2.4137   59.80676  -40.27670     4.9565         42 0.0000e+00
     162688   6778.605    366.000    362.234     3.9043     3.9049  32.532863  32.534736     2.4149   59.80676  -40.27670     4.9564         64 0.0000e+00
     162753   6781.350    364.000    360.256     3.9058     3.9076  32.533444  32.535938     2.4147   59.80676  -40.27670     4.9564         58 0.0000e+00
     162797   6783.166    362.000    358.279     3.9310     3.9340  32.556667  32.560280     2.4123   59.80676  -40.27670     4.9568         35 0.0000e+00
     162829   6784.489    360.000    356.301     3.9421     3.9448  32.566707  32.569738     2.4098   59.80676  -40.27670     4.9563         32 0.0000e+00
     162875   6786.411    358.000    354.323     3.9546     3.9528  32.578560  32.577629     2.4079   59.80676  -40.27670     4.9563         67 0.0000e+00
     162940   6789.107    356.000    352.346     3.9594     3.9575  32.582153  32.581816     2.4085   59.80676  -40.27670     4.9564         47 0.0000e+00
     162979   6790.766    354.000    350.368     3.9590     3.9583  32.580992  32.581654     2.4090   59.80676  -40.27670     4.9564         42 0.0000e+00
     163027   6792.760    352.000    348.390     3.9609     3.9616  32.582052  32.583928     2.4092   59.80676  -40.27670     4.9565         51 0.0000e+00
     163077   6794.828    350.000    346.412     3.9660     3.9661  32.586377  32.587692     2.4099   59.80676  -40.27670     4.9564         51 0.0000e+00
     163130   6797.052    348.000    344.434     3.9658     3.9646  32.585096  32.585424     2.4097   59.80676  -40.27670     4.9562         48 0.0000e+00
     163168   6798.630    346.000    342.457     3.9687     3.9688  32.587026  32.588039     2.4092   59.80676  -40.27670     4.9562         33 0.0000e+00
     163206   6800.197    344.000    340.479     3.9759     3.9761  32.593038  32.594270     2.4087   59.80676  -40.27672     4.9563         51 0.0000e+00
     163276   6803.118    342.000    338.500     3.9861     3.9841  32.601736  32.601353     2.4097   59.80676  -40.27670     4.9564         66 0.0000e+00
     163319   6804.924    340.000    336.523     3.9878     3.9879  32.602228  32.603530     2.4102   59.80676  -40.27670     4.9565         32 0.0000e+00
     163349   6806.182    338.000    334.545     3.9914     3.9907  32.604368  32.605013     2.4107   59.80676  -40.27672     4.9564         32 0.0000e+00
     163399   6808.247    336.000    332.567     3.9916     3.9907  32.603721  32.604458     2.4125   59.80676  -40.27672     4.9564         74 0.0000e+00
     163471   6811.269    334.000    330.589     3.9922     3.9918  32.603127  32.604205     2.4115   59.80676  -40.27670     4.9563         53 0.0000e+00
     163512   6812.953    332.000    328.611     4.0081     4.0074  32.618211  32.617333     2.4078   59.80676  -40.27670     4.9564         36 0.0000e+00
     163546   6814.380    330.000    326.633     4.0265     4.0291  32.635230  32.638207     2.4053   59.80675  -40.27672     4.9562         34 0.0000e+00
     163587   6816.073    328.000    324.655     4.0309     4.0343  32.639059  32.643354     2.4041   59.80676  -40.27673     4.9565         51 0.0000e+00
     163651   6818.733    326.000    322.677     4.0408     4.0412  32.647903  32.649649     2.4016   59.80676  -40.27671     4.9565         65 0.0000e+00
     163702   6820.855    324.000    320.699     4.0568     4.0569  32.662050  32.662581     2.3983   59.80676  -40.27670     4.9564         41 0.0000e+00
     163739   6822.426    322.000    318.721     4.0695     4.0698  32.673935  32.674656     2.3960   59.80676  -40.27672     4.9564         37 0.0000e+00
