Example_Files/SBE_Processing_Files/Processed_SBE_cast_files/upcasts/uar69-01_008.cnv
* Sea-Bird SBE 9 Data File:
* FileName = D:\data\ar69-01_008.hex
* Software Version Seasave V 7.26.7.107
* Temperature SN = 4491
* Conductivity SN = 3009
* Number of Bytes Per Scan = 44
* Number of Voltage Words = 5
* Number of Scans Averaged by the Deck Unit = 1
* NMEA Latitude = 55 58.83 N
* NMEA Longitude = 043 11.33 W
* NMEA UTC (Time) = Jun 27 2022  11:04:26
** Cruise ID: AR69-01
** Chief Sci:
** Station #: 008
** Site ID: Transit - cal. dip (microcats)
# nquan = 14
# nvalues = 1523                        
# units = specified
# name 0 = scan: Scan Count
# name 1 = timeS: Time, Elapsed [seconds]
# name 2 = prDM: Pressure, Digiquartz [db]
# name 3 = depSM: Depth [salt water, m]
# name 4 = t090C: Temperature [ITS-90, deg C]
# name 5 = t190C: Temperature, 2 [ITS-90, deg C]
# name 6 = c0mS/cm: Conductivity [mS/cm]
# name 7 = c1mS/cm: Conductivity, 2 [mS/cm]
# name 8 = sbeox0V: Oxygen raw, SBE 43 [V]
# name 9 = latitude: Latitude [deg]
# name 10 = longitude: Longitude [deg]
# name 11 = v7: Voltage 7
# name 12 = nbin: number of scans per bin
# name 13 = flag: flag
# span 0 =      89219,     219043       
# span 1 =   3717.426,   9126.768       
# span 2 =      6.000,   3050.000       
# span 3 =      5.945,   3000.541       
# span 4 =     2.6982,     5.8557       
# span 5 =     2.6986,     5.8568       
# span 6 =  31.819190,  33.962844       
# span 7 =  31.820500,  33.966040       
# span 8 =     1.7237,     2.8231       
# span 9 =   55.98069,   55.98086       
# span 10 =  -43.18522,  -43.18264      
# span 11 =     4.9560,     4.9561      
# span 12 =         18,        140      
# span 13 = 0.0000e+00, 0.0000e+00      
# interval = decibars: 2                
# start_time = Jun 27 2022 11:04:26 [NMEA time, first data scan]
# bad_flag = -9.990e-29
*END*
      89219   3717.426   3050.000   3000.541     2.6982     2.6986  32.605329  32.606096     1.7241   55.98070  -43.18522     4.9560         33 0.0000e+00
      89246   3718.550   3048.000   2998.587     2.6989     2.6994  32.605275  32.606224     1.7237   55.98069  -43.18522     4.9560         28 0.0000e+00
      90598   3774.875   3046.000   2996.633     2.6996     2.7002  32.605286  32.606283     1.7237   55.98070  -43.18518     4.9560         39 0.0000e+00
      94154   3923.023   3044.000   2994.680     2.7015     2.7020  32.606296  32.607295     1.7251   55.98074  -43.18504     4.9560         25 0.0000e+00
      94301   3929.186   3042.000   2992.726     2.7018     2.7019  32.605812  32.606555     1.7252   55.98074  -43.18504     4.9560         38 0.0000e+00
      94387   3932.730   3040.000   2990.772     2.7023     2.7031  32.605812  32.606988     1.7262   55.98074  -43.18503     4.9560         71 0.0000e+00
      94459   3935.744   3038.000   2988.818     2.7027     2.7030  32.605115  32.605902     1.7270   55.98074  -43.18502     4.9560         35 0.0000e+00
      94488   3936.964   3036.000   2986.864     2.7040     2.7047  32.605810  32.606782     1.7271   55.98074  -43.18502     4.9560         29 0.0000e+00
      94516   3938.108   3034.000   2984.911     2.7048     2.7054  32.605816  32.606723     1.7272   55.98074  -43.18502     4.9560         27 0.0000e+00
      94544   3939.291   3032.000   2982.957     2.7051     2.7055  32.605299  32.606304     1.7271   55.98074  -43.18502     4.9560         30 0.0000e+00
      94602   3941.727   3030.000   2981.003     2.7049     2.7053  32.604574  32.605474     1.7274   55.98074  -43.18501     4.9560         63 0.0000e+00
      94704   3945.946   3028.000   2979.049     2.7054     2.7058  32.604052  32.604892     1.7286   55.98074  -43.18500     4.9560         37 0.0000e+00
      94731   3947.079   3026.000   2977.095     2.7071     2.7082  32.605016  32.606339     1.7286   55.98074  -43.18502     4.9560         27 0.0000e+00
      94757   3948.187   3024.000   2975.141     2.7089     2.7104  32.606050  32.607667     1.7285   55.98074  -43.18502     4.9560         26 0.0000e+00
      94786   3949.366   3022.000   2973.187     2.7131     2.7123  32.609204  32.608632     1.7284   55.98074  -43.18502     4.9560         31 0.0000e+00
      94833   3951.328   3020.000   2971.233     2.7154     2.7164  32.610775  32.612190     1.7289   55.98074  -43.18502     4.9560         64 0.0000e+00
      94923   3955.087   3018.000   2969.279     2.7156     2.7167  32.610161  32.611745     1.7302   55.98074  -43.18500     4.9560         58 0.0000e+00
      94965   3956.817   3016.000   2967.325     2.7211     2.7219  32.614440  32.615351     1.7303   55.98074  -43.18500     4.9560         39 0.0000e+00
      95001   3958.317   3014.000   2965.371     2.7239     2.7240  32.616336  32.616757     1.7303   55.98074  -43.18500     4.9560         33 0.0000e+00
      95031   3959.575   3012.000   2963.417     2.7249     2.7257  32.616627  32.617595     1.7303   55.98074  -43.18500     4.9560         29 0.0000e+00
      95060   3960.801   3010.000   2961.462     2.7262     2.7264  32.616939  32.617648     1.7303   55.98074  -43.18500     4.9560         31 0.0000e+00
      95135   3963.927   3008.000   2959.509     2.7259     2.7265  32.616112  32.617177     1.7311   55.98074  -43.18499     4.9560         53 0.0000e+00
      95215   3967.251   3006.000   2957.555     2.7275     2.7278  32.616624  32.617418     1.7321   55.98073  -43.18498     4.9560         29 0.0000e+00
      95242   3968.362   3004.000   2955.600     2.7283     2.7289  32.616691  32.617627     1.7320   55.98072  -43.18499     4.9560         26 0.0000e+00
      95268   3969.448   3002.000   2953.646     2.7308     2.7319  32.618276  32.619531     1.7320   55.98072  -43.18500     4.9560         27 0.0000e+00
      95297   3970.651   3000.000   2951.692     2.7331     2.7336  32.619676  32.620678     1.7318   55.98072  -43.18500     4.9560         33 0.0000e+00
      95379   3974.082   2998.000   2949.738     2.7332     2.7340  32.619172  32.620311     1.7324   55.98072  -43.18498     4.9560         62 0.0000e+00
      95446   3976.855   2996.000   2947.783     2.7369     2.7377  32.621779  32.622607     1.7330   55.98072  -43.18496     4.9560         30 0.0000e+00
      95472   3977.941   2994.000   2945.829     2.7408     2.7415  32.624609  32.625652     1.7330   55.98072  -43.18498     4.9560         26 0.0000e+00
      95497   3979.000   2992.000   2943.875     2.7428     2.7438  32.625978  32.626964     1.7330   55.98072  -43.18500     4.9560         26 0.0000e+00
      95526   3980.198   2990.000   2941.921     2.7441     2.7441  32.626315  32.626882     1.7331   55.98072  -43.18500     4.9560         34 0.0000e+00
      95625   3984.340   2988.000   2939.966     2.7446     2.7447  32.626039  32.626543     1.7344   55.98072  -43.18497     4.9560         38 0.0000e+00
      95679   3986.587   2986.000   2938.012     2.7453     2.7458  32.625901  32.626810     1.7347   55.98072  -43.18498     4.9560         21 0.0000e+00
      95699   3987.432   2984.000   2936.058     2.7459     2.7464  32.625841  32.626531     1.7345   55.98072  -43.18498     4.9560         20 0.0000e+00
      95720   3988.304   2982.000   2934.103     2.7472     2.7475  32.626166  32.627011     1.7343   55.98072  -43.18498     4.9560         22 0.0000e+00
      95756   3989.795   2980.000   2932.149     2.7482     2.7497  32.626544  32.628408     1.7345   55.98072  -43.18498     4.9560         39 0.0000e+00
      95883   3995.088   2978.000   2930.195     2.7487     2.7487  32.626058  32.626296     1.7363   55.98072  -43.18496     4.9560         21 0.0000e+00
      95901   3995.833   2976.000   2928.240     2.7503     2.7517  32.626777  32.628344     1.7361   55.98072  -43.18496     4.9560         21 0.0000e+00
      95922   3996.726   2974.000   2926.286     2.7554     2.7563  32.630712  32.631565     1.7362   55.98072  -43.18496     4.9560         23 0.0000e+00
      95951   3997.926   2972.000   2924.332     2.7575     2.7581  32.632144  32.632998     1.7362   55.98073  -43.18498     4.9560         38 0.0000e+00
      96053   4002.165   2970.000   2922.377     2.7548     2.7576  32.628868  32.631932     1.7371   55.98074  -43.18494     4.9560         55 0.0000e+00
      96092   4003.790   2968.000   2920.423     2.7601     2.7602  32.632736  32.633345     1.7373   55.98074  -43.18494     4.9560         29 0.0000e+00
      96121   4004.994   2966.000   2918.468     2.7611     2.7614  32.632947  32.633922     1.7374   55.98074  -43.18496     4.9560         30 0.0000e+00
      96159   4006.574   2964.000   2916.514     2.7613     2.7618  32.632507  32.633357     1.7375   55.98074  -43.18496     4.9560         50 0.0000e+00
      96226   4009.363   2962.000   2914.559     2.7616     2.7617  32.632041  32.632778     1.7380   55.98074  -43.18495     4.9560         70 0.0000e+00
      96279   4011.563   2960.000   2912.605     2.7613     2.7616  32.630970  32.631754     1.7387   55.98074  -43.18494     4.9560         41 0.0000e+00
      96315   4013.063   2958.000   2910.650     2.7620     2.7624  32.630842  32.631827     1.7389   55.98074  -43.18494     4.9560         33 0.0000e+00
      96348   4014.452   2956.000   2908.696     2.7648     2.7645  32.632781  32.632918     1.7389   55.98074  -43.18494     4.9560         36 0.0000e+00
      96404   4016.781   2954.000   2906.741     2.7671     2.7677  32.634320  32.635288     1.7396   55.98074  -43.18494     4.9560         84 0.0000e+00
      96477   4019.816   2952.000   2904.786     2.7696     2.7710  32.635619  32.637412     1.7402   55.98074  -43.18493     4.9560         43 0.0000e+00
      96510   4021.196   2950.000   2902.832     2.7732     2.7729  32.638285  32.638325     1.7405   55.98074  -43.18494     4.9560         32 0.0000e+00
      96541   4022.518   2948.000   2900.877     2.7735     2.7738  32.637942  32.638600     1.7404   55.98074  -43.18494     4.9560         32 0.0000e+00
      96577   4024.007   2946.000   2898.922     2.7733     2.7737  32.637019  32.638058     1.7406   55.98074  -43.18493     4.9560         41 0.0000e+00
      96638   4026.546   2944.000   2896.968     2.7735     2.7741  32.636512  32.637742     1.7409   55.98074  -43.18492     4.9560         81 0.0000e+00
      96707   4029.402   2942.000   2895.013     2.7743     2.7753  32.636341  32.637833     1.7416   55.98074  -43.18492     4.9560         51 0.0000e+00
      96751   4031.250   2940.000   2893.058     2.7770     2.7777  32.638076  32.639064     1.7422   55.98074  -43.18492     4.9560         40 0.0000e+00
      96787   4032.770   2938.000   2891.104     2.7788     2.7793  32.638965  32.639872     1.7426   55.98074  -43.18492     4.9560         34 0.0000e+00
      96821   4034.157   2936.000   2889.149     2.7800     2.7809  32.639413  32.640654     1.7428   55.98074  -43.18492     4.9560         33 0.0000e+00
      96856   4035.617   2934.000   2887.194     2.7817     2.7825  32.640245  32.641312     1.7428   55.98074  -43.18492     4.9560         38 0.0000e+00
      96931   4038.730   2932.000   2885.239     2.7819     2.7826  32.639729  32.640998     1.7435   55.98074  -43.18491     4.9560         60 0.0000e+00
      97007   4041.915   2930.000   2883.284     2.7831     2.7838  32.639929  32.641003     1.7441   55.98074  -43.18490     4.9560         26 0.0000e+00
      97028   4042.790   2928.000   2881.330     2.7843     2.7848  32.640393  32.641204     1.7441   55.98074  -43.18492     4.9560         22 0.0000e+00
      97050   4043.711   2926.000   2879.375     2.7854     2.7859  32.640502  32.641573     1.7440   55.98074  -43.18492     4.9560         23 0.0000e+00
      97077   4044.846   2924.000   2877.420     2.7855     2.7862  32.640062  32.641170     1.7440   55.98074  -43.18492     4.9560         35 0.0000e+00
      97185   4049.319   2922.000   2875.465     2.7858     2.7858  32.639433  32.639826     1.7453   55.98074  -43.18488     4.9560         42 0.0000e+00
      97229   4051.183   2920.000   2873.510     2.7864     2.7869  32.639307  32.640346     1.7456   55.98074  -43.18489     4.9560         26 0.0000e+00
      97255   4052.242   2918.000   2871.555     2.7880     2.7897  32.640135  32.641899     1.7453   55.98074  -43.18490     4.9560         26 0.0000e+00
      97282   4053.377   2916.000   2869.601     2.7910     2.7930  32.642240  32.644190     1.7454   55.98074  -43.18490     4.9560         30 0.0000e+00
      97330   4055.382   2914.000   2867.646     2.7931     2.7938  32.643565  32.644652     1.7460   55.98074  -43.18490     4.9560         60 0.0000e+00
      97419   4059.063   2912.000   2865.691     2.7948     2.7962  32.644257  32.645885     1.7472   55.98074  -43.18487     4.9560         48 0.0000e+00
      97455   4060.588   2910.000   2863.736     2.8027     2.8035  32.650621  32.651602     1.7473   55.98074  -43.18487     4.9560         35 0.0000e+00
      97487   4061.934   2908.000   2861.781     2.8064     2.8069  32.653543  32.654230     1.7473   55.98074  -43.18488     4.9560         30 0.0000e+00
      97518   4063.202   2906.000   2859.826     2.8089     2.8095  32.655152  32.655990     1.7473   55.98074  -43.18489     4.9560         32 0.0000e+00
      97577   4065.675   2904.000   2857.871     2.8092     2.8109  32.654765  32.656872     1.7479   55.98074  -43.18488     4.9560         61 0.0000e+00
      97654   4068.875   2902.000   2855.915     2.8126     2.8132  32.657042  32.657905     1.7488   55.98074  -43.18486     4.9560         37 0.0000e+00
      97689   4070.321   2900.000   2853.960     2.8193     2.8192  32.662509  32.662850     1.7491   55.98074  -43.18486     4.9560         37 0.0000e+00
      97726   4071.879   2898.000   2852.005     2.8201     2.8212  32.662427  32.664000     1.7490   55.98072  -43.18486     4.9560         37 0.0000e+00
      97761   4073.315   2896.000   2850.050     2.8218     2.8228  32.663459  32.664890     1.7489   55.98072  -43.18488     4.9560         32 0.0000e+00
      97796   4074.796   2894.000   2848.095     2.8235     2.8232  32.664284  32.664674     1.7490   55.98072  -43.18488     4.9560         43 0.0000e+00
      97891   4078.756   2892.000   2846.140     2.8243     2.8254  32.664288  32.665731     1.7502   55.98072  -43.18485     4.9560         58 0.0000e+00
      97938   4080.720   2890.000   2844.185     2.8291     2.8297  32.667705  32.668702     1.7508   55.98072  -43.18484     4.9560         28 0.0000e+00
      97964   4081.782   2888.000   2842.230     2.8321     2.8327  32.669820  32.670689     1.7507   55.98072  -43.18486     4.9560         26 0.0000e+00
      97990   4082.886   2886.000   2840.275     2.8335     2.8336  32.670348  32.670864     1.7508   55.98072  -43.18486     4.9560         28 0.0000e+00
      98027   4084.426   2884.000   2838.319     2.8336     2.8341  32.669707  32.670709     1.7511   55.98072  -43.18487     4.9560         52 0.0000e+00
      98126   4088.537   2882.000   2836.364     2.8337     2.8343  32.669147  32.670231     1.7520   55.98072  -43.18484     4.9560         58 0.0000e+00
      98169   4090.353   2880.000   2834.409     2.8359     2.8363  32.670197  32.671080     1.7525   55.98072  -43.18484     4.9560         36 0.0000e+00
      98205   4091.822   2878.000   2832.454     2.8390     2.8391  32.672181  32.672688     1.7527   55.98072  -43.18484     4.9560         35 0.0000e+00
      98240   4093.301   2876.000   2830.498     2.8400     2.8407  32.672305  32.673402     1.7532   55.98072  -43.18484     4.9560         35 0.0000e+00
      98277   4094.830   2874.000   2828.543     2.8436     2.8445  32.674823  32.676052     1.7534   55.98072  -43.18484     4.9560         40 0.0000e+00
      98325   4096.826   2872.000   2826.588     2.8434     2.8455  32.673725  32.676369     1.7537   55.98072  -43.18484     4.9560         56 0.0000e+00
      98384   4099.296   2870.000   2824.633     2.8478     2.8494  32.677076  32.679104     1.7539   55.98072  -43.18484     4.9560         67 0.0000e+00
      98454   4102.221   2868.000   2822.677     2.8513     2.8530  32.679501  32.681604     1.7548   55.98072  -43.18482     4.9560         56 0.0000e+00
      98493   4103.851   2866.000   2820.721     2.8546     2.8552  32.681967  32.682823     1.7552   55.98072  -43.18482     4.9560         33 0.0000e+00
      98524   4105.134   2864.000   2818.766     2.8563     2.8566  32.682693  32.683493     1.7554   55.98072  -43.18483     4.9560         30 0.0000e+00
      98555   4106.435   2862.000   2816.811     2.8574     2.8576  32.682933  32.683680     1.7552   55.98072  -43.18484     4.9560         33 0.0000e+00
      98613   4108.847   2860.000   2814.855     2.8573     2.8574  32.682214  32.682957     1.7556   55.98072  -43.18483     4.9560         64 0.0000e+00
      98712   4112.979   2858.000   2812.900     2.8581     2.8585  32.682026  32.682784     1.7568   55.98072  -43.18480     4.9560         32 0.0000e+00
      98735   4113.910   2856.000   2810.945     2.8594     2.8601  32.682403  32.683537     1.7569   55.98072  -43.18480     4.9560         24 0.0000e+00
      98758   4114.884   2854.000   2808.989     2.8615     2.8618  32.683500  32.684267     1.7570   55.98072  -43.18480     4.9560         24 0.0000e+00
      98786   4116.030   2852.000   2807.034     2.8621     2.8623  32.683310  32.684082     1.7570   55.98072  -43.18482     4.9560         33 0.0000e+00
      98851   4118.744   2850.000   2805.078     2.8625     2.8627  32.683033  32.683852     1.7579   55.98072  -43.18481     4.9560         96 0.0000e+00
      98925   4121.833   2848.000   2803.123     2.8627     2.8630  32.682210  32.683122     1.7590   55.98072  -43.18478     4.9560         45 0.0000e+00
      98963   4123.416   2846.000   2801.167     2.8640     2.8644  32.682648  32.683437     1.7594   55.98072  -43.18478     4.9560         36 0.0000e+00
