Example_Files/SBE_Processing_Files/Processed_SBE_cast_files/upcasts/uar69-01_015.cnv
* Sea-Bird SBE 9 Data File:
* FileName = D:\data\ar69-01_015.hex
* Software Version Seasave V 7.26.7.107
* Temperature SN = 4491
* Conductivity SN = 3009
* Number of Bytes Per Scan = 44
* Number of Voltage Words = 5
* Number of Scans Averaged by the Deck Unit = 1
* NMEA Latitude = 59 43.02 N
* NMEA Longitude = 039 20.16 W
* NMEA UTC (Time) = Jul 02 2022  17:28:01
** Cruise ID: AR69-01
** Chief Sci:
** Station #: 015
** Site ID: Irminger FLMB (OSNAP acoustic release test)
** retesting acoustic releases
# nquan = 14
# nvalues = 505                         
# units = specified
# name 0 = scan: Scan Count
# name 1 = timeS: Time, Elapsed [seconds]
# name 2 = prDM: Pressure, Digiquartz [db]
# name 3 = depSM: Depth [salt water, m]
# name 4 = t090C: Temperature [ITS-90, deg C]
# name 5 = t190C: Temperature, 2 [ITS-90, deg C]
# name 6 = c0mS/cm: Conductivity [mS/cm]
# name 7 = c1mS/cm: Conductivity, 2 [mS/cm]
# name 8 = sbeox0V: Oxygen raw, SBE 43 [V]
# name 9 = latitude: Latitude [deg]
# name 10 = longitude: Longitude [deg]
# name 11 = v7: Voltage 7
# name 12 = nbin: number of scans per bin
# name 13 = flag: flag
# span 0 =      79655,     105388       
# span 1 =   3318.918,   4391.133       
# span 2 =      4.000,   1012.000       
# span 3 =      3.962,   1000.044       
# span 4 =     3.4231,     7.4144       
# span 5 =     3.4228,     7.4146       
# span 6 =  32.256005,  35.460998       
# span 7 =  32.257805,  35.462512       
# span 8 =     2.2337,     2.8275       
# span 9 =   59.71706,   59.71708       
# span 10 =  -39.33596,  -39.33592      
# span 11 =     4.9560,     4.9564      
# span 12 =         35,        102      
# span 13 = 0.0000e+00, 0.0000e+00      
# interval = decibars: 2                
# start_time = Jul 02 2022 17:28:01 [NMEA time, first data scan]
# bad_flag = -9.990e-29
*END*
      83734   3488.866   1012.000   1000.044     3.4232     3.4230  32.381632  32.382674     2.2337   59.71706  -39.33594     4.9560         71 0.0000e+00
      79655   3318.918   1010.000    998.073     3.4233     3.4231  32.380894  32.382006     2.2337   59.71706  -39.33594     4.9560         56 0.0000e+00
      79725   3321.838   1008.000    996.101     3.4232     3.4230  32.380018  32.381038     2.2343   59.71707  -39.33594     4.9560         66 0.0000e+00
      79770   3323.725   1006.000    994.129     3.4232     3.4231  32.378976  32.380232     2.2349   59.71706  -39.33594     4.9560         37 0.0000e+00
      79812   3325.464   1004.000    992.158     3.4231     3.4228  32.378130  32.379137     2.2351   59.71706  -39.33594     4.9560         50 0.0000e+00
      79863   3327.599   1002.000    990.186     3.4236     3.4233  32.377575  32.378524     2.2353   59.71706  -39.33594     4.9560         46 0.0000e+00
      79908   3329.446   1000.000    988.215     3.4243     3.4243  32.377449  32.378689     2.2360   59.71707  -39.33594     4.9560         50 0.0000e+00
      79961   3331.652    998.000    986.243     3.4246     3.4247  32.376828  32.378174     2.2366   59.71707  -39.33593     4.9560         47 0.0000e+00
      80000   3333.287    996.000    984.271     3.4255     3.4254  32.376774  32.377896     2.2369   59.71706  -39.33594     4.9560         39 0.0000e+00
      80053   3335.506    994.000    982.299     3.4254     3.4256  32.375977  32.377358     2.2377   59.71707  -39.33594     4.9560         62 0.0000e+00
      80102   3337.524    992.000    980.328     3.4272     3.4270  32.376667  32.377580     2.2381   59.71708  -39.33594     4.9560         38 0.0000e+00
      80145   3339.351    990.000    978.356     3.4279     3.4275  32.376469  32.377451     2.2384   59.71706  -39.33594     4.9560         51 0.0000e+00
      80196   3341.441    988.000    976.384     3.4285     3.4283  32.376060  32.377107     2.2388   59.71706  -39.33592     4.9560         47 0.0000e+00
      80244   3343.451    986.000    974.412     3.4291     3.4287  32.375780  32.376739     2.2387   59.71706  -39.33594     4.9560         53 0.0000e+00
      80296   3345.622    984.000    972.440     3.4296     3.4295  32.375218  32.376525     2.2389   59.71706  -39.33594     4.9560         47 0.0000e+00
      80339   3347.420    982.000    970.468     3.4299     3.4298  32.374779  32.375875     2.2392   59.71706  -39.33594     4.9560         41 0.0000e+00
      80383   3349.242    980.000    968.496     3.4298     3.4296  32.373877  32.374882     2.2395   59.71706  -39.33594     4.9560         49 0.0000e+00
      80437   3351.493    978.000    966.525     3.4298     3.4295  32.372962  32.373901     2.2403   59.71706  -39.33593     4.9560         54 0.0000e+00
      80483   3353.437    976.000    964.552     3.4319     3.4314  32.373981  32.374704     2.2403   59.71706  -39.33592     4.9560         41 0.0000e+00
      80524   3355.126    974.000    962.581     3.4332     3.4326  32.374502  32.375280     2.2406   59.71706  -39.33593     4.9560         44 0.0000e+00
      80577   3357.319    972.000    960.609     3.4338     3.4331  32.374284  32.374961     2.2409   59.71706  -39.33594     4.9560         56 0.0000e+00
      80625   3359.345    970.000    958.637     3.4373     3.4366  32.376800  32.377031     2.2414   59.71706  -39.33592     4.9560         42 0.0000e+00
      80668   3361.125    968.000    956.665     3.4386     3.4400  32.377311  32.379652     2.2419   59.71706  -39.33593     4.9560         46 0.0000e+00
      80718   3363.220    966.000    954.693     3.4404     3.4414  32.378116  32.380029     2.2424   59.71706  -39.33594     4.9560         54 0.0000e+00
      80769   3365.341    964.000    952.720     3.4431     3.4423  32.379604  32.380000     2.2424   59.71708  -39.33592     4.9560         45 0.0000e+00
      80812   3367.127    962.000    950.749     3.4439     3.4438  32.379438  32.380568     2.2427   59.71707  -39.33592     4.9560         45 0.0000e+00
      80864   3369.285    960.000    948.777     3.4437     3.4436  32.378567  32.379684     2.2428   59.71706  -39.33594     4.9560         54 0.0000e+00
      80911   3371.234    958.000    946.804     3.4443     3.4440  32.377966  32.379013     2.2430   59.71707  -39.33592     4.9560         42 0.0000e+00
      80956   3373.128    956.000    944.832     3.4442     3.4438  32.377056  32.377972     2.2435   59.71707  -39.33592     4.9560         50 0.0000e+00
      81006   3375.193    954.000    942.860     3.4449     3.4448  32.376902  32.377921     2.2439   59.71706  -39.33594     4.9560         47 0.0000e+00
      81050   3377.028    952.000    940.888     3.4464     3.4459  32.377391  32.378276     2.2441   59.71708  -39.33592     4.9560         43 0.0000e+00
      81094   3378.859    950.000    938.916     3.4466     3.4462  32.376687  32.377502     2.2433   59.71708  -39.33592     4.9560         45 0.0000e+00
      81140   3380.772    948.000    936.943     3.4478     3.4479  32.376945  32.378148     2.2437   59.71708  -39.33593     4.9560         47 0.0000e+00
      81192   3382.959    946.000    934.971     3.4485     3.4491  32.376734  32.378480     2.2445   59.71708  -39.33593     4.9560         60 0.0000e+00
      81247   3385.248    944.000    932.999     3.4507     3.4502  32.377944  32.378498     2.2450   59.71708  -39.33592     4.9560         44 0.0000e+00
      81287   3386.910    942.000    931.027     3.4525     3.4522  32.378811  32.379732     2.2451   59.71708  -39.33592     4.9560         41 0.0000e+00
      81339   3389.096    940.000    929.055     3.4524     3.4526  32.377926  32.379497     2.2454   59.71708  -39.33592     4.9560         61 0.0000e+00
      81391   3391.270    938.000    927.082     3.4548     3.4544  32.379268  32.379965     2.2459   59.71708  -39.33592     4.9560         40 0.0000e+00
      81427   3392.753    936.000    925.110     3.4566     3.4564  32.380071  32.381085     2.2467   59.71708  -39.33592     4.9560         35 0.0000e+00
      81469   3394.492    934.000    923.138     3.4563     3.4561  32.378973  32.380073     2.2470   59.71708  -39.33592     4.9560         53 0.0000e+00
      81525   3396.843    932.000    921.165     3.4564     3.4563  32.378150  32.379248     2.2477   59.71708  -39.33592     4.9560         52 0.0000e+00
      81573   3398.843    930.000    919.193     3.4581     3.4579  32.378727  32.379759     2.2477   59.71708  -39.33592     4.9560         47 0.0000e+00
      81619   3400.754    928.000    917.221     3.4593     3.4590  32.379180  32.380092     2.2481   59.71708  -39.33592     4.9560         45 0.0000e+00
      81666   3402.705    926.000    915.248     3.4597     3.4600  32.378750  32.380167     2.2484   59.71708  -39.33592     4.9560         51 0.0000e+00
      81718   3404.888    924.000    913.276     3.4608     3.4610  32.378818  32.380165     2.2485   59.71708  -39.33592     4.9560         48 0.0000e+00
      81762   3406.726    922.000    911.303     3.4610     3.4608  32.378115  32.379187     2.2489   59.71708  -39.33592     4.9560         45 0.0000e+00
      81811   3408.732    920.000    909.331     3.4611     3.4610  32.377289  32.378387     2.2494   59.71708  -39.33592     4.9560         48 0.0000e+00
      81856   3410.621    918.000    907.358     3.4615     3.4614  32.376774  32.377820     2.2500   59.71708  -39.33592     4.9560         46 0.0000e+00
      81904   3412.618    916.000    905.386     3.4623     3.4621  32.376583  32.377628     2.2511   59.71708  -39.33592     4.9560         48 0.0000e+00
      81950   3414.543    914.000    903.413     3.4633     3.4628  32.376587  32.377376     2.2511   59.71708  -39.33592     4.9560         45 0.0000e+00
      81997   3416.487    912.000    901.441     3.4631     3.4646  32.375607  32.378136     2.2511   59.71708  -39.33592     4.9560         50 0.0000e+00
      82046   3418.535    910.000    899.468     3.4668     3.4669  32.378059  32.379388     2.2510   59.71708  -39.33592     4.9560         45 0.0000e+00
      82092   3420.463    908.000    897.496     3.4675     3.4675  32.377957  32.379232     2.2510   59.71706  -39.33592     4.9560         51 0.0000e+00
      82143   3422.570    906.000    895.523     3.4690     3.4685  32.378494  32.379277     2.2515   59.71706  -39.33592     4.9560         46 0.0000e+00
      82189   3424.482    904.000    893.551     3.4701     3.4704  32.378776  32.380194     2.2523   59.71707  -39.33592     4.9560         51 0.0000e+00
      82240   3426.620    902.000    891.578     3.4719     3.4716  32.379588  32.380482     2.2518   59.71708  -39.33592     4.9560         44 0.0000e+00
      82278   3428.203    900.000    889.605     3.4744     3.4741  32.381122  32.381957     2.2520   59.71706  -39.33592     4.9560         38 0.0000e+00
      82331   3430.396    898.000    887.633     3.4753     3.4748  32.381215  32.382001     2.2526   59.71706  -39.33592     4.9560         66 0.0000e+00
      82383   3432.590    896.000    885.660     3.4768     3.4766  32.381565  32.382592     2.2532   59.71706  -39.33592     4.9560         36 0.0000e+00
      82418   3434.047    894.000    883.687     3.4781     3.4781  32.382097  32.383303     2.2538   59.71706  -39.33592     4.9560         39 0.0000e+00
      82475   3436.398    892.000    881.715     3.4801     3.4796  32.383029  32.383828     2.2549   59.71706  -39.33592     4.9560         67 0.0000e+00
      82524   3438.471    890.000    879.742     3.4802     3.4802  32.382136  32.383347     2.2550   59.71706  -39.33592     4.9560         36 0.0000e+00
      82561   3439.995    888.000    877.769     3.4821     3.4816  32.383069  32.383818     2.2548   59.71706  -39.33592     4.9560         42 0.0000e+00
      82611   3442.069    886.000    875.796     3.4830     3.4822  32.383114  32.383638     2.2547   59.71706  -39.33592     4.9560         52 0.0000e+00
      82658   3444.032    884.000    873.824     3.4838     3.4833  32.382977  32.383787     2.2553   59.71706  -39.33592     4.9560         48 0.0000e+00
      82717   3446.495    882.000    871.851     3.4841     3.4839  32.382288  32.383503     2.2555   59.71706  -39.33592     4.9560         57 0.0000e+00
      82759   3448.264    880.000    869.878     3.4859     3.4856  32.383148  32.384057     2.2556   59.71706  -39.33592     4.9560         39 0.0000e+00
      82806   3450.202    878.000    867.905     3.4876     3.4874  32.383931  32.384982     2.2561   59.71706  -39.33592     4.9560         52 0.0000e+00
      82851   3452.081    876.000    865.932     3.4893     3.4887  32.384572  32.385355     2.2568   59.71706  -39.33592     4.9560         38 0.0000e+00
      82895   3453.913    874.000    863.959     3.4895     3.4890  32.383985  32.384869     2.2570   59.71706  -39.33592     4.9560         55 0.0000e+00
      82949   3456.161    872.000    861.986     3.4897     3.4896  32.383179  32.384342     2.2577   59.71706  -39.33592     4.9560         44 0.0000e+00
      82989   3457.841    870.000    860.013     3.4899     3.4895  32.382496  32.383461     2.2584   59.71706  -39.33592     4.9560         44 0.0000e+00
      83041   3460.015    868.000    858.041     3.4899     3.4896  32.381547  32.382593     2.2588   59.71706  -39.33592     4.9560         55 0.0000e+00
      83090   3462.037    866.000    856.067     3.4908     3.4906  32.381460  32.382413     2.2588   59.71706  -39.33592     4.9560         44 0.0000e+00
      83135   3463.937    864.000    854.094     3.4919     3.4915  32.381529  32.382485     2.2589   59.71706  -39.33592     4.9560         48 0.0000e+00
      83183   3465.897    862.000    852.122     3.4930     3.4926  32.381721  32.382642     2.2594   59.71706  -39.33592     4.9560         47 0.0000e+00
      83236   3468.135    860.000    850.149     3.4945     3.4931  32.382413  32.382286     2.2593   59.71706  -39.33592     4.9560         58 0.0000e+00
      83286   3470.188    858.000    848.175     3.4995     3.4990  32.386261  32.386812     2.2594   59.71706  -39.33592     4.9560         39 0.0000e+00
      83324   3471.812    856.000    846.202     3.5010     3.5014  32.386919  32.388563     2.2599   59.71706  -39.33592     4.9560         45 0.0000e+00
      83376   3473.938    854.000    844.229     3.5020     3.5022  32.387063  32.388481     2.2607   59.71706  -39.33592     4.9560         50 0.0000e+00
      83419   3475.766    852.000    842.256     3.5043     3.5040  32.388357  32.389271     2.2614   59.71706  -39.33592     4.9560         45 0.0000e+00
      83472   3477.958    850.000    840.283     3.5053     3.5051  32.388402  32.389575     2.2616   59.71708  -39.33592     4.9560         52 0.0000e+00
      83514   3479.719    848.000    838.310     3.5078     3.5077  32.389755  32.390800     2.2616   59.71708  -39.33592     4.9560         39 0.0000e+00
      83565   3481.827    846.000    836.337     3.5103     3.5097  32.391254  32.392129     2.2620   59.71706  -39.33592     4.9560         62 0.0000e+00
      83620   3484.113    844.000    834.364     3.5120     3.5124  32.392080  32.393686     2.2629   59.71708  -39.33592     4.9560         44 0.0000e+00
      83660   3485.804    842.000    832.390     3.5133     3.5130  32.392429  32.393333     2.2639   59.71708  -39.33592     4.9560         41 0.0000e+00
      83705   3487.662    840.000    830.417     3.5135     3.5132  32.391703  32.392725     2.2642   59.71707  -39.33592     4.9560         49 0.0000e+00
      83756   3489.778    838.000    828.444     3.5133     3.5131  32.390532  32.391698     2.2647   59.71708  -39.33592     4.9560         49 0.0000e+00
      83807   3491.936    836.000    826.471     3.5122     3.5121  32.388523  32.389816     2.2655   59.71708  -39.33592     4.9560         56 0.0000e+00
      83856   3493.939    834.000    824.498     3.5125     3.5123  32.387672  32.388705     2.2665   59.71708  -39.33592     4.9560         38 0.0000e+00
      83895   3495.592    832.000    822.525     3.5126     3.5118  32.386840  32.387561     2.2674   59.71708  -39.33592     4.9560         47 0.0000e+00
      83947   3497.747    830.000    820.551     3.5106     3.5101  32.383918  32.384719     2.2676   59.71708  -39.33592     4.9560         48 0.0000e+00
      83990   3499.527    828.000    818.578     3.5103     3.5100  32.382574  32.383738     2.2687   59.71708  -39.33592     4.9560         43 0.0000e+00
      84040   3501.625    826.000    816.604     3.5078     3.5077  32.379186  32.380634     2.2703   59.71708  -39.33593     4.9560         61 0.0000e+00
      84095   3503.910    824.000    814.631     3.5125     3.5133  32.382681  32.384394     2.2709   59.71708  -39.33592     4.9560         40 0.0000e+00
      84129   3505.351    822.000    812.658     3.5154     3.5152  32.384630  32.385663     2.2712   59.71708  -39.33592     4.9560         35 0.0000e+00
      84182   3507.541    820.000    810.684     3.5152     3.5146  32.383679  32.384491     2.2720   59.71707  -39.33592     4.9560         69 0.0000e+00
      84238   3509.870    818.000    808.711     3.5148     3.5144  32.382226  32.383221     2.2727   59.71708  -39.33592     4.9560         41 0.0000e+00
      84279   3511.590    816.000    806.737     3.5119     3.5115  32.378330  32.379743     2.2738   59.71708  -39.33592     4.9560         44 0.0000e+00
      84324   3513.469    814.000    804.764     3.5080     3.5073  32.373536  32.374412     2.2759   59.71708  -39.33592     4.9560         46 0.0000e+00
      84371   3515.422    812.000    802.791     3.5042     3.5037  32.368724  32.370065     2.2781   59.71708  -39.33592     4.9560         49 0.0000e+00
      84421   3517.481    810.000    800.817     3.5007     3.5006  32.363887  32.365420     2.2800   59.71708  -39.33592     4.9560         47 0.0000e+00
      84466   3519.364    808.000    798.844     3.4994     3.4991  32.361688  32.362794     2.2813   59.71708  -39.33593     4.9560         45 0.0000e+00
