Example_Files/SBE_Processing_Files/Processed_SBE_cast_files/upcasts/uar69-01_007.cnv
* Sea-Bird SBE 9 Data File:
* FileName = D:\data\ar69-01_007.hex
* Software Version Seasave V 7.26.7.107
* Temperature SN = 4491
* Conductivity SN = 3009
* Number of Bytes Per Scan = 44
* Number of Voltage Words = 5
* Number of Scans Averaged by the Deck Unit = 1
* NMEA Latitude = 53 54.62 N
* NMEA Longitude = 045 23.76 W
* NMEA UTC (Time) = Jun 26 2022  15:18:37
** Cruise ID: AR69-01
** Chief Sci:
** Station #: 007
** Site ID: Transit - cal. dip (optodes + microcats)
# nquan = 14
# nvalues = 1726                        
# units = specified
# name 0 = scan: Scan Count
# name 1 = timeS: Time, Elapsed [seconds]
# name 2 = prDM: Pressure, Digiquartz [db]
# name 3 = depSM: Depth [salt water, m]
# name 4 = t090C: Temperature [ITS-90, deg C]
# name 5 = t190C: Temperature, 2 [ITS-90, deg C]
# name 6 = c0mS/cm: Conductivity [mS/cm]
# name 7 = c1mS/cm: Conductivity, 2 [mS/cm]
# name 8 = sbeox0V: Oxygen raw, SBE 43 [V]
# name 9 = latitude: Latitude [deg]
# name 10 = longitude: Longitude [deg]
# name 11 = v7: Voltage 7
# name 12 = nbin: number of scans per bin
# name 13 = flag: flag
# span 0 =     101835,     271605       
# span 1 =   4243.092,  11316.827       
# span 2 =      6.000,   3456.000       
# span 3 =      5.946,   3397.402       
# span 4 =     2.4764,     9.2858       
# span 5 =     2.4771,     9.2831       
# span 6 =  32.179564,  37.031541       
# span 7 =  32.184885,  37.029080       
# span 8 =     1.6599,     2.8830       
# span 9 =   53.90041,   53.90748       
# span 10 =  -45.39556,  -45.39488      
# span 11 =     4.9560,     4.9573      
# span 12 =         24,        121      
# span 13 = 0.0000e+00, 0.0000e+00      
# interval = decibars: 2                
# start_time = Jun 26 2022 15:18:37 [NMEA time, first data scan]
# bad_flag = -9.990e-29
*END*
[from data line 1446]
     240522  10021.704    564.000    558.209     4.0328     4.0320  32.745194  32.746579     2.2698   53.90160  -45.39492     4.9560         35 0.0000e+00
     240575  10023.915    562.000    556.232     4.0338     4.0314  32.745015  32.744781     2.2700   53.90160  -45.39492     4.9560         69 0.0000e+00
     240635  10026.398    560.000    554.256     4.0457     4.0382  32.755638  32.749530     2.2689   53.90160  -45.39492     4.9560         47 0.0000e+00
     240677  10028.167    558.000    552.279     4.0519     4.0504  32.760834  32.760747     2.2683   53.90160  -45.39492     4.9560         40 0.0000e+00
     240715  10029.764    556.000    550.302     4.0542     4.0533  32.761641  32.762580     2.2686   53.90158  -45.39492     4.9560         37 0.0000e+00
     240759  10031.592    554.000    548.325     4.0501     4.0513  32.756368  32.759871     2.2702   53.90158  -45.39492     4.9560         58 0.0000e+00
     240828  10034.443    552.000    546.348     4.0462     4.0465  32.750572  32.753218     2.2722   53.90160  -45.39492     4.9560         62 0.0000e+00
     240873  10036.336    550.000    544.371     4.0454     4.0449  32.748324  32.749903     2.2723   53.90158  -45.39492     4.9560         38 0.0000e+00
     240910  10037.857    548.000    542.394     4.0466     4.0455  32.748154  32.749145     2.2726   53.90158  -45.39492     4.9560         38 0.0000e+00
     240955  10039.757    546.000    540.417     4.0466     4.0455  32.747290  32.748363     2.2725   53.90158  -45.39492     4.9560         55 0.0000e+00
     241014  10042.206    544.000    538.440     4.0473     4.0463  32.746853  32.747927     2.2725   53.90158  -45.39492     4.9560         57 0.0000e+00
     241067  10044.432    542.000    536.463     4.0451     4.0443  32.743596  32.745020     2.2752   53.90158  -45.39492     4.9560         50 0.0000e+00
     241112  10046.286    540.000    534.486     4.0201     4.0299  32.716228  32.729718     2.2772   53.90158  -45.39493     4.9560         39 0.0000e+00
     241148  10047.790    538.000    532.509     4.0128     4.0136  32.707118  32.710405     2.2787   53.90158  -45.39494     4.9560         36 0.0000e+00
     241192  10049.608    536.000    530.532     4.0119     4.0129  32.705372  32.708341     2.2806   53.90156  -45.39493     4.9560         53 0.0000e+00
     241250  10052.043    534.000    528.555     4.0085     4.0079  32.700900  32.702494     2.2824   53.90158  -45.39493     4.9560         61 0.0000e+00
     241307  10054.435    532.000    526.578     4.0066     4.0066  32.697997  32.699941     2.2833   53.90158  -45.39494     4.9560         50 0.0000e+00
     241350  10056.213    530.000    524.601     4.0062     4.0059  32.696757  32.698284     2.2837   53.90156  -45.39494     4.9560         38 0.0000e+00
     241389  10057.849    528.000    522.624     4.0060     4.0055  32.695742  32.697182     2.2838   53.90156  -45.39494     4.9560         43 0.0000e+00
     241442  10060.049    526.000    520.647     4.0057     4.0049  32.694661  32.695861     2.2834   53.90157  -45.39494     4.9560         62 0.0000e+00
     241500  10062.467    524.000    518.670     4.0058     4.0051  32.693806  32.694978     2.2886   53.90156  -45.39494     4.9560         49 0.0000e+00
     241541  10064.185    522.000    516.692     3.9683     3.9796  32.656650  32.671739     2.2949   53.90156  -45.39494     4.9560         38 0.0000e+00
     241580  10065.799    520.000    514.715     3.9055     3.9266  32.588454  32.616242     2.3023   53.90156  -45.39494     4.9560         42 0.0000e+00
     241638  10068.198    518.000    512.738     3.8541     3.8877  32.532824  32.571393     2.3165   53.90156  -45.39494     4.9560         74 0.0000e+00
     241701  10070.817    516.000    510.761     3.7617     3.8062  32.436563  32.490788     2.3296   53.90156  -45.39494     4.9560         41 0.0000e+00
     241732  10072.112    514.000    508.784     3.7410     3.7435  32.415058  32.420949     2.3346   53.90156  -45.39494     4.9560         28 0.0000e+00
     241761  10073.313    512.000    506.806     3.7345     3.7395  32.406977  32.414903     2.3380   53.90154  -45.39494     4.9560         33 0.0000e+00
     241832  10076.285    510.000    504.829     3.7117     3.7160  32.383201  32.390150     2.3433   53.90156  -45.39494     4.9560         69 0.0000e+00
     241900  10079.121    508.000    502.852     3.6890     3.6935  32.359441  32.367589     2.3490   53.90154  -45.39494     4.9560         33 0.0000e+00
     241928  10080.275    506.000    500.874     3.6714     3.6732  32.339956  32.344420     2.3507   53.90154  -45.39494     4.9560         28 0.0000e+00
     241959  10081.588    504.000    498.897     3.6700     3.6711  32.337592  32.341213     2.3519   53.90154  -45.39494     4.9560         38 0.0000e+00
     242015  10083.931    502.000    496.920     3.6655     3.6643  32.332273  32.333360     2.3540   53.90154  -45.39494     4.9560         71 0.0000e+00
     242076  10086.461    500.000    494.942     3.6707     3.6690  32.336500  32.336400     2.3560   53.90154  -45.39494     4.9560         49 0.0000e+00
     242122  10088.362    498.000    492.965     3.6743     3.6737  32.339426  32.340554     2.3569   53.90154  -45.39494     4.9560         45 0.0000e+00
     242168  10090.304    496.000    490.988     3.6773     3.6739  32.341239  32.339828     2.3496   53.90154  -45.39494     4.9560         46 0.0000e+00
     242212  10092.110    494.000    489.010     3.7605     3.7272  32.423049  32.386475     2.3435   53.90154  -45.39494     4.9560         43 0.0000e+00
     242258  10094.025    492.000    487.033     3.8249     3.7676  32.486516  32.428483     2.3373   53.90154  -45.39494     4.9560         50 0.0000e+00
     242310  10096.216    490.000    485.055     3.8615     3.8323  32.516648  32.489825     2.3258   53.90154  -45.39494     4.9560         53 0.0000e+00
     242363  10098.403    488.000    483.078     3.9609     3.9503  32.620521  32.609855     2.3159   53.90154  -45.39494     4.9560         51 0.0000e+00
     242409  10100.351    486.000    481.100     3.9879     3.9836  32.647652  32.645308     2.3095   53.90153  -45.39494     4.9560         43 0.0000e+00
     242453  10102.167    484.000    479.123     4.0102     4.0039  32.669872  32.664377     2.3041   53.90152  -45.39494     4.9560         45 0.0000e+00
     242500  10104.140    482.000    477.145     4.0325     4.0140  32.690684  32.675266     2.3007   53.90152  -45.39494     4.9560         51 0.0000e+00
     242556  10106.457    480.000    475.168     4.0293     4.0283  32.687316  32.688670     2.3014   53.90152  -45.39494     4.9560         57 0.0000e+00
     242604  10108.441    478.000    473.190     4.0083     4.0177  32.664459  32.677333     2.3035   53.90152  -45.39494     4.9560         38 0.0000e+00
     242639  10109.901    476.000    471.212     3.9911     3.9920  32.645301  32.649142     2.3045   53.90152  -45.39494     4.9560         36 0.0000e+00
     242687  10111.916    474.000    469.235     3.9844     3.9856  32.637227  32.640652     2.3054   53.90152  -45.39494     4.9560         62 0.0000e+00
     242747  10114.436    472.000    467.257     3.9876     3.9838  32.639269  32.637003     2.3074   53.90152  -45.39494     4.9560         53 0.0000e+00
     242795  10116.424    470.000    465.279     3.9796     3.9824  32.630346  32.635385     2.3184   53.90152  -45.39494     4.9560         43 0.0000e+00
     242834  10118.060    468.000    463.302     3.8755     3.9390  32.522169  32.596470     2.3273   53.90150  -45.39494     4.9560         39 0.0000e+00
     242880  10119.973    466.000    461.324     3.8541     3.8857  32.490985  32.537868     2.3391   53.90150  -45.39494     4.9560         55 0.0000e+00
     242937  10122.351    464.000    459.346     3.7737     3.8388  32.415458  32.485473     2.3503   53.90150  -45.39494     4.9560         56 0.0000e+00
     242991  10124.577    462.000    457.369     3.7474     3.7569  32.385823  32.400751     2.3559   53.90150  -45.39494     4.9560         48 0.0000e+00
     243032  10126.284    460.000    455.391     3.7488     3.7473  32.386175  32.386545     2.3586   53.90150  -45.39494     4.9560         37 0.0000e+00
     243071  10127.907    458.000    453.413     3.7471     3.7502  32.383812  32.388616     2.3602   53.90150  -45.39494     4.9560         43 0.0000e+00
     243124  10130.106    456.000    451.435     3.7445     3.7442  32.380463  32.382343     2.3619   53.90150  -45.39494     4.9560         60 0.0000e+00
     243177  10132.341    454.000    449.457     3.7440     3.7453  32.379269  32.382206     2.3604   53.90149  -45.39493     4.9560         44 0.0000e+00
     243217  10134.002    452.000    447.480     3.7649     3.7646  32.399801  32.399099     2.3584   53.90150  -45.39492     4.9560         41 0.0000e+00
     243270  10136.224    450.000    445.502     3.7873     3.7813  32.420754  32.416988     2.3549   53.90150  -45.39493     4.9560         64 0.0000e+00
     243325  10138.496    448.000    443.524     3.8161     3.8023  32.448351  32.435757     2.3518   53.90149  -45.39493     4.9560         40 0.0000e+00
     243359  10139.921    446.000    441.546     3.8258     3.8227  32.457676  32.455969     2.3512   53.90148  -45.39492     4.9560         34 0.0000e+00
     243407  10141.937    444.000    439.568     3.8253     3.8242  32.456599  32.457321     2.3509   53.90149  -45.39492     4.9560         72 0.0000e+00
     243479  10144.914    442.000    437.590     3.8231     3.8245  32.453143  32.456771     2.3545   53.90150  -45.39492     4.9560         51 0.0000e+00
     243516  10146.475    440.000    435.612     3.8037     3.8034  32.432729  32.435795     2.3607   53.90148  -45.39492     4.9560         33 0.0000e+00
     243548  10147.799    438.000    433.634     3.7546     3.7691  32.381723  32.402553     2.3666   53.90148  -45.39492     4.9560         32 0.0000e+00
     243590  10149.521    436.000    431.656     3.7039     3.7274  32.326052  32.354752     2.3739   53.90148  -45.39492     4.9560         58 0.0000e+00
     243660  10152.452    434.000    429.678     3.6410     3.6677  32.262021  32.290706     2.3834   53.90148  -45.39492     4.9560         66 0.0000e+00
     243711  10154.571    432.000    427.700     3.6255     3.6299  32.244221  32.252978     2.3890   53.90148  -45.39492     4.9560         42 0.0000e+00
     243749  10156.174    430.000    425.722     3.6134     3.6170  32.231222  32.238083     2.3921   53.90148  -45.39492     4.9560         38 0.0000e+00
     243789  10157.826    428.000    423.744     3.5946     3.6030  32.211755  32.223535     2.3946   53.90147  -45.39492     4.9560         42 0.0000e+00
     243838  10159.895    426.000    421.766     3.5878     3.5931  32.203738  32.211459     2.3990   53.90146  -45.39492     4.9560         60 0.0000e+00
     243900  10162.463    424.000    419.788     3.5654     3.5684  32.179564  32.184885     2.4026   53.90146  -45.39492     4.9560         54 0.0000e+00
     243945  10164.338    422.000    417.810     3.5720     3.5711  32.184245  32.184887     2.4030   53.90146  -45.39490     4.9560         40 0.0000e+00
     243987  10166.063    420.000    415.832     3.5922     3.5854  32.202110  32.197874     2.4023   53.90146  -45.39491     4.9560         45 0.0000e+00
     244031  10167.936    418.000    413.854     3.5998     3.5938  32.209533  32.204609     2.4015   53.90146  -45.39492     4.9560         44 0.0000e+00
     244077  10169.827    416.000    411.875     3.6141     3.6083  32.222781  32.218058     2.4015   53.90146  -45.39492     4.9560         49 0.0000e+00
     244130  10172.021    414.000    409.897     3.6094     3.6083  32.217289  32.218716     2.4024   53.90146  -45.39490     4.9560         52 0.0000e+00
     244177  10173.996    412.000    407.919     3.5959     3.6011  32.202560  32.210478     2.4043   53.90146  -45.39492     4.9560         45 0.0000e+00
     244226  10176.052    410.000    405.941     3.5892     3.5988  32.194473  32.206128     2.4049   53.90146  -45.39492     4.9560         53 0.0000e+00
     244274  10178.047    408.000    403.963     3.6032     3.5962  32.207363  32.201082     2.4031   53.90144  -45.39491     4.9560         41 0.0000e+00
     244315  10179.761    406.000    401.984     3.6455     3.6389  32.247975  32.242058     2.4010   53.90144  -45.39492     4.9560         46 0.0000e+00
     244368  10181.959    404.000    400.006     3.6685     3.6488  32.271556  32.252726     2.3968   53.90144  -45.39492     4.9560         56 0.0000e+00
     244419  10184.090    402.000    398.028     3.7169     3.6998  32.316901  32.299776     2.3931   53.90144  -45.39492     4.9560         47 0.0000e+00
     244465  10185.982    400.000    396.049     3.7371     3.7282  32.335852  32.328204     2.3912   53.90144  -45.39492     4.9560         45 0.0000e+00
     244510  10187.894    398.000    394.071     3.7443     3.7421  32.341453  32.340844     2.3902   53.90144  -45.39492     4.9560         46 0.0000e+00
     244555  10189.751    396.000    392.092     3.7568     3.7535  32.352905  32.351591     2.3893   53.90144  -45.39492     4.9560         44 0.0000e+00
     244601  10191.685    394.000    390.114     3.7609     3.7538  32.356125  32.351493     2.3866   53.90144  -45.39492     4.9560         50 0.0000e+00
     244654  10193.854    392.000    388.136     3.7863     3.7625  32.379528  32.359058     2.3823   53.90142  -45.39492     4.9560         50 0.0000e+00
     244700  10195.808    390.000    386.157     3.8181     3.8084  32.410435  32.400680     2.3799   53.90142  -45.39492     4.9560         46 0.0000e+00
     244751  10197.902    388.000    384.179     3.8234     3.8193  32.414502  32.411738     2.3796   53.90142  -45.39492     4.9560         55 0.0000e+00
     244801  10200.013    386.000    382.200     3.8258     3.8286  32.414932  32.421733     2.3804   53.90142  -45.39492     4.9560         43 0.0000e+00
     244839  10201.579    384.000    380.222     3.8138     3.8136  32.402701  32.405170     2.3819   53.90142  -45.39492     4.9560         36 0.0000e+00
     244890  10203.693    382.000    378.243     3.8123     3.8111  32.399815  32.400860     2.3821   53.90142  -45.39492     4.9560         68 0.0000e+00
     244950  10206.209    380.000    376.265     3.8207     3.8147  32.406610  32.401338     2.3770   53.90142  -45.39492     4.9560         43 0.0000e+00
     244986  10207.703    378.000    374.286     3.8757     3.8694  32.460611  32.452356     2.3750   53.90142  -45.39492     4.9560         36 0.0000e+00
     245030  10209.522    376.000    372.308     3.9036     3.8912  32.487793  32.476647     2.3698   53.90140  -45.39492     4.9560         51 0.0000e+00
     245080  10211.626    374.000    370.329     3.9456     3.9209  32.527114  32.503279     2.3628   53.90140  -45.39492     4.9560         48 0.0000e+00
     245126  10213.562    372.000    368.350     4.0006     3.9976  32.582792  32.577177     2.3577   53.90140  -45.39492     4.9560         46 0.0000e+00
     245173  10215.496    370.000    366.372     4.0092     4.0071  32.589605  32.590631     2.3577   53.90140  -45.39492     4.9560         49 0.0000e+00
     245229  10217.823    368.000    364.393     3.9904     4.0045  32.570637  32.587392     2.3610   53.90140  -45.39492     4.9560         57 0.0000e+00
     245274  10219.726    366.000    362.415     3.9579     3.9699  32.533345  32.549537     2.3623   53.90140  -45.39492     4.9560         38 0.0000e+00
     245317  10221.481    364.000    360.436     3.9721     3.9637  32.545963  32.540336     2.3630   53.90140  -45.39492     4.9560         52 0.0000e+00
     245375  10223.929    362.000    358.457     3.9720     3.9718  32.544262  32.546462     2.3638   53.90140  -45.39492     4.9560         51 0.0000e+00
