Example_Files/SBE_Processing_Files/Processed_SBE_cast_files/upcasts/uar69-01_023.cnv
* Sea-Bird SBE 9 Data File:
* FileName = D:\data\ar69-01_023.hex
* Software Version Seasave V 7.26.7.107
* Temperature SN = 4491
* Conductivity SN = 3009
* Number of Bytes Per Scan = 44
* Number of Voltage Words = 5
* Number of Scans Averaged by the Deck Unit = 1
* NMEA Latitude = 61 38.10 N
* NMEA Longitude = 032 53.76 W
* NMEA UTC (Time) = Jul 13 2022  09:38:05
** Cruise ID: AR69-01
** Chief Sci:
** Station #: 023
** Site ID: LADCP test
# nquan = 14
# nvalues = 505                         
# units = specified
# name 0 = scan: Scan Count
# name 1 = timeS: Time, Elapsed [seconds]
# name 2 = prDM: Pressure, Digiquartz [db]
# name 3 = depSM: Depth [salt water, m]
# name 4 = t090C: Temperature [ITS-90, deg C]
# name 5 = t190C: Temperature, 2 [ITS-90, deg C]
# name 6 = c0mS/cm: Conductivity [mS/cm]
# name 7 = c1mS/cm: Conductivity, 2 [mS/cm]
# name 8 = sbeox0V: Oxygen raw, SBE 43 [V]
# name 9 = latitude: Latitude [deg]
# name 10 = longitude: Longitude [deg]
# name 11 = v7: Voltage 7
# name 12 = nbin: number of scans per bin
# name 13 = flag: flag
# span 0 =      30839,      58864       
# span 1 =   1284.912,   2452.622       
# span 2 =      2.000,   1010.000       
# span 3 =      1.981,    997.922       
# span 4 =     3.4827,     9.4991       
# span 5 =     3.4821,     9.4966       
# span 6 =  32.424261,  37.462534       
# span 7 =  32.424605,  37.463177       
# span 8 =     2.2159,     2.7955       
# span 9 =   61.63299,   61.63373       
# span 10 =  -32.89374,  -32.89258      
# span 11 =     4.9562,     4.9573      
# span 12 =         17,        127      
# span 13 = 0.0000e+00, 0.0000e+00      
# interval = decibars: 2                
# start_time = Jul 13 2022 09:38:05 [NMEA time, first data scan]
# bad_flag = -9.990e-29
*END*
[from data line 413]
      50504   2104.307    184.000    182.161     4.5181     4.5211  33.017947  33.020520     2.4488   61.63320  -32.89290     4.9567         48 0.0000e+00
      50554   2106.384    182.000    180.182     4.5317     4.5291  33.029518  33.027980     2.4477   61.63320  -32.89289     4.9568         53 0.0000e+00
      50607   2108.575    180.000    178.202     4.5409     4.5412  33.037944  33.038481     2.4465   61.63320  -32.89289     4.9568         48 0.0000e+00
      50650   2110.391    178.000    176.223     4.5594     4.5598  33.054767  33.054700     2.4446   61.63320  -32.89290     4.9568         41 0.0000e+00
      50690   2112.049    176.000    174.244     4.5802     4.5787  33.074395  33.072284     2.4432   61.63320  -32.89288     4.9568         41 0.0000e+00
      50742   2114.194    174.000    172.265     4.6060     4.5994  33.098594  33.092387     2.4409   61.63320  -32.89288     4.9568         66 0.0000e+00
      50805   2116.815    172.000    170.285     4.6254     4.6479  33.117739  33.136840     2.4321   61.63320  -32.89288     4.9568         47 0.0000e+00
      50841   2118.329    170.000    168.306     4.7048     4.7031  33.194587  33.192127     2.4298   61.63320  -32.89288     4.9567         33 0.0000e+00
      50876   2119.776    168.000    166.327     4.7116     4.7101  33.201006  33.200253     2.4307   61.63319  -32.89288     4.9567         39 0.0000e+00
      50931   2122.094    166.000    164.348     4.7141     4.7144  33.201643  33.203223     2.4320   61.63318  -32.89288     4.9568         69 0.0000e+00
      50992   2124.616    164.000    162.369     4.7162     4.7170  33.201827  33.202582     2.4279   61.63318  -32.89288     4.9567         47 0.0000e+00
      51033   2126.326    162.000    160.389     4.7521     4.7569  33.236392  33.239686     2.4243   61.63318  -32.89288     4.9567         39 0.0000e+00
      51072   2127.958    160.000    158.410     4.7760     4.7766  33.258358  33.258541     2.4222   61.63318  -32.89288     4.9567         40 0.0000e+00
      51117   2129.852    158.000    156.430     4.7854     4.7838  33.267010  33.266218     2.4216   61.63318  -32.89288     4.9567         51 0.0000e+00
      51171   2132.103    156.000    154.451     4.7913     4.7933  33.271555  33.273700     2.4249   61.63318  -32.89286     4.9567         54 0.0000e+00
      51224   2134.299    154.000    152.471     4.7964     4.7946  33.273006  33.272724     2.4329   61.63318  -32.89288     4.9568         50 0.0000e+00
      51273   2136.327    152.000    150.492     4.7907     4.7896  33.263810  33.264657     2.4442   61.63318  -32.89288     4.9567         50 0.0000e+00
      51321   2138.346    150.000    148.513     4.7874     4.7858  33.258374  33.257535     2.4572   61.63318  -32.89286     4.9568         43 0.0000e+00
      51359   2139.925    148.000    146.533     4.7858     4.7850  33.253434  33.253703     2.4653   61.63318  -32.89286     4.9568         36 0.0000e+00
      51401   2141.686    146.000    144.554     4.7852     4.7845  33.250449  33.250982     2.4737   61.63317  -32.89286     4.9568         53 0.0000e+00
      51462   2144.200    144.000    142.574     4.7851     4.7858  33.248135  33.249638     2.4811   61.63318  -32.89287     4.9568         56 0.0000e+00
      51506   2146.023    142.000    140.595     4.8063     4.8061  33.265388  33.265407     2.4834   61.63318  -32.89286     4.9568         38 0.0000e+00
      51546   2147.696    140.000    138.615     4.8189     4.8196  33.276655  33.277658     2.4853   61.63316  -32.89286     4.9568         45 0.0000e+00
      51599   2149.897    138.000    136.635     4.8273     4.8273  33.284117  33.284461     2.4902   61.63316  -32.89286     4.9569         59 0.0000e+00
      51654   2152.211    136.000    134.656     4.8427     4.8470  33.295895  33.300030     2.4952   61.63316  -32.89286     4.9567         49 0.0000e+00
      51697   2154.019    134.000    132.676     4.8539     4.8525  33.304082  33.303788     2.4970   61.63316  -32.89286     4.9566         41 0.0000e+00
      51742   2155.863    132.000    130.697     4.8646     4.8645  33.312444  33.313394     2.4992   61.63316  -32.89286     4.9567         50 0.0000e+00
      51795   2158.103    130.000    128.717     4.8801     4.8911  33.326044  33.335684     2.5005   61.63316  -32.89284     4.9567         50 0.0000e+00
      51839   2159.908    128.000    126.737     4.9408     4.9465  33.382695  33.387034     2.5009   61.63316  -32.89284     4.9567         40 0.0000e+00
      51880   2161.642    126.000    124.758     4.9716     4.9741  33.412242  33.414295     2.5011   61.63316  -32.89286     4.9567         45 0.0000e+00
      51930   2163.688    124.000    122.778     4.9847     4.9968  33.423890  33.435231     2.5014   61.63316  -32.89286     4.9568         54 0.0000e+00
      51986   2166.059    122.000    120.798     5.0149     5.0283  33.452352  33.464264     2.5014   61.63316  -32.89284     4.9568         55 0.0000e+00
      52033   2167.982    120.000    118.819     5.0585     5.0599  33.492193  33.493695     2.5025   61.63314  -32.89284     4.9567         39 0.0000e+00
      52071   2169.587    118.000    116.839     5.0774     5.0827  33.509728  33.513880     2.5043   61.63314  -32.89285     4.9568         42 0.0000e+00
      52121   2171.651    116.000    114.859     5.0942     5.0877  33.524408  33.518829     2.5056   61.63315  -32.89284     4.9567         54 0.0000e+00
      52171   2173.749    114.000    112.880     5.1251     5.1281  33.552181  33.554297     2.5068   61.63316  -32.89284     4.9566         48 0.0000e+00
      52223   2175.900    112.000    110.900     5.1430     5.1393  33.567505  33.564700     2.5096   61.63314  -32.89284     4.9567         54 0.0000e+00
      52273   2177.983    110.000    108.920     5.1402     5.1403  33.559654  33.560076     2.5119   61.63314  -32.89283     4.9568         46 0.0000e+00
      52322   2180.059    108.000    106.940     5.1482     5.1506  33.564048  33.566447     2.5134   61.63314  -32.89283     4.9568         58 0.0000e+00
      52440   2184.973    106.000    104.960     5.1624     5.1586  33.575297  33.572655     2.5141   61.63314  -32.89283     4.9568        107 0.0000e+00
      52967   2206.923    104.000    102.980     5.2118     5.2123  33.620546  33.621967     2.5165   61.63312  -32.89279     4.9568         80 0.0000e+00
      53195   2216.416    102.000    101.000     5.2264     5.2268  33.633180  33.633997     2.5183   61.63312  -32.89278     4.9568         80 0.0000e+00
      53354   2223.046    100.000     99.020     5.2342     5.2374  33.639029  33.642379     2.5217   61.63312  -32.89277     4.9569         99 0.0000e+00
      53464   2227.608     98.000     97.040     5.2622     5.2598  33.662448  33.660691     2.5250   61.63311  -32.89276     4.9568        127 0.0000e+00
      53575   2232.240     96.000     95.060     5.2904     5.3036  33.686097  33.696303     2.5298   61.63310  -32.89276     4.9569         97 0.0000e+00
      53695   2237.250     94.000     93.081     5.3441     5.3541  33.734863  33.742285     2.5372   61.63310  -32.89274     4.9569         73 0.0000e+00
      53764   2240.125     92.000     91.101     5.4038     5.4007  33.787522  33.785109     2.5389   61.63310  -32.89274     4.9568         78 0.0000e+00
      53862   2244.209     90.000     89.120     5.4338     5.4296  33.813412  33.809295     2.5427   61.63310  -32.89273     4.9569         98 0.0000e+00
      53945   2247.675     88.000     87.140     5.4845     5.5087  33.854610  33.875394     2.5471   61.63310  -32.89274     4.9569         77 0.0000e+00
      54029   2251.173     86.000     85.160     5.5332     5.5270  33.896927  33.890516     2.5518   61.63310  -32.89272     4.9569         94 0.0000e+00
      54131   2255.400     84.000     83.180     5.5514     5.5644  33.911708  33.922046     2.5609   61.63308  -32.89272     4.9569         92 0.0000e+00
      54214   2258.872     82.000     81.200     5.6192     5.6367  33.966721  33.980452     2.5694   61.63308  -32.89272     4.9568         89 0.0000e+00
      54316   2263.106     80.000     79.220     5.6761     5.6907  34.015661  34.028610     2.5816   61.63308  -32.89272     4.9569        102 0.0000e+00
      54398   2266.548     78.000     77.240     5.7634     5.7741  34.090903  34.100303     2.5881   61.63308  -32.89271     4.9569         91 0.0000e+00
      54502   2270.890     76.000     75.260     5.8023     5.8073  34.123397  34.128572     2.5934   61.63308  -32.89271     4.9568         96 0.0000e+00
      54599   2274.911     74.000     73.280     5.8185     5.8218  34.134929  34.138946     2.6005   61.63308  -32.89270     4.9569         94 0.0000e+00
      54691   2278.755     72.000     71.299     5.8615     5.8610  34.172150  34.171056     2.6088   61.63307  -32.89270     4.9569         93 0.0000e+00
      54772   2282.107     70.000     69.319     5.9615     5.9649  34.260200  34.261351     2.6141   61.63306  -32.89270     4.9569         73 0.0000e+00
      54905   2287.682     68.000     67.339     6.0015     6.0242  34.295573  34.315522     2.6284   61.63306  -32.89269     4.9568         63 0.0000e+00
      54956   2289.802     66.000     65.359     6.0979     6.0824  34.380889  34.366873     2.6296   61.63306  -32.89268     4.9569         65 0.0000e+00
      55085   2295.177     64.000     63.379     6.1275     6.1367  34.406075  34.414767     2.6393   61.63306  -32.89269     4.9569         69 0.0000e+00
      55156   2298.125     62.000     61.398     6.2293     6.2564  34.497332  34.512340     2.6470   61.63306  -32.89268     4.9569         69 0.0000e+00
      55275   2303.065     60.000     59.418     6.3600     6.4425  34.613320  34.681225     2.6692   61.63306  -32.89268     4.9569         60 0.0000e+00
      55347   2306.072     58.000     57.438     6.6262     6.5590  34.854057  34.793303     2.6741   61.63306  -32.89267     4.9570         73 0.0000e+00
      55452   2310.463     56.000     55.457     6.7417     6.7561  34.956207  34.963376     2.6833   61.63306  -32.89266     4.9570         55 0.0000e+00
      55548   2314.458     54.000     53.477     6.8498     6.8309  35.052885  35.035945     2.6937   61.63306  -32.89267     4.9570         80 0.0000e+00
      55634   2318.052     52.000     51.497     6.9416     6.9628  35.137818  35.154272     2.7029   61.63306  -32.89267     4.9570         73 0.0000e+00
      55734   2322.218     50.000     49.516     7.0738     7.0518  35.258400  35.236728     2.7125   61.63306  -32.89266     4.9570        107 0.0000e+00
      55828   2326.143     48.000     47.536     7.1590     7.1522  35.329253  35.323047     2.7256   61.63306  -32.89267     4.9570         99 0.0000e+00
      55924   2330.141     46.000     45.555     7.3242     7.4306  35.481587  35.569442     2.7419   61.63306  -32.89266     4.9570         83 0.0000e+00
      56022   2334.228     44.000     43.575     7.5222     7.5487  35.666562  35.692319     2.7536   61.63306  -32.89268     4.9570        109 0.0000e+00
      56112   2337.974     42.000     41.594     7.6753     7.6951  35.803843  35.821709     2.7573   61.63305  -32.89266     4.9571         75 0.0000e+00
      56229   2342.852     40.000     39.614     7.7388     7.7948  35.863213  35.912636     2.7641   61.63304  -32.89267     4.9570         69 0.0000e+00
      56310   2346.204     38.000     37.633     7.8845     7.8892  35.995936  35.998636     2.7655   61.63304  -32.89267     4.9572         83 0.0000e+00
      56418   2350.700     36.000     35.653     7.9514     7.9801  36.056270  36.076518     2.7698   61.63304  -32.89266     4.9573         77 0.0000e+00
      56511   2354.592     34.000     33.672     8.0326     8.0320  36.124488  36.127838     2.7730   61.63304  -32.89266     4.9571        117 0.0000e+00
      56620   2359.144     32.000     31.692     8.0973     8.0967  36.185518  36.182933     2.7793   61.63304  -32.89265     4.9572         83 0.0000e+00
      56699   2362.435     30.000     29.711     8.2518     8.2387  36.325505  36.311591     2.7850   61.63304  -32.89264     4.9573         76 0.0000e+00
      56822   2367.537     28.000     27.731     8.5160     8.4667  36.568279  36.516193     2.7908   61.63304  -32.89264     4.9573         73 0.0000e+00
      56904   2370.977     26.000     25.750     8.8186     8.6941  36.847220  36.731666     2.7924   61.63304  -32.89263     4.9573        116 0.0000e+00
      57020   2375.795     24.000     23.769     8.9304     8.8940  36.942031  36.901069     2.7955   61.63304  -32.89264     4.9573        100 0.0000e+00
      57123   2380.068     22.000     21.789     9.1335     9.1429  37.132870  37.128021     2.7927   61.63304  -32.89262     4.9573        119 0.0000e+00
      57237   2384.851     20.000     19.808     9.3638     9.3576  37.342712  37.334685     2.7859   61.63304  -32.89262     4.9573        109 0.0000e+00
      57354   2389.724     18.000     17.827     9.4287     9.4252  37.401854  37.404094     2.7824   61.63302  -32.89263     4.9573        104 0.0000e+00
      57472   2394.630     16.000     15.846     9.4678     9.4699  37.438655  37.442719     2.7808   61.63302  -32.89262     4.9573         87 0.0000e+00
      57641   2401.650     14.000     13.866     9.4774     9.4811  37.446800  37.450832     2.7828   61.63302  -32.89262     4.9573         93 0.0000e+00
      57853   2410.517     12.000     11.885     9.4817     9.4797  37.450094  37.449548     2.7847   61.63302  -32.89260     4.9573         95 0.0000e+00
      58072   2419.621     10.000      9.904     9.4819     9.4802  37.449399  37.449383     2.7841   61.63302  -32.89261     4.9573         67 0.0000e+00
      58295   2428.915      8.000      7.923     9.4917     9.4918  37.458234  37.459674     2.7856   61.63302  -32.89259     4.9573        109 0.0000e+00
      58525   2438.492      6.000      5.943     9.4966     9.4964  37.461899  37.463177     2.7860   61.63302  -32.89258     4.9573         90 0.0000e+00
      58745   2447.663      4.000      3.962     9.4974     9.4966  37.461899  37.462583     2.7870   61.63301  -32.89258     4.9573        108 0.0000e+00
      58864   2452.622      2.000      1.981     9.4991     9.4960  37.462534  37.461210     2.7866   61.63299  -32.89258     4.9573         17 0.0000e+00
