Example_Files/SBE_Processing_Files/Processed_SBE_cast_files/upcasts/uar69-01_016.cnv
* Sea-Bird SBE 9 Data File:
* FileName = D:\data\ar69-01_016.hex
* Software Version Seasave V 7.26.7.107
* Temperature SN = 4491
* Conductivity SN = 3009
* Number of Bytes Per Scan = 44
* Number of Voltage Words = 5
* Number of Scans Averaged by the Deck Unit = 1
* NMEA Latitude = 59 38.89 N
* NMEA Longitude = 038 34.97 W
* NMEA UTC (Time) = Jul 04 2022  07:20:38
** Cruise ID: AR69-01
** Chief Sci:
** Station #: 016
** Site ID: M4 OSNAP acoustic releases
# nquan = 14
# nvalues = 1508                        
# units = specified
# name 0 = scan: Scan Count
# name 1 = timeS: Time, Elapsed [seconds]
# name 2 = prDM: Pressure, Digiquartz [db]
# name 3 = depSM: Depth [salt water, m]
# name 4 = t090C: Temperature [ITS-90, deg C]
# name 5 = t190C: Temperature, 2 [ITS-90, deg C]
# name 6 = c0mS/cm: Conductivity [mS/cm]
# name 7 = c1mS/cm: Conductivity, 2 [mS/cm]
# name 8 = sbeox0V: Oxygen raw, SBE 43 [V]
# name 9 = latitude: Latitude [deg]
# name 10 = longitude: Longitude [deg]
# name 11 = v7: Voltage 7
# name 12 = nbin: number of scans per bin
# name 13 = flag: flag
# span 0 =      84854,     213202       
# span 1 =   3535.562,   8883.383       
# span 2 =      4.000,   3018.000       
# span 3 =      3.962,   2968.373       
# span 4 =     1.4106,     7.4279       
# span 5 =     1.4100,     7.4228       
# span 6 =  31.428956,  35.480498       
# span 7 =  31.428677,  34.938115       
# span 8 =     1.7808,     2.8238       
# span 9 =   59.64808,   59.64810       
# span 10 =  -38.58288,  -38.58284      
# span 11 =     4.9560,     4.9567      
# span 12 =         30,        146      
# span 13 = 0.0000e+00, 0.0000e+00      
# interval = decibars: 2                
# start_time = Jul 04 2022 07:20:38 [NMEA time, first data scan]
# bad_flag = -9.990e-29
*END*
[from data line 930]
     167656   6985.609   1158.000   1143.928     3.3830     3.3825  32.406436  32.400529     2.2086   59.64808  -38.58286     4.9560         43 0.0000e+00
     167703   6987.581   1156.000   1141.958     3.3822     3.3814  32.404713  32.399364     2.2089   59.64808  -38.58286     4.9560         52 0.0000e+00
     167755   6989.730   1154.000   1139.988     3.3813     3.3803  32.402881  32.398177     2.2096   59.64808  -38.58286     4.9560         51 0.0000e+00
     167805   6991.839   1152.000   1138.017     3.3818     3.3800  32.402459  32.397110     2.2103   59.64808  -38.58286     4.9560         47 0.0000e+00
     167847   6993.584   1150.000   1136.047     3.3829     3.3807  32.402729  32.396168     2.2107   59.64808  -38.58286     4.9560         40 0.0000e+00
     167893   6995.495   1148.000   1134.077     3.3834     3.3815  32.402434  32.395218     2.2109   59.64808  -38.58286     4.9560         52 0.0000e+00
     167941   6997.493   1146.000   1132.106     3.3844     3.3823  32.402453  32.394327     2.2111   59.64808  -38.58286     4.9560         41 0.0000e+00
     167983   6999.256   1144.000   1130.136     3.3851     3.3831  32.402299  32.393363     2.2117   59.64808  -38.58286     4.9560         47 0.0000e+00
     168038   7001.521   1142.000   1128.166     3.3858     3.3843  32.402085  32.392455     2.2122   59.64808  -38.58286     4.9560         54 0.0000e+00
     168086   7003.537   1140.000   1126.195     3.3880     3.3855  32.403382  32.391465     2.2124   59.64808  -38.58286     4.9560         48 0.0000e+00
     168135   7005.604   1138.000   1124.225     3.3894     3.3869  32.404047  32.390506     2.2128   59.64808  -38.58286     4.9560         47 0.0000e+00
     168178   7007.391   1136.000   1122.254     3.3904     3.3882  32.404085  32.389511     2.2128   59.64808  -38.58285     4.9560         42 0.0000e+00
     168226   7009.389   1134.000   1120.284     3.3913     3.3892  32.404152  32.388516     2.2129   59.64808  -38.58286     4.9560         54 0.0000e+00
     168278   7011.550   1132.000   1118.313     3.3926     3.3905  32.404481  32.387589     2.2135   59.64808  -38.58286     4.9560         50 0.0000e+00
     168327   7013.587   1130.000   1116.343     3.3922     3.3907  32.403238  32.386747     2.2141   59.64808  -38.58286     4.9560         45 0.0000e+00
     168367   7015.267   1128.000   1114.372     3.3910     3.3904  32.401103  32.385799     2.2148   59.64808  -38.58286     4.9560         37 0.0000e+00
     168409   7016.993   1126.000   1112.402     3.3886     3.3873  32.397765  32.384928     2.2153   59.64808  -38.58284     4.9560         51 0.0000e+00
     168469   7019.489   1124.000   1110.431     3.3864     3.3855  32.394673  32.384271     2.2165   59.64808  -38.58286     4.9560         58 0.0000e+00
     168515   7021.410   1122.000   1108.461     3.3858     3.3846  32.393090  32.383558     2.2170   59.64808  -38.58286     4.9560         40 0.0000e+00
     168555   7023.087   1120.000   1106.490     3.3858     3.3844  32.392191  32.382892     2.2171   59.64808  -38.58286     4.9560         43 0.0000e+00
     168604   7025.132   1118.000   1104.519     3.3865     3.3848  32.392111  32.382310     2.2176   59.64808  -38.58286     4.9560         54 0.0000e+00
     168660   7027.443   1116.000   1102.549     3.3885     3.3860  32.393211  32.381870     2.2179   59.64808  -38.58286     4.9560         55 0.0000e+00
     168708   7029.451   1114.000   1100.578     3.3937     3.3890  32.397715  32.381408     2.2172   59.64808  -38.58286     4.9560         41 0.0000e+00
     168749   7031.163   1112.000   1098.607     3.3968     3.3927  32.399891  32.380741     2.2169   59.64808  -38.58286     4.9560         45 0.0000e+00
     168798   7033.215   1110.000   1096.637     3.3981     3.3957  32.400472  32.380060     2.2169   59.64808  -38.58286     4.9560         49 0.0000e+00
     168844   7035.106   1108.000   1094.666     3.3989     3.3970  32.400297  32.379204     2.2177   59.64808  -38.58286     4.9560         45 0.0000e+00
     168891   7037.099   1106.000   1092.695     3.4006     3.3981  32.401120  32.378417     2.2181   59.64808  -38.58286     4.9560         49 0.0000e+00
     168938   7039.056   1104.000   1090.724     3.4023     3.3999  32.401786  32.377585     2.2183   59.64808  -38.58286     4.9560         45 0.0000e+00
     168987   7041.086   1102.000   1088.754     3.4049     3.4018  32.403513  32.376789     2.2185   59.64808  -38.58286     4.9560         55 0.0000e+00
     169041   7043.345   1100.000   1086.783     3.4064     3.4036  32.404125  32.376138     2.2188   59.64808  -38.58286     4.9560         48 0.0000e+00
     169083   7045.095   1098.000   1084.812     3.4074     3.4049  32.404212  32.375394     2.2192   59.64808  -38.58286     4.9560         40 0.0000e+00
     169128   7046.946   1096.000   1082.841     3.4078     3.4055  32.403657  32.374919     2.2190   59.64808  -38.58286     4.9560         51 0.0000e+00
     169181   7049.175   1094.000   1080.870     3.4085     3.4066  32.403567  32.374564     2.2194   59.64808  -38.58286     4.9560         50 0.0000e+00
     169226   7051.050   1092.000   1078.900     3.4088     3.4070  32.403009  32.374255     2.2197   59.64808  -38.58286     4.9560         44 0.0000e+00
     169275   7053.081   1090.000   1076.929     3.4094     3.4075  32.402682  32.374016     2.2201   59.64808  -38.58286     4.9560         54 0.0000e+00
     169325   7055.149   1088.000   1074.958     3.4088     3.4079  32.401195  32.373807     2.2212   59.64808  -38.58286     4.9560         42 0.0000e+00
     169366   7056.892   1086.000   1072.987     3.4045     3.4061  32.395918  32.373543     2.2218   59.64808  -38.58286     4.9560         45 0.0000e+00
     169415   7058.931   1084.000   1071.016     3.4032     3.4035  32.393761  32.373425     2.2227   59.64808  -38.58286     4.9560         49 0.0000e+00
     169462   7060.885   1082.000   1069.045     3.4026     3.4018  32.392193  32.373361     2.2233   59.64808  -38.58286     4.9560         49 0.0000e+00
     169512   7062.979   1080.000   1067.074     3.4015     3.4008  32.390119  32.373293     2.2236   59.64808  -38.58286     4.9560         47 0.0000e+00
     169555   7064.738   1078.000   1065.103     3.4004     3.3998  32.388027  32.373188     2.2245   59.64808  -38.58286     4.9560         42 0.0000e+00
     169609   7066.995   1076.000   1063.132     3.4002     3.3990  32.387013  32.373234     2.2252   59.64808  -38.58286     4.9560         64 0.0000e+00
     169662   7069.219   1074.000   1061.161     3.4016     3.3991  32.387438  32.373207     2.2256   59.64808  -38.58286     4.9560         42 0.0000e+00
     169703   7070.924   1072.000   1059.190     3.4043     3.4014  32.389351  32.372996     2.2257   59.64808  -38.58286     4.9560         42 0.0000e+00
     169747   7072.768   1070.000   1057.219     3.4058     3.4033  32.389825  32.372659     2.2257   59.64808  -38.58286     4.9560         45 0.0000e+00
     169793   7074.646   1068.000   1055.248     3.4071     3.4049  32.390217  32.372271     2.2260   59.64808  -38.58285     4.9560         48 0.0000e+00
     169848   7076.970   1066.000   1053.277     3.4083     3.4064  32.390525  32.371867     2.2263   59.64808  -38.58286     4.9560         57 0.0000e+00
     169894   7078.888   1064.000   1051.306     3.4087     3.4070  32.390042  32.371245     2.2261   59.64808  -38.58286     4.9560         39 0.0000e+00
     169937   7080.660   1062.000   1049.335     3.4087     3.4071  32.389172  32.370564     2.2265   59.64808  -38.58286     4.9560         49 0.0000e+00
     169986   7082.711   1060.000   1047.364     3.4088     3.4072  32.388302  32.369901     2.2269   59.64808  -38.58286     4.9560         45 0.0000e+00
     170031   7084.592   1058.000   1045.392     3.4087     3.4073  32.387404  32.369165     2.2280   59.64808  -38.58286     4.9560         50 0.0000e+00
     170084   7086.791   1056.000   1043.421     3.4086     3.4072  32.386339  32.368495     2.2291   59.64808  -38.58286     4.9560         51 0.0000e+00
     170132   7088.776   1054.000   1041.450     3.4096     3.4074  32.386462  32.367897     2.2291   59.64808  -38.58286     4.9560         47 0.0000e+00
     170178   7090.726   1052.000   1039.479     3.4128     3.4098  32.388607  32.367308     2.2293   59.64808  -38.58286     4.9560         45 0.0000e+00
     170223   7092.571   1050.000   1037.507     3.4139     3.4115  32.388902  32.366805     2.2294   59.64808  -38.58286     4.9560         46 0.0000e+00
     170274   7094.691   1048.000   1035.536     3.4145     3.4125  32.388646  32.366282     2.2297   59.64808  -38.58286     4.9560         52 0.0000e+00
     170319   7096.595   1046.000   1033.565     3.4150     3.4131  32.388324  32.365747     2.2304   59.64808  -38.58286     4.9560         42 0.0000e+00
     170365   7098.507   1044.000   1031.593     3.4143     3.4129  32.386799  32.365216     2.2315   59.64808  -38.58286     4.9560         50 0.0000e+00
     170414   7100.522   1042.000   1029.622     3.4134     3.4123  32.384842  32.364756     2.2322   59.64808  -38.58286     4.9560         46 0.0000e+00
     170460   7102.478   1040.000   1027.651     3.4130     3.4118  32.383613  32.364208     2.2328   59.64808  -38.58286     4.9560         47 0.0000e+00
     170505   7104.345   1038.000   1025.679     3.4120     3.4111  32.381633  32.363681     2.2326   59.64809  -38.58286     4.9560         43 0.0000e+00
     170554   7106.393   1036.000   1023.708     3.4118     3.4106  32.380449  32.363226     2.2327   59.64809  -38.58286     4.9560         59 0.0000e+00
     170614   7108.893   1034.000   1021.737     3.4117     3.4103  32.379390  32.363000     2.2335   59.64808  -38.58286     4.9560         53 0.0000e+00
     170658   7110.714   1032.000   1019.765     3.4124     3.4103  32.379260  32.362528     2.2337   59.64808  -38.58286     4.9560         39 0.0000e+00
     170697   7112.331   1030.000   1017.794     3.4141     3.4115  32.380029  32.362081     2.2340   59.64809  -38.58286     4.9560         39 0.0000e+00
     170741   7114.153   1028.000   1015.822     3.4142     3.4128  32.379303  32.361629     2.2342   59.64808  -38.58286     4.9560         49 0.0000e+00
     170793   7116.351   1026.000   1013.851     3.4146     3.4130  32.378786  32.361250     2.2346   59.64808  -38.58286     4.9560         52 0.0000e+00
     170844   7118.438   1024.000   1011.879     3.4153     3.4133  32.378514  32.360848     2.2351   59.64808  -38.58286     4.9560         50 0.0000e+00
     170891   7120.407   1022.000   1009.908     3.4152     3.4135  32.377548  32.360325     2.2354   59.64808  -38.58286     4.9560         42 0.0000e+00
     170931   7122.090   1020.000   1007.937     3.4137     3.4130  32.375120  32.359638     2.2358   59.64808  -38.58286     4.9560         43 0.0000e+00
     170995   7124.746   1018.000   1005.965     3.4105     3.4103  32.370858  32.359189     2.2369   59.64808  -38.58286     4.9560         93 0.0000e+00
     171153   7131.343   1016.000   1003.993     3.4083     3.4084  32.367735  32.359415     2.2378   59.64808  -38.58286     4.9560        137 0.0000e+00
     173574   7232.197   1014.000   1002.022     3.4120     3.4100  32.370303  32.365840     2.2375   59.64808  -38.58286     4.9560         67 0.0000e+00
     173558   7231.538   1012.000   1000.050     3.4137     3.4109  32.371161  32.364752     2.2383   59.64808  -38.58286     4.9560         64 0.0000e+00
     173620   7234.128   1010.000    998.079     3.4146     3.4124  32.371251  32.363853     2.2388   59.64808  -38.58286     4.9560         54 0.0000e+00
     173667   7236.097   1008.000    996.107     3.4151     3.4130  32.370824  32.362875     2.2396   59.64808  -38.58286     4.9560         43 0.0000e+00
     173710   7237.861   1006.000    994.135     3.4147     3.4132  32.369534  32.361890     2.2402   59.64808  -38.58286     4.9560         43 0.0000e+00
     173759   7239.918   1004.000    992.164     3.4143     3.4130  32.368342  32.360906     2.2408   59.64808  -38.58286     4.9560         57 0.0000e+00
     173813   7242.164   1002.000    990.192     3.4144     3.4129  32.367435  32.359925     2.2413   59.64808  -38.58286     4.9560         46 0.0000e+00
     173854   7243.885   1000.000    988.220     3.4150     3.4132  32.367023  32.358848     2.2415   59.64808  -38.58286     4.9560         40 0.0000e+00
     173898   7245.724    998.000    986.248     3.4153     3.4135  32.366371  32.357901     2.2416   59.64808  -38.58286     4.9560         50 0.0000e+00
     173952   7247.966    996.000    984.276     3.4158     3.4139  32.365972  32.356891     2.2422   59.64808  -38.58286     4.9560         52 0.0000e+00
     174000   7249.964    994.000    982.305     3.4173     3.4151  32.366646  32.355984     2.2428   59.64808  -38.58286     4.9560         49 0.0000e+00
     174053   7252.171    992.000    980.333     3.4182     3.4157  32.366621  32.355053     2.2432   59.64808  -38.58286     4.9560         51 0.0000e+00
     174097   7253.985    990.000    978.361     3.4199     3.4171  32.367305  32.354127     2.2436   59.64808  -38.58286     4.9560         40 0.0000e+00
     174140   7255.771    988.000    976.389     3.4208     3.4184  32.367331  32.353164     2.2434   59.64808  -38.58286     4.9560         47 0.0000e+00
     174188   7257.799    986.000    974.417     3.4214     3.4194  32.367067  32.352229     2.2438   59.64808  -38.58286     4.9560         49 0.0000e+00
     174238   7259.855    984.000    972.446     3.4220     3.4201  32.366844  32.351326     2.2446   59.64808  -38.58286     4.9560         50 0.0000e+00
     174285   7261.815    982.000    970.474     3.4231     3.4206  32.366895  32.350390     2.2448   59.64808  -38.58286     4.9560         44 0.0000e+00
     174330   7263.725    980.000    968.502     3.4235     3.4215  32.366417  32.349596     2.2457   59.64808  -38.58286     4.9560         49 0.0000e+00
     174380   7265.786    978.000    966.530     3.4244     3.4224  32.366481  32.348742     2.2456   59.64808  -38.58286     4.9560         48 0.0000e+00
     174427   7267.750    976.000    964.558     3.4254     3.4231  32.366528  32.347889     2.2452   59.64808  -38.58286     4.9560         48 0.0000e+00
     174476   7269.797    974.000    962.586     3.4258     3.4238  32.366053  32.347153     2.2454   59.64808  -38.58286     4.9560         50 0.0000e+00
     174527   7271.927    972.000    960.614     3.4270     3.4248  32.366282  32.346410     2.2458   59.64808  -38.58286     4.9560         49 0.0000e+00
     174573   7273.818    970.000    958.642     3.4282     3.4258  32.366675  32.345685     2.2458   59.64808  -38.58286     4.9560         43 0.0000e+00
     174615   7275.593    968.000    956.670     3.4293     3.4272  32.366789  32.345013     2.2462   59.64808  -38.58286     4.9560         43 0.0000e+00
     174662   7277.549    966.000    954.698     3.4308     3.4289  32.367481  32.344406     2.2469   59.64808  -38.58286     4.9560         53 0.0000e+00
     174716   7279.787    964.000    952.726     3.4333     3.4306  32.368889  32.343817     2.2470   59.64808  -38.58286     4.9560         51 0.0000e+00
     174764   7281.806    962.000    950.754     3.4347     3.4321  32.369351  32.343277     2.2469   59.64808  -38.58286     4.9560         46 0.0000e+00
     174806   7283.543    960.000    948.782     3.4357     3.4332  32.369386  32.342615     2.2472   59.64808  -38.58286     4.9560         39 0.0000e+00
     174849   7285.334    958.000    946.810     3.4364     3.4344  32.369225  32.342020     2.2477   59.64808  -38.58286     4.9560         50 0.0000e+00
     174903   7287.603    956.000    944.837     3.4367     3.4351  32.368619  32.341626     2.2479   59.64808  -38.58286     4.9560         54 0.0000e+00
