Example_Files/SBE_Processing_Files/Processed_SBE_cast_files/upcasts/uar69-01_020.cnv
* Sea-Bird SBE 9 Data File:
* FileName = D:\data\ar69-01_020.hex
* Software Version Seasave V 7.26.7.107
* Temperature SN = 4491
* Conductivity SN = 3009
* Number of Bytes Per Scan = 44
* Number of Voltage Words = 5
* Number of Scans Averaged by the Deck Unit = 1
* NMEA Latitude = 59 52.54 N
* NMEA Longitude = 039 36.97 W
* NMEA UTC (Time) = Jul 06 2022  17:11:20
** Cruise ID: AR69-01
** Chief Sci:
** Station #: 020
** Site ID: OSNAP cal dip
# nquan = 14
# nvalues = 1318                        
# units = specified
# name 0 = scan: Scan Count
# name 1 = timeS: Time, Elapsed [seconds]
# name 2 = prDM: Pressure, Digiquartz [db]
# name 3 = depSM: Depth [salt water, m]
# name 4 = t090C: Temperature [ITS-90, deg C]
# name 5 = t190C: Temperature, 2 [ITS-90, deg C]
# name 6 = c0mS/cm: Conductivity [mS/cm]
# name 7 = c1mS/cm: Conductivity, 2 [mS/cm]
# name 8 = sbeox0V: Oxygen raw, SBE 43 [V]
# name 9 = latitude: Latitude [deg]
# name 10 = longitude: Longitude [deg]
# name 11 = v7: Voltage 7
# name 12 = nbin: number of scans per bin
# name 13 = flag: flag
# span 0 =      80764,     196164       
# span 1 =   3365.128,   8173.459       
# span 2 =      4.000,   2638.000       
# span 3 =      3.962,   2596.854       
# span 4 =     1.8298,     7.6495       
# span 5 =     1.8305,     7.6507       
# span 6 =  31.649387,  35.648609       
# span 7 =  31.650307,  35.651650       
# span 8 =     1.8437,     2.8446       
# span 9 =   59.87562,   59.87566       
# span 10 =  -39.61607,  -39.61602      
# span 11 =     4.9560,     4.9563      
# span 12 =         22,        135      
# span 13 = 0.0000e+00, 0.0000e+00      
# interval = decibars: 2                
# start_time = Jul 06 2022 17:11:20 [NMEA time, first data scan]
# bad_flag = -9.990e-29
*END*
[from data line 104]
     103858   4327.363   2430.000   2393.255     2.4582     2.4589  32.142679  32.143405     1.8544   59.87564  -39.61604     4.9560         49 0.0000e+00
     103906   4329.358   2428.000   2391.296     2.4598     2.4604  32.143456  32.144327     1.8549   59.87564  -39.61604     4.9560         51 0.0000e+00
     103960   4331.620   2426.000   2389.337     2.4644     2.4655  32.146732  32.147775     1.8555   59.87564  -39.61604     4.9560         51 0.0000e+00
     104003   4333.420   2424.000   2387.379     2.4701     2.4705  32.151183  32.151313     1.8557   59.87564  -39.61604     4.9560         39 0.0000e+00
     104044   4335.144   2422.000   2385.420     2.4726     2.4737  32.152786  32.153756     1.8560   59.87564  -39.61604     4.9560         45 0.0000e+00
     104099   4337.404   2420.000   2383.461     2.4760     2.4779  32.155218  32.157187     1.8565   59.87564  -39.61604     4.9560         64 0.0000e+00
     104156   4339.773   2418.000   2381.503     2.4839     2.4833  32.161597  32.160945     1.8563   59.87564  -39.61604     4.9560         43 0.0000e+00
     104192   4341.276   2416.000   2379.544     2.4918     2.4915  32.168280  32.168028     1.8560   59.87564  -39.61604     4.9560         35 0.0000e+00
     104233   4342.981   2414.000   2377.585     2.4971     2.4963  32.172581  32.172027     1.8560   59.87566  -39.61604     4.9560         51 0.0000e+00
     104292   4345.467   2412.000   2375.626     2.4988     2.4991  32.173373  32.173963     1.8560   59.87564  -39.61604     4.9560         59 0.0000e+00
     104343   4347.581   2410.000   2373.668     2.5020     2.5023  32.175520  32.176001     1.8567   59.87565  -39.61604     4.9560         47 0.0000e+00
     104387   4349.434   2408.000   2371.709     2.5044     2.5053  32.176962  32.177667     1.8568   59.87566  -39.61604     4.9560         40 0.0000e+00
     104423   4350.907   2406.000   2369.750     2.5109     2.5115  32.182132  32.182453     1.8566   59.87565  -39.61604     4.9560         32 0.0000e+00
     104457   4352.338   2404.000   2367.791     2.5156     2.5143  32.186015  32.184730     1.8568   59.87564  -39.61604     4.9560         42 0.0000e+00
     104544   4355.949   2402.000   2365.833     2.5196     2.5196  32.188749  32.189049     1.8575   59.87566  -39.61604     4.9560         52 0.0000e+00
     104582   4357.558   2400.000   2363.874     2.5264     2.5258  32.194280  32.193779     1.8573   59.87564  -39.61604     4.9560         28 0.0000e+00
     104611   4358.750   2398.000   2361.915     2.5301     2.5300  32.197059  32.197022     1.8573   59.87564  -39.61604     4.9560         31 0.0000e+00
     104660   4360.773   2396.000   2359.956     2.5333     2.5354  32.199526  32.201606     1.8572   59.87564  -39.61604     4.9560         73 0.0000e+00
     104725   4363.519   2394.000   2357.997     2.5378     2.5382  32.202780  32.203329     1.8571   59.87564  -39.61604     4.9560         44 0.0000e+00
     104764   4365.112   2392.000   2356.038     2.5467     2.5461  32.210221  32.209756     1.8574   59.87564  -39.61604     4.9560         39 0.0000e+00
     104806   4366.890   2390.000   2354.079     2.5476     2.5495  32.210169  32.211953     1.8575   59.87564  -39.61604     4.9560         47 0.0000e+00
     104857   4368.993   2388.000   2352.120     2.5511     2.5521  32.212589  32.213594     1.8581   59.87564  -39.61604     4.9560         52 0.0000e+00
     104904   4370.972   2386.000   2350.161     2.5550     2.5553  32.215128  32.215680     1.8589   59.87564  -39.61604     4.9560         42 0.0000e+00
     104944   4372.643   2384.000   2348.202     2.5545     2.5549  32.212637  32.213241     1.8597   59.87564  -39.61606     4.9560         40 0.0000e+00
     104995   4374.746   2382.000   2346.243     2.5585     2.5594  32.215166  32.216226     1.8606   59.87564  -39.61605     4.9560         67 0.0000e+00
     105059   4377.413   2380.000   2344.284     2.5657     2.5672  32.221066  32.222289     1.8607   59.87564  -39.61604     4.9560         48 0.0000e+00
     105097   4378.990   2378.000   2342.325     2.5876     2.5855  32.241652  32.238698     1.8602   59.87564  -39.61606     4.9560         35 0.0000e+00
     105133   4380.493   2376.000   2340.365     2.5955     2.5952  32.248644  32.247936     1.8594   59.87564  -39.61606     4.9560         39 0.0000e+00
     105185   4382.664   2374.000   2338.406     2.5994     2.5988  32.251740  32.251342     1.8589   59.87563  -39.61606     4.9560         67 0.0000e+00
     105246   4385.226   2372.000   2336.447     2.6054     2.6071  32.256519  32.258465     1.8585   59.87562  -39.61606     4.9560         47 0.0000e+00
     105287   4386.917   2370.000   2334.488     2.6133     2.6142  32.263589  32.264218     1.8581   59.87563  -39.61605     4.9560         39 0.0000e+00
     105327   4388.596   2368.000   2332.529     2.6161     2.6157  32.265088  32.264703     1.8583   59.87562  -39.61606     4.9560         42 0.0000e+00
     105372   4390.448   2366.000   2330.570     2.6167     2.6166  32.264363  32.264625     1.8586   59.87562  -39.61606     4.9560         48 0.0000e+00
     105423   4392.599   2364.000   2328.611     2.6159     2.6166  32.262675  32.263228     1.8600   59.87562  -39.61606     4.9560         55 0.0000e+00
     105477   4394.838   2362.000   2326.651     2.6183     2.6191  32.263542  32.264151     1.8607   59.87562  -39.61606     4.9560         49 0.0000e+00
     105523   4396.742   2360.000   2324.692     2.6272     2.6303  32.271330  32.273955     1.8607   59.87562  -39.61606     4.9560         44 0.0000e+00
     105565   4398.496   2358.000   2322.733     2.6363     2.6365  32.279477  32.279058     1.8607   59.87562  -39.61606     4.9560         41 0.0000e+00
     105611   4400.430   2356.000   2320.774     2.6434     2.6433  32.285420  32.285324     1.8608   59.87562  -39.61606     4.9560         56 0.0000e+00
     105672   4402.966   2354.000   2318.814     2.6478     2.6485  32.288819  32.289997     1.8608   59.87563  -39.61606     4.9560         55 0.0000e+00
     105717   4404.821   2352.000   2316.855     2.6542     2.6547  32.294329  32.294674     1.8608   59.87562  -39.61606     4.9560         40 0.0000e+00
     105756   4406.446   2350.000   2314.896     2.6565     2.6575  32.295553  32.296762     1.8608   59.87562  -39.61606     4.9560         39 0.0000e+00
     105799   4408.254   2348.000   2312.937     2.6585     2.6588  32.296647  32.297247     1.8608   59.87563  -39.61606     4.9560         48 0.0000e+00
     105857   4410.661   2346.000   2310.977     2.6593     2.6593  32.296580  32.296845     1.8608   59.87564  -39.61606     4.9560         61 0.0000e+00
     105906   4412.715   2344.000   2309.018     2.6638     2.6640  32.299860  32.300325     1.8608   59.87563  -39.61606     4.9560         39 0.0000e+00
     105943   4414.245   2342.000   2307.058     2.6665     2.6672  32.301804  32.302419     1.8608   59.87564  -39.61606     4.9560         38 0.0000e+00
     105991   4416.265   2340.000   2305.099     2.6689     2.6693  32.303195  32.303910     1.8610   59.87564  -39.61606     4.9560         64 0.0000e+00
     106055   4418.933   2338.000   2303.140     2.6720     2.6730  32.305136  32.306451     1.8613   59.87564  -39.61606     4.9560         49 0.0000e+00
     106095   4420.586   2336.000   2301.180     2.6773     2.6778  32.309197  32.309939     1.8615   59.87564  -39.61605     4.9560         40 0.0000e+00
     106139   4422.401   2334.000   2299.221     2.6813     2.6814  32.312166  32.312313     1.8616   59.87564  -39.61606     4.9560         48 0.0000e+00
     106186   4424.383   2332.000   2297.261     2.6867     2.6850  32.316514  32.314681     1.8615   59.87564  -39.61606     4.9560         44 0.0000e+00
     106229   4426.161   2330.000   2295.301     2.6927     2.6927  32.321560  32.321476     1.8620   59.87564  -39.61605     4.9560         45 0.0000e+00
     106283   4428.396   2328.000   2293.342     2.6943     2.6972  32.322165  32.324990     1.8625   59.87564  -39.61604     4.9560         61 0.0000e+00
     106337   4430.668   2326.000   2291.383     2.7032     2.7037  32.329456  32.329908     1.8627   59.87564  -39.61606     4.9560         44 0.0000e+00
     106375   4432.246   2324.000   2289.423     2.7090     2.7088  32.334122  32.333982     1.8625   59.87564  -39.61604     4.9560         35 0.0000e+00
     106412   4433.809   2322.000   2287.463     2.7100     2.7103  32.334301  32.334836     1.8626   59.87564  -39.61605     4.9560         44 0.0000e+00
     106476   4436.449   2320.000   2285.504     2.7110     2.7114  32.334495  32.335277     1.8630   59.87564  -39.61606     4.9560         68 0.0000e+00
     106523   4438.415   2318.000   2283.544     2.7116     2.7118  32.334157  32.334649     1.8636   59.87564  -39.61604     4.9560         36 0.0000e+00
     106560   4439.974   2316.000   2281.584     2.7132     2.7132  32.334888  32.335461     1.8640   59.87564  -39.61604     4.9560         42 0.0000e+00
     106610   4442.048   2314.000   2279.625     2.7150     2.7167  32.335884  32.337766     1.8645   59.87564  -39.61606     4.9560         55 0.0000e+00
     106666   4444.357   2312.000   2277.665     2.7233     2.7230  32.342199  32.342245     1.8651   59.87564  -39.61604     4.9560         58 0.0000e+00
     106721   4446.671   2310.000   2275.705     2.7284     2.7292  32.346326  32.347159     1.8653   59.87564  -39.61604     4.9560         45 0.0000e+00
     106757   4448.176   2308.000   2273.746     2.7297     2.7293  32.346531  32.346473     1.8655   59.87564  -39.61604     4.9560         31 0.0000e+00
     106789   4449.507   2306.000   2271.786     2.7295     2.7305  32.344767  32.346060     1.8659   59.87564  -39.61604     4.9560         35 0.0000e+00
     106847   4451.903   2304.000   2269.826     2.7365     2.7360  32.350869  32.350630     1.8669   59.87564  -39.61605     4.9560         81 0.0000e+00
     106910   4454.533   2302.000   2267.866     2.7427     2.7427  32.355825  32.355764     1.8672   59.87564  -39.61604     4.9560         38 0.0000e+00
     106944   4455.978   2300.000   2265.907     2.7497     2.7529  32.361784  32.364831     1.8671   59.87566  -39.61604     4.9560         36 0.0000e+00
     106986   4457.691   2298.000   2263.947     2.7572     2.7568  32.368341  32.367987     1.8671   59.87565  -39.61604     4.9560         49 0.0000e+00
     107043   4460.063   2296.000   2261.987     2.7612     2.7594  32.371285  32.369770     1.8671   59.87566  -39.61604     4.9560         60 0.0000e+00
     107094   4462.216   2294.000   2260.027     2.7646     2.7645  32.373597  32.373814     1.8671   59.87566  -39.61604     4.9560         43 0.0000e+00
     107135   4463.897   2292.000   2258.067     2.7695     2.7703  32.377558  32.377985     1.8671   59.87566  -39.61604     4.9560         40 0.0000e+00
     107177   4465.679   2290.000   2256.108     2.7719     2.7731  32.379001  32.379933     1.8671   59.87566  -39.61604     4.9560         49 0.0000e+00
     107232   4467.965   2288.000   2254.148     2.7736     2.7745  32.379804  32.380976     1.8674   59.87566  -39.61604     4.9560         53 0.0000e+00
     107276   4469.788   2286.000   2252.188     2.7780     2.7782  32.382900  32.383248     1.8672   59.87566  -39.61604     4.9560         39 0.0000e+00
     107321   4471.654   2284.000   2250.228     2.7804     2.7802  32.384275  32.384455     1.8676   59.87566  -39.61604     4.9560         55 0.0000e+00
     107379   4474.070   2282.000   2248.268     2.7822     2.7833  32.384856  32.386384     1.8680   59.87566  -39.61604     4.9560         50 0.0000e+00
     107419   4475.760   2280.000   2246.308     2.7869     2.7875  32.388630  32.389217     1.8682   59.87566  -39.61604     4.9560         36 0.0000e+00
     107457   4477.352   2278.000   2244.348     2.7885     2.7893  32.389324  32.390386     1.8687   59.87566  -39.61604     4.9560         43 0.0000e+00
     107513   4479.664   2276.000   2242.388     2.7914     2.7921  32.391339  32.392342     1.8696   59.87566  -39.61604     4.9560         63 0.0000e+00
     107565   4481.851   2274.000   2240.428     2.7962     2.7960  32.394963  32.394962     1.8700   59.87566  -39.61604     4.9560         41 0.0000e+00
     107607   4483.575   2272.000   2238.468     2.8003     2.8009  32.398211  32.398919     1.8700   59.87566  -39.61604     4.9560         47 0.0000e+00
     107658   4485.701   2270.000   2236.508     2.8037     2.8040  32.400619  32.401214     1.8700   59.87566  -39.61604     4.9560         51 0.0000e+00
     107705   4487.674   2268.000   2234.548     2.8060     2.8064  32.402088  32.402636     1.8699   59.87566  -39.61604     4.9560         45 0.0000e+00
     107750   4489.522   2266.000   2232.588     2.8095     2.8103  32.404582  32.405472     1.8698   59.87566  -39.61604     4.9560         44 0.0000e+00
     107793   4491.332   2264.000   2230.628     2.8119     2.8127  32.405972  32.407159     1.8697   59.87566  -39.61604     4.9560         44 0.0000e+00
     107841   4493.347   2262.000   2228.668     2.8138     2.8142  32.406966  32.407563     1.8701   59.87566  -39.61604     4.9560         50 0.0000e+00
     107890   4495.371   2260.000   2226.707     2.8169     2.8177  32.408848  32.409855     1.8706   59.87566  -39.61604     4.9560         46 0.0000e+00
     107936   4497.277   2258.000   2224.747     2.8209     2.8211  32.411946  32.412178     1.8710   59.87566  -39.61604     4.9560         47 0.0000e+00
     107985   4499.321   2256.000   2222.787     2.8218     2.8227  32.412014  32.412882     1.8714   59.87566  -39.61604     4.9560         52 0.0000e+00
     108037   4501.486   2254.000   2220.827     2.8242     2.8237  32.413127  32.412929     1.8718   59.87566  -39.61604     4.9560         48 0.0000e+00
     108083   4503.398   2252.000   2218.867     2.8246     2.8247  32.412703  32.413108     1.8721   59.87566  -39.61604     4.9560         47 0.0000e+00
     108132   4505.469   2250.000   2216.907     2.8239     2.8258  32.411368  32.413312     1.8724   59.87566  -39.61604     4.9560         51 0.0000e+00
     108179   4507.430   2248.000   2214.946     2.8269     2.8268  32.413019  32.413238     1.8729   59.87566  -39.61604     4.9560         42 0.0000e+00
     108218   4509.046   2246.000   2212.986     2.8261     2.8261  32.411250  32.411529     1.8732   59.87566  -39.61604     4.9560         38 0.0000e+00
     108263   4510.932   2244.000   2211.026     2.8264     2.8266  32.410492  32.411037     1.8739   59.87566  -39.61604     4.9560         57 0.0000e+00
     108325   4513.508   2242.000   2209.066     2.8290     2.8295  32.411975  32.412643     1.8746   59.87566  -39.61604     4.9560         54 0.0000e+00
     108368   4515.301   2240.000   2207.105     2.8365     2.8361  32.418045  32.417701     1.8752   59.87566  -39.61604     4.9560         39 0.0000e+00
     108409   4516.998   2238.000   2205.145     2.8396     2.8401  32.420539  32.420990     1.8755   59.87566  -39.61604     4.9560         45 0.0000e+00
     108461   4519.170   2236.000   2203.184     2.8410     2.8412  32.421078  32.421404     1.8757   59.87566  -39.61604     4.9560         57 0.0000e+00
     108531   4522.092   2234.000   2201.224     2.8429     2.8435  32.421902  32.422843     1.8758   59.87566  -39.61604     4.9560         71 0.0000e+00
     108885   4536.841   2232.000   2199.264     2.8451     2.8451  32.422655  32.423230     1.8759   59.87565  -39.61604     4.9560        114 0.0000e+00
     122779   5115.749   2230.000   2197.303     2.8452     2.8454  32.421224  32.421894     1.8780   59.87564  -39.61604     4.9560         67 0.0000e+00
     124402   5183.382   2228.000   2195.343     2.8452     2.8454  32.420463  32.421168     1.8788   59.87565  -39.61604     4.9560         69 0.0000e+00
