Example_Files/SBE_Processing_Files/Processed_SBE_cast_files/upcasts/uar69-01_006.cnv
* Sea-Bird SBE 9 Data File:
* FileName = D:\data\ar69-01_006.hex
* Software Version Seasave V 7.26.7.107
* Temperature SN = 4491
* Conductivity SN = 3009
* Number of Bytes Per Scan = 44
* Number of Voltage Words = 5
* Number of Scans Averaged by the Deck Unit = 1
* NMEA Latitude = 53 37.21 N
* NMEA Longitude = 045 39.53 W
* NMEA UTC (Time) = Jun 26 2022  10:51:22
** Cruise ID: AR69-01
** Chief Sci:
** Station #: 006
** Site ID: Transit - acoustic release test
# nquan = 14
# nvalues = 1522                        
# units = specified
# name 0 = scan: Scan Count
# name 1 = timeS: Time, Elapsed [seconds]
# name 2 = prDM: Pressure, Digiquartz [db]
# name 3 = depSM: Depth [salt water, m]
# name 4 = t090C: Temperature [ITS-90, deg C]
# name 5 = t190C: Temperature, 2 [ITS-90, deg C]
# name 6 = c0mS/cm: Conductivity [mS/cm]
# name 7 = c1mS/cm: Conductivity, 2 [mS/cm]
# name 8 = sbeox0V: Oxygen raw, SBE 43 [V]
# name 9 = latitude: Latitude [deg]
# name 10 = longitude: Longitude [deg]
# name 11 = v7: Voltage 7
# name 12 = nbin: number of scans per bin
# name 13 = flag: flag
# span 0 =      93291,     183018       
# span 1 =   3887.103,   7625.720       
# span 2 =      6.000,   3048.000       
# span 3 =      5.946,   2999.203       
# span 4 =     2.6749,     9.1560       
# span 5 =     2.6750,     9.1426       
# span 6 =  32.415702,  36.907018       
# span 7 =  32.420019,  36.895557       
# span 8 =     1.7254,     2.9034       
# span 9 =   53.62024,   53.62268       
# span 10 =  -45.65878,  -45.65610      
# span 11 =     4.9560,     4.9567      
# span 12 =         24,        122      
# span 13 = 0.0000e+00, 0.0000e+00      
# interval = decibars: 2                
# start_time = Jun 26 2022 10:51:22 [NMEA time, first data scan]
# bad_flag = -9.990e-29
*END*
[from data line 930]
     152217   6342.347   1188.000   1174.079     3.6342     3.6333  32.665003  32.666252     2.1619   53.62191  -45.65679     4.9560         31 0.0000e+00
     152246   6343.535   1186.000   1172.108     3.6306     3.6303  32.660391  32.662006     2.1623   53.62190  -45.65678     4.9560         29 0.0000e+00
     152281   6345.011   1184.000   1170.137     3.6288     3.6284  32.657591  32.659413     2.1629   53.62192  -45.65679     4.9560         47 0.0000e+00
     152370   6348.723   1182.000   1168.166     3.6282     3.6277  32.656148  32.657432     2.1645   53.62192  -45.65678     4.9560         49 0.0000e+00
     152401   6350.008   1180.000   1166.195     3.6298     3.6292  32.656806  32.657786     2.1646   53.62192  -45.65678     4.9560         31 0.0000e+00
     152432   6351.296   1178.000   1164.224     3.6291     3.6286  32.655047  32.656533     2.1644   53.62192  -45.65678     4.9560         33 0.0000e+00
     152483   6353.431   1176.000   1162.253     3.6295     3.6285  32.654659  32.655706     2.1657   53.62192  -45.65677     4.9560         76 0.0000e+00
     152551   6356.247   1174.000   1160.282     3.6301     3.6296  32.654277  32.655434     2.1667   53.62192  -45.65676     4.9560         44 0.0000e+00
     152586   6357.689   1172.000   1158.311     3.6313     3.6309  32.654573  32.655851     2.1669   53.62192  -45.65678     4.9560         32 0.0000e+00
     152620   6359.123   1170.000   1156.339     3.6340     3.6331  32.656350  32.657301     2.1669   53.62193  -45.65677     4.9560         40 0.0000e+00
     152682   6361.704   1168.000   1154.368     3.6356     3.6346  32.657245  32.658069     2.1675   53.62193  -45.65676     4.9560         73 0.0000e+00
     152731   6363.750   1166.000   1152.397     3.6346     3.6335  32.655171  32.655979     2.1683   53.62192  -45.65676     4.9560         31 0.0000e+00
     152762   6365.052   1164.000   1150.426     3.6290     3.6294  32.648379  32.650815     2.1687   53.62193  -45.65677     4.9560         36 0.0000e+00
     152821   6367.515   1162.000   1148.455     3.6270     3.6268  32.645456  32.647186     2.1699   53.62194  -45.65676     4.9560         72 0.0000e+00
     152872   6369.616   1160.000   1146.483     3.6287     3.6284  32.646113  32.647525     2.1703   53.62194  -45.65676     4.9560         36 0.0000e+00
     152908   6371.126   1158.000   1144.512     3.6308     3.6298  32.647354  32.648120     2.1708   53.62194  -45.65676     4.9560         40 0.0000e+00
     152967   6373.565   1156.000   1142.541     3.6334     3.6331  32.649243  32.650559     2.1712   53.62194  -45.65676     4.9560         73 0.0000e+00
     153023   6375.913   1154.000   1140.569     3.6394     3.6404  32.654096  32.656611     2.1710   53.62194  -45.65676     4.9560         37 0.0000e+00
     153055   6377.266   1152.000   1138.598     3.6446     3.6438  32.658589  32.659908     2.1710   53.62194  -45.65676     4.9560         32 0.0000e+00
     153090   6378.697   1150.000   1136.627     3.6381     3.6367  32.650800  32.651841     2.1715   53.62194  -45.65676     4.9560         39 0.0000e+00
     153149   6381.147   1148.000   1134.656     3.6341     3.6328  32.645799  32.646234     2.1723   53.62194  -45.65676     4.9560         74 0.0000e+00
     153209   6383.679   1146.000   1132.684     3.6374     3.6397  32.647793  32.651467     2.1732   53.62196  -45.65676     4.9560         46 0.0000e+00
     153248   6385.303   1144.000   1130.713     3.6422     3.6413  32.651497  32.652413     2.1732   53.62195  -45.65676     4.9560         35 0.0000e+00
     153284   6386.801   1142.000   1128.741     3.6416     3.6409  32.650152  32.651210     2.1733   53.62194  -45.65676     4.9560         38 0.0000e+00
     153335   6388.921   1140.000   1126.770     3.6404     3.6399  32.648144  32.649509     2.1746   53.62195  -45.65676     4.9560         71 0.0000e+00
     153405   6391.843   1138.000   1124.799     3.6396     3.6386  32.646207  32.647038     2.1751   53.62196  -45.65676     4.9560         51 0.0000e+00
     153444   6393.461   1136.000   1122.827     3.6515     3.6503  32.657069  32.656742     2.1754   53.62196  -45.65676     4.9560         36 0.0000e+00
     153479   6394.921   1134.000   1120.856     3.6532     3.6522  32.657944  32.658564     2.1753   53.62196  -45.65676     4.9560         36 0.0000e+00
     153520   6396.624   1132.000   1118.884     3.6530     3.6528  32.656986  32.658472     2.1755   53.62196  -45.65676     4.9560         48 0.0000e+00
     153576   6398.975   1130.000   1116.913     3.6556     3.6547  32.658486  32.659403     2.1756   53.62196  -45.65676     4.9560         61 0.0000e+00
     153631   6401.266   1128.000   1114.941     3.6593     3.6593  32.661240  32.662664     2.1756   53.62196  -45.65676     4.9560         48 0.0000e+00
     153676   6403.144   1126.000   1112.970     3.6658     3.6648  32.666834  32.667265     2.1756   53.62196  -45.65676     4.9560         43 0.0000e+00
     153719   6404.908   1124.000   1110.998     3.6695     3.6682  32.669695  32.669777     2.1752   53.62196  -45.65676     4.9560         42 0.0000e+00
     153761   6406.685   1122.000   1109.027     3.6718     3.6706  32.671124  32.671574     2.1751   53.62196  -45.65676     4.9560         44 0.0000e+00
     153812   6408.796   1120.000   1107.055     3.6727     3.6717  32.671168  32.671913     2.1754   53.62196  -45.65676     4.9560         60 0.0000e+00
     153871   6411.268   1118.000   1105.083     3.6749     3.6741  32.672283  32.673261     2.1755   53.62197  -45.65674     4.9560         52 0.0000e+00
     153916   6413.131   1116.000   1103.112     3.6779     3.6770  32.674521  32.675302     2.1755   53.62197  -45.65675     4.9560         41 0.0000e+00
     153958   6414.894   1114.000   1101.140     3.6789     3.6780  32.674713  32.675655     2.1754   53.62196  -45.65676     4.9560         43 0.0000e+00
     153998   6416.553   1112.000   1099.168     3.6810     3.6805  32.675802  32.676941     2.1754   53.62196  -45.65676     4.9560         37 0.0000e+00
     154048   6418.640   1110.000   1097.196     3.6855     3.6846  32.679675  32.680504     2.1754   53.62197  -45.65674     4.9560         63 0.0000e+00
     154122   6421.703   1108.000   1095.225     3.6879     3.6864  32.681048  32.681300     2.1751   53.62198  -45.65674     4.9560         38 0.0000e+00
     154150   6422.859   1106.000   1093.253     3.6934     3.6922  32.685965  32.686120     2.1745   53.62196  -45.65676     4.9560         26 0.0000e+00
     154177   6423.999   1104.000   1091.281     3.6960     3.6950  32.687588  32.688332     2.1747   53.62197  -45.65675     4.9560         30 0.0000e+00
     154239   6426.603   1102.000   1089.310     3.6966     3.6956  32.687414  32.688317     2.1752   53.62198  -45.65674     4.9560         57 0.0000e+00
     154302   6429.193   1100.000   1087.338     3.6962     3.6955  32.685814  32.687254     2.1763   53.62198  -45.65674     4.9560         35 0.0000e+00
     154338   6430.703   1098.000   1085.366     3.6915     3.6913  32.680206  32.681972     2.1768   53.62198  -45.65674     4.9560         39 0.0000e+00
     154380   6432.456   1096.000   1083.394     3.6901     3.6902  32.677643  32.679791     2.1776   53.62198  -45.65673     4.9560         44 0.0000e+00
     154431   6434.571   1094.000   1081.422     3.6892     3.6891  32.675846  32.677850     2.1783   53.62198  -45.65673     4.9560         61 0.0000e+00
     154492   6437.131   1092.000   1079.451     3.6894     3.6889  32.675057  32.676439     2.1787   53.62198  -45.65673     4.9560         50 0.0000e+00
     154530   6438.717   1090.000   1077.479     3.6909     3.6903  32.675597  32.676691     2.1793   53.62198  -45.65672     4.9560         34 0.0000e+00
     154567   6440.255   1088.000   1075.507     3.6916     3.6909  32.675449  32.676608     2.1798   53.62199  -45.65672     4.9560         43 0.0000e+00
     154622   6442.554   1086.000   1073.535     3.6919     3.6911  32.674777  32.675884     2.1801   53.62200  -45.65672     4.9560         59 0.0000e+00
     154670   6444.524   1084.000   1071.563     3.6935     3.6928  32.675323  32.676394     2.1801   53.62200  -45.65672     4.9560         39 0.0000e+00
     154714   6446.381   1082.000   1069.591     3.6947     3.6942  32.675606  32.677019     2.1805   53.62200  -45.65672     4.9560         57 0.0000e+00
     154774   6448.855   1080.000   1067.619     3.6959     3.6956  32.675892  32.677322     2.1810   53.62200  -45.65672     4.9560         49 0.0000e+00
     154813   6450.498   1078.000   1065.647     3.6993     3.6985  32.678215  32.679174     2.1814   53.62200  -45.65672     4.9560         38 0.0000e+00
     154859   6452.435   1076.000   1063.675     3.7010     3.6999  32.679117  32.679793     2.1816   53.62200  -45.65671     4.9560         56 0.0000e+00
     154913   6454.655   1074.000   1061.703     3.7019     3.7011  32.679083  32.680154     2.1821   53.62200  -45.65670     4.9560         48 0.0000e+00
     154959   6456.575   1072.000   1059.731     3.7042     3.7033  32.680463  32.681158     2.1825   53.62200  -45.65670     4.9560         43 0.0000e+00
     154999   6458.231   1070.000   1057.759     3.7059     3.7052  32.681102  32.682183     2.1827   53.62200  -45.65670     4.9560         39 0.0000e+00
     155049   6460.341   1068.000   1055.787     3.7063     3.7055  32.680735  32.681780     2.1833   53.62200  -45.65670     4.9560         64 0.0000e+00
     155107   6462.769   1066.000   1053.815     3.7095     3.7086  32.682991  32.683683     2.1836   53.62200  -45.65670     4.9560         46 0.0000e+00
     155148   6464.459   1064.000   1051.842     3.7184     3.7178  32.691062  32.691344     2.1832   53.62200  -45.65670     4.9560         38 0.0000e+00
     155187   6466.065   1062.000   1049.870     3.7243     3.7225  32.696055  32.695792     2.1827   53.62200  -45.65670     4.9560         42 0.0000e+00
     155236   6468.117   1060.000   1047.898     3.7270     3.7248  32.697757  32.697666     2.1824   53.62201  -45.65670     4.9560         57 0.0000e+00
     155293   6470.508   1058.000   1045.926     3.7336     3.7311  32.703343  32.702368     2.1824   53.62202  -45.65668     4.9560         53 0.0000e+00
     155343   6472.587   1056.000   1043.954     3.7383     3.7367  32.707401  32.707377     2.1820   53.62202  -45.65669     4.9560         50 0.0000e+00
     155391   6474.579   1054.000   1041.981     3.7455     3.7429  32.713694  32.712564     2.1809   53.62202  -45.65670     4.9560         43 0.0000e+00
     155430   6476.203   1052.000   1040.009     3.7540     3.7524  32.721545  32.721267     2.1802   53.62202  -45.65668     4.9560         38 0.0000e+00
     155472   6477.950   1050.000   1038.037     3.7585     3.7552  32.725170  32.723393     2.1804   53.62202  -45.65668     4.9560         48 0.0000e+00
     155527   6480.236   1048.000   1036.065     3.7601     3.7568  32.725790  32.724317     2.1805   53.62202  -45.65668     4.9560         57 0.0000e+00
     155578   6482.370   1046.000   1034.092     3.7656     3.7637  32.730439  32.729933     2.1804   53.62202  -45.65668     4.9560         47 0.0000e+00
     155624   6484.307   1044.000   1032.120     3.7698     3.7679  32.733655  32.733406     2.1805   53.62202  -45.65668     4.9560         45 0.0000e+00
     155666   6486.062   1042.000   1030.148     3.7726     3.7713  32.735567  32.735836     2.1800   53.62202  -45.65668     4.9560         39 0.0000e+00
     155708   6487.783   1040.000   1028.175     3.7743     3.7725  32.736385  32.736504     2.1794   53.62202  -45.65668     4.9560         49 0.0000e+00
     155766   6490.198   1038.000   1026.203     3.7749     3.7734  32.736017  32.736548     2.1804   53.62202  -45.65668     4.9560         59 0.0000e+00
     155818   6492.372   1036.000   1024.231     3.7770     3.7756  32.737168  32.737535     2.1805   53.62202  -45.65668     4.9560         48 0.0000e+00
     155863   6494.254   1034.000   1022.258     3.7801     3.7785  32.739150  32.739543     2.1805   53.62202  -45.65667     4.9560         42 0.0000e+00
     155904   6495.957   1032.000   1020.286     3.7817     3.7806  32.739955  32.740684     2.1810   53.62202  -45.65668     4.9560         43 0.0000e+00
     155951   6497.913   1030.000   1018.313     3.7833     3.7817  32.740361  32.740799     2.1813   53.62202  -45.65668     4.9560         48 0.0000e+00
     155998   6499.896   1028.000   1016.341     3.7833     3.7826  32.739577  32.740654     2.1820   53.62202  -45.65668     4.9560         49 0.0000e+00
     156051   6502.082   1026.000   1014.368     3.7839     3.7831  32.738978  32.740082     2.1826   53.62202  -45.65666     4.9560         53 0.0000e+00
     156099   6504.098   1024.000   1012.396     3.7839     3.7832  32.737967  32.739214     2.1837   53.62202  -45.65666     4.9560         45 0.0000e+00
     156143   6505.919   1022.000   1010.423     3.7856     3.7845  32.738595  32.739324     2.1836   53.62202  -45.65668     4.9560         42 0.0000e+00
     156185   6507.656   1020.000   1008.451     3.7868     3.7857  32.738947  32.739682     2.1834   53.62202  -45.65667     4.9560         42 0.0000e+00
     156234   6509.712   1018.000   1006.478     3.7874     3.7860  32.738424  32.739108     2.1840   53.62203  -45.65666     4.9560         56 0.0000e+00
     156291   6512.092   1016.000   1004.506     3.7875     3.7861  32.737717  32.738367     2.1852   53.62204  -45.65666     4.9560         58 0.0000e+00
     156345   6514.334   1014.000   1002.533     3.7880     3.7873  32.737098  32.738165     2.1856   53.62203  -45.65666     4.9560         44 0.0000e+00
     156382   6515.874   1012.000   1000.561     3.7888     3.7879  32.736748  32.737774     2.1856   53.62202  -45.65667     4.9560         35 0.0000e+00
     156420   6517.443   1010.000    998.588     3.7888     3.7881  32.735849  32.737014     2.1863   53.62203  -45.65668     4.9560         44 0.0000e+00
     156480   6519.957   1008.000    996.615     3.7891     3.7880  32.735283  32.736242     2.1874   53.62204  -45.65666     4.9560         67 0.0000e+00
     156532   6522.105   1006.000    994.642     3.7905     3.7897  32.735646  32.736645     2.1880   53.62204  -45.65666     4.9560         40 0.0000e+00
     156567   6523.595   1004.000    992.670     3.7907     3.7901  32.734641  32.735863     2.1881   53.62203  -45.65668     4.9560         34 0.0000e+00
     156607   6525.237   1002.000    990.697     3.7908     3.7901  32.733809  32.735040     2.1888   53.62204  -45.65668     4.9560         49 0.0000e+00
     156673   6528.006   1000.000    988.724     3.7917     3.7904  32.733700  32.734427     2.1898   53.62204  -45.65666     4.9560         71 0.0000e+00
     156724   6530.108    998.000    986.752     3.7930     3.7921  32.733971  32.734764     2.1900   53.62204  -45.65668     4.9560         36 0.0000e+00
     156758   6531.540    996.000    984.779     3.7934     3.7927  32.733345  32.734640     2.1905   53.62204  -45.65668     4.9560         36 0.0000e+00
     156807   6533.565    994.000    982.806     3.7928     3.7922  32.731837  32.733267     2.1909   53.62204  -45.65666     4.9560         66 0.0000e+00
     156867   6536.099    992.000    980.833     3.7924     3.7918  32.730367  32.731869     2.1915   53.62204  -45.65667     4.9560         44 0.0000e+00
     156904   6537.636    990.000    978.860     3.7947     3.7940  32.731793  32.732860     2.1915   53.62204  -45.65668     4.9560         36 0.0000e+00
     156946   6539.379    988.000    976.887     3.7953     3.7942  32.731571  32.732378     2.1923   53.62204  -45.65666     4.9560         50 0.0000e+00
     157000   6541.631    986.000    974.915     3.7960     3.7952  32.731306  32.732315     2.1933   53.62204  -45.65667     4.9560         53 0.0000e+00
