Example_Files/SBE_Processing_Files/Processed_SBE_cast_files/upcasts/uar69-01_013.cnv
* Sea-Bird SBE 9 Data File:
* FileName = D:\data\ar69-01_013.hex
* Software Version Seasave V 7.26.7.107
* Temperature SN = 4491
* Conductivity SN = 3009
* Number of Bytes Per Scan = 44
* Number of Voltage Words = 5
* Number of Scans Averaged by the Deck Unit = 1
* NMEA Latitude = 59 58.35 N
* NMEA Longitude = 039 30.42 W
* NMEA UTC (Time) = Jul 01 2022  16:41:48
** Cruise ID: AR69-01
** Chief Sci:
** Station #: 013
** Site ID: Irminger HYPM
# nquan = 14
# nvalues = 1318                        
# units = specified
# name 0 = scan: Scan Count
# name 1 = timeS: Time, Elapsed [seconds]
# name 2 = prDM: Pressure, Digiquartz [db]
# name 3 = depSM: Depth [salt water, m]
# name 4 = t090C: Temperature [ITS-90, deg C]
# name 5 = t190C: Temperature, 2 [ITS-90, deg C]
# name 6 = c0mS/cm: Conductivity [mS/cm]
# name 7 = c1mS/cm: Conductivity, 2 [mS/cm]
# name 8 = sbeox0V: Oxygen raw, SBE 43 [V]
# name 9 = latitude: Latitude [deg]
# name 10 = longitude: Longitude [deg]
# name 11 = v7: Voltage 7
# name 12 = nbin: number of scans per bin
# name 13 = flag: flag
# span 0 =      72276,     153763       
# span 1 =   3011.454,   6406.747       
# span 2 =      6.000,   2640.000       
# span 3 =      5.943,   2598.791       
# span 4 =     1.6169,     7.0695       
# span 5 =     1.6169,     7.0681       
# span 6 =  31.461446,  35.140655       
# span 7 =  31.462020,  35.142066       
# span 8 =     1.8567,     2.8376       
# span 9 =   59.97241,   59.97304       
# span 10 =  -39.50760,  -39.50674      
# span 11 =     4.9560,     4.9568      
# span 12 =         24,        119      
# span 13 = 0.0000e+00, 0.0000e+00      
# interval = decibars: 2                
# start_time = Jul 01 2022 16:41:48 [NMEA time, first data scan]
# bad_flag = -9.990e-29
*END*
[from data line 620]
     107642   4485.036   1400.000   1382.158     3.4640     3.4637  32.608859  32.610016     2.1035   59.97296  -39.50750     4.9560         34 0.0000e+00
     107704   4487.620   1398.000   1380.189     3.4644     3.4636  32.608305  32.609010     2.1044   59.97296  -39.50751     4.9560         62 0.0000e+00
     107769   4490.327   1396.000   1378.222     3.4653     3.4647  32.608136  32.608866     2.1056   59.97296  -39.50752     4.9560         38 0.0000e+00
     107804   4491.803   1394.000   1376.253     3.4661     3.4656  32.607958  32.608756     2.1064   59.97296  -39.50750     4.9560         33 0.0000e+00
     107837   4493.158   1392.000   1374.285     3.4661     3.4656  32.607063  32.607975     2.1071   59.97296  -39.50750     4.9560         33 0.0000e+00
     107887   4495.242   1390.000   1372.317     3.4660     3.4655  32.606136  32.607047     2.1080   59.97296  -39.50752     4.9560         69 0.0000e+00
     107963   4498.427   1388.000   1370.349     3.4663     3.4658  32.605478  32.606256     2.1089   59.97296  -39.50752     4.9560         45 0.0000e+00
     107997   4499.819   1386.000   1368.381     3.4658     3.4654  32.603976  32.604883     2.1090   59.97296  -39.50752     4.9560         31 0.0000e+00
     108026   4501.022   1384.000   1366.413     3.4649     3.4646  32.601846  32.603000     2.1094   59.97296  -39.50752     4.9560         29 0.0000e+00
     108075   4503.095   1382.000   1364.445     3.4641     3.4640  32.600204  32.601423     2.1106   59.97296  -39.50754     4.9560         59 0.0000e+00
     108151   4506.243   1380.000   1362.477     3.4640     3.4638  32.599053  32.600037     2.1122   59.97296  -39.50753     4.9560         39 0.0000e+00
     108183   4507.602   1378.000   1360.509     3.4638     3.4635  32.597874  32.598963     2.1128   59.97296  -39.50754     4.9560         33 0.0000e+00
     108218   4509.054   1376.000   1358.541     3.4639     3.4635  32.596971  32.598055     2.1134   59.97296  -39.50755     4.9560         39 0.0000e+00
     108275   4511.405   1374.000   1356.572     3.4635     3.4632  32.595652  32.596868     2.1148   59.97296  -39.50755     4.9560         70 0.0000e+00
     108331   4513.762   1372.000   1354.604     3.4623     3.4621  32.593408  32.594642     2.1156   59.97296  -39.50754     4.9560         42 0.0000e+00
     108372   4515.462   1370.000   1352.636     3.4607     3.4603  32.590713  32.591667     2.1164   59.97296  -39.50755     4.9560         42 0.0000e+00
     108417   4517.316   1368.000   1350.668     3.4602     3.4599  32.589309  32.590454     2.1175   59.97296  -39.50756     4.9560         47 0.0000e+00
     108464   4519.275   1366.000   1348.699     3.4599     3.4596  32.588081  32.589121     2.1183   59.97296  -39.50756     4.9560         46 0.0000e+00
     108512   4521.271   1364.000   1346.731     3.4594     3.4590  32.586595  32.587642     2.1188   59.97296  -39.50756     4.9560         49 0.0000e+00
     108559   4523.254   1362.000   1344.763     3.4586     3.4582  32.584882  32.585876     2.1198   59.97296  -39.50757     4.9560         47 0.0000e+00
     108610   4525.386   1360.000   1342.794     3.4577     3.4575  32.583090  32.584193     2.1205   59.97296  -39.50756     4.9560         55 0.0000e+00
     108660   4527.454   1358.000   1340.826     3.4568     3.4562  32.581094  32.581924     2.1212   59.97296  -39.50756     4.9560         43 0.0000e+00
     108702   4529.226   1356.000   1338.858     3.4557     3.4555  32.578979  32.580235     2.1220   59.97296  -39.50756     4.9560         45 0.0000e+00
     108752   4531.291   1354.000   1336.889     3.4550     3.4546  32.577398  32.578307     2.1232   59.97296  -39.50756     4.9560         53 0.0000e+00
     108804   4533.450   1352.000   1334.921     3.4548     3.4544  32.576152  32.577145     2.1239   59.97296  -39.50757     4.9560         50 0.0000e+00
     108850   4535.385   1350.000   1332.953     3.4546     3.4542  32.575043  32.576068     2.1247   59.97296  -39.50758     4.9560         42 0.0000e+00
     108891   4537.089   1348.000   1330.984     3.4541     3.4538  32.573676  32.574761     2.1255   59.97296  -39.50757     4.9562         42 0.0000e+00
     108941   4539.162   1346.000   1329.016     3.4532     3.4531  32.571756  32.573113     2.1262   59.97296  -39.50758     4.9562         59 0.0000e+00
     108996   4541.461   1344.000   1327.047     3.4523     3.4519  32.569859  32.570901     2.1275   59.97296  -39.50758     4.9562         46 0.0000e+00
     109037   4543.179   1342.000   1325.079     3.4507     3.4503  32.567127  32.568304     2.1280   59.97296  -39.50758     4.9560         40 0.0000e+00
     109078   4544.890   1340.000   1323.110     3.4496     3.4492  32.565028  32.566052     2.1289   59.97296  -39.50758     4.9560         43 0.0000e+00
     109131   4547.071   1338.000   1321.142     3.4482     3.4481  32.562769  32.564116     2.1302   59.97296  -39.50758     4.9560         66 0.0000e+00
     109196   4549.783   1336.000   1319.173     3.4478     3.4484  32.561248  32.563357     2.1316   59.97298  -39.50758     4.9560         49 0.0000e+00
     109232   4551.295   1334.000   1317.205     3.4479     3.4475  32.560343  32.561329     2.1323   59.97298  -39.50758     4.9560         32 0.0000e+00
     109266   4552.727   1332.000   1315.236     3.4479     3.4475  32.559407  32.560476     2.1326   59.97296  -39.50758     4.9560         41 0.0000e+00
     109322   4555.049   1330.000   1313.267     3.4481     3.4474  32.558764  32.559593     2.1333   59.97296  -39.50758     4.9563         65 0.0000e+00
     109379   4557.400   1328.000   1311.299     3.4479     3.4475  32.557694  32.558680     2.1344   59.97298  -39.50758     4.9563         49 0.0000e+00
     109424   4559.297   1326.000   1309.330     3.4457     3.4450  32.554463  32.555248     2.1358   59.97298  -39.50758     4.9560         42 0.0000e+00
     109464   4560.944   1324.000   1307.362     3.4435     3.4431  32.551027  32.552195     2.1364   59.97298  -39.50758     4.9560         39 0.0000e+00
     109504   4562.632   1322.000   1305.393     3.4426     3.4421  32.549261  32.550113     2.1373   59.97298  -39.50758     4.9560         43 0.0000e+00
     109555   4564.737   1320.000   1303.424     3.4421     3.4417  32.547748  32.548887     2.1386   59.97298  -39.50758     4.9560         60 0.0000e+00
     109615   4567.256   1318.000   1301.455     3.4429     3.4429  32.547650  32.549131     2.1397   59.97298  -39.50760     4.9560         53 0.0000e+00
     109660   4569.113   1316.000   1299.487     3.4444     3.4440  32.548291  32.549021     2.1401   59.97298  -39.50758     4.9560         39 0.0000e+00
     109698   4570.711   1314.000   1297.518     3.4444     3.4440  32.547259  32.548192     2.1405   59.97298  -39.50757     4.9560         40 0.0000e+00
     109749   4572.838   1312.000   1295.549     3.4441     3.4436  32.546074  32.547104     2.1414   59.97298  -39.50758     4.9560         68 0.0000e+00
     109813   4575.480   1310.000   1293.580     3.4441     3.4438  32.545137  32.546152     2.1426   59.97298  -39.50757     4.9560         45 0.0000e+00
     109848   4576.966   1308.000   1291.612     3.4434     3.4431  32.543487  32.544649     2.1434   59.97300  -39.50755     4.9560         33 0.0000e+00
     109883   4578.420   1306.000   1289.643     3.4428     3.4426  32.541845  32.542979     2.1438   59.97300  -39.50755     4.9560         39 0.0000e+00
     109936   4580.633   1304.000   1287.674     3.4424     3.4424  32.540530  32.541929     2.1444   59.97300  -39.50756     4.9560         68 0.0000e+00
     109999   4583.255   1302.000   1285.705     3.4425     3.4423  32.539627  32.540703     2.1450   59.97300  -39.50754     4.9560         49 0.0000e+00
     110040   4584.953   1300.000   1283.736     3.4426     3.4423  32.538657  32.539708     2.1457   59.97300  -39.50754     4.9560         38 0.0000e+00
     110078   4586.559   1298.000   1281.767     3.4418     3.4415  32.536945  32.538088     2.1464   59.97300  -39.50754     4.9560         41 0.0000e+00
     110125   4588.488   1296.000   1279.798     3.4404     3.4405  32.534409  32.536167     2.1474   59.97301  -39.50753     4.9560         53 0.0000e+00
     110183   4590.915   1294.000   1277.829     3.4380     3.4393  32.531171  32.533934     2.1486   59.97302  -39.50752     4.9560         58 0.0000e+00
     110234   4593.053   1292.000   1275.860     3.4370     3.4364  32.529054  32.529961     2.1499   59.97302  -39.50752     4.9563         46 0.0000e+00
     110279   4594.905   1290.000   1273.891     3.4353     3.4350  32.526410  32.527559     2.1509   59.97302  -39.50752     4.9563         44 0.0000e+00
     110321   4596.663   1288.000   1271.922     3.4332     3.4328  32.523073  32.524340     2.1518   59.97302  -39.50750     4.9560         42 0.0000e+00
     110372   4598.805   1286.000   1269.953     3.4324     3.4325  32.521339  32.522994     2.1531   59.97302  -39.50752     4.9560         62 0.0000e+00
     110427   4601.073   1284.000   1267.985     3.4322     3.4325  32.520086  32.521851     2.1538   59.97304  -39.50752     4.9560         40 0.0000e+00
     110460   4602.464   1282.000   1266.015     3.4324     3.4320  32.519220  32.520347     2.1540   59.97304  -39.50750     4.9560         32 0.0000e+00
     110497   4603.993   1280.000   1264.046     3.4315     3.4314  32.517454  32.518867     2.1547   59.97302  -39.50750     4.9560         46 0.0000e+00
     110569   4606.980   1278.000   1262.077     3.4311     3.4308  32.516322  32.517372     2.1563   59.97303  -39.50752     4.9560         79 0.0000e+00
     110621   4609.174   1276.000   1260.108     3.4305     3.4302  32.514673  32.515783     2.1572   59.97304  -39.50750     4.9560         35 0.0000e+00
     110651   4610.416   1274.000   1258.139     3.4294     3.4291  32.512558  32.513863     2.1580   59.97304  -39.50750     4.9560         29 0.0000e+00
     110695   4612.235   1272.000   1256.170     3.4278     3.4278  32.510223  32.511585     2.1589   59.97302  -39.50751     4.9560         54 0.0000e+00
     110770   4615.359   1270.000   1254.201     3.4274     3.4274  32.508706  32.510090     2.1600   59.97304  -39.50750     4.9560         39 0.0000e+00
     110799   4616.578   1268.000   1252.231     3.4255     3.4255  32.505913  32.507376     2.1604   59.97304  -39.50750     4.9560         29 0.0000e+00
     110830   4617.868   1266.000   1250.262     3.4250     3.4247  32.504496  32.505638     2.1607   59.97303  -39.50750     4.9560         36 0.0000e+00
     110899   4620.741   1264.000   1248.293     3.4245     3.4242  32.503281  32.504403     2.1618   59.97303  -39.50750     4.9560         82 0.0000e+00
     110961   4623.329   1262.000   1246.324     3.4241     3.4238  32.501802  32.502988     2.1630   59.97304  -39.50748     4.9560         32 0.0000e+00
     110987   4624.397   1260.000   1244.355     3.4215     3.4214  32.498135  32.499632     2.1633   59.97304  -39.50750     4.9560         24 0.0000e+00
     111012   4625.448   1258.000   1242.385     3.4213     3.4210  32.497014  32.498209     2.1637   59.97304  -39.50750     4.9560         28 0.0000e+00
     111082   4628.360   1256.000   1240.416     3.4210     3.4207  32.495937  32.497035     2.1648   59.97302  -39.50749     4.9560         53 0.0000e+00
     111145   4630.999   1254.000   1238.447     3.4211     3.4208  32.494981  32.496062     2.1654   59.97304  -39.50748     4.9560         31 0.0000e+00
     111175   4632.248   1252.000   1236.478     3.4212     3.4210  32.494200  32.495296     2.1660   59.97303  -39.50749     4.9560         31 0.0000e+00
     111212   4633.773   1250.000   1234.508     3.4218     3.4211  32.493959  32.494678     2.1663   59.97302  -39.50750     4.9560         48 0.0000e+00
     111282   4636.727   1248.000   1232.539     3.4223     3.4217  32.493471  32.494337     2.1673   59.97302  -39.50749     4.9560         68 0.0000e+00
     111324   4638.461   1246.000   1230.570     3.4160     3.4172  32.485751  32.488936     2.1689   59.97302  -39.50750     4.9560         33 0.0000e+00
     111356   4639.805   1244.000   1228.600     3.4135     3.4135  32.482114  32.483933     2.1696   59.97302  -39.50750     4.9560         35 0.0000e+00
     111407   4641.922   1242.000   1226.630     3.4119     3.4127  32.479743  32.482060     2.1710   59.97302  -39.50751     4.9562         68 0.0000e+00
     111465   4644.319   1240.000   1224.661     3.4120     3.4120  32.478759  32.480176     2.1725   59.97302  -39.50750     4.9564         43 0.0000e+00
     111506   4646.039   1238.000   1222.692     3.4132     3.4129  32.479119  32.480086     2.1732   59.97302  -39.50751     4.9562         42 0.0000e+00
     111550   4647.891   1236.000   1220.722     3.4131     3.4125  32.478049  32.478959     2.1739   59.97300  -39.50752     4.9564         49 0.0000e+00
     111605   4650.147   1234.000   1218.753     3.4121     3.4120  32.475978  32.477369     2.1746   59.97300  -39.50752     4.9562         52 0.0000e+00
     111649   4651.983   1232.000   1216.783     3.4114     3.4111  32.474363  32.475513     2.1748   59.97300  -39.50752     4.9563         40 0.0000e+00
     111692   4653.796   1230.000   1214.814     3.4118     3.4115  32.473791  32.474961     2.1751   59.97300  -39.50753     4.9563         49 0.0000e+00
     111745   4656.019   1228.000   1212.844     3.4136     3.4125  32.474627  32.475099     2.1758   59.97300  -39.50754     4.9564         55 0.0000e+00
     111795   4658.072   1226.000   1210.875     3.4139     3.4133  32.474020  32.474979     2.1764   59.97300  -39.50754     4.9562         43 0.0000e+00
     111836   4659.790   1224.000   1208.905     3.4126     3.4121  32.471896  32.472963     2.1769   59.97300  -39.50755     4.9560         42 0.0000e+00
     111889   4661.982   1222.000   1206.935     3.4133     3.4116  32.471590  32.471547     2.1771   59.97299  -39.50756     4.9560         64 0.0000e+00
     111961   4665.001   1220.000   1204.966     3.4154     3.4144  32.472990  32.473369     2.1771   59.97299  -39.50755     4.9560         64 0.0000e+00
     112480   4686.636   1218.000   1202.996     3.4093     3.4082  32.465809  32.465938     2.1793   59.97297  -39.50755     4.9561        119 0.0000e+00
     114081   4753.321   1216.000   1201.026     3.4027     3.4025  32.457934  32.459058     2.1825   59.97298  -39.50743     4.9560         51 0.0000e+00
     114088   4753.632   1214.000   1199.057     3.4045     3.4038  32.459039  32.459735     2.1829   59.97298  -39.50744     4.9560         78 0.0000e+00
     114152   4756.310   1212.000   1197.087     3.4067     3.4059  32.460298  32.460755     2.1825   59.97297  -39.50744     4.9560         40 0.0000e+00
     114188   4757.790   1210.000   1195.117     3.4081     3.4078  32.460833  32.461880     2.1825   59.97296  -39.50744     4.9560         36 0.0000e+00
     114231   4759.599   1208.000   1193.148     3.4089     3.4085  32.460854  32.461817     2.1829   59.97296  -39.50745     4.9560         54 0.0000e+00
     114292   4762.113   1206.000   1191.178     3.4044     3.4058  32.455375  32.458406     2.1843   59.97296  -39.50746     4.9560         57 0.0000e+00
     114337   4764.009   1204.000   1189.208     3.4009     3.4002  32.450733  32.451811     2.1856   59.97296  -39.50746     4.9560         38 0.0000e+00
     114373   4765.501   1202.000   1187.238     3.3984     3.3985  32.447231  32.448803     2.1864   59.97296  -39.50746     4.9560         35 0.0000e+00
     114411   4767.090   1200.000   1185.269     3.3992     3.3991  32.447219  32.448502     2.1868   59.97295  -39.50748     4.9560         48 0.0000e+00
     114493   4770.498   1198.000   1183.299     3.3996     3.3994  32.446660  32.447864     2.1883   59.97294  -39.50748     4.9560         52 0.0000e+00
