Example_Files/SBE_Processing_Files/Processed_SBE_cast_files/upcasts/uar69-01_008.cnv
* Sea-Bird SBE 9 Data File:
* FileName = D:\data\ar69-01_008.hex
* Software Version Seasave V 7.26.7.107
* Temperature SN = 4491
* Conductivity SN = 3009
* Number of Bytes Per Scan = 44
* Number of Voltage Words = 5
* Number of Scans Averaged by the Deck Unit = 1
* NMEA Latitude = 55 58.83 N
* NMEA Longitude = 043 11.33 W
* NMEA UTC (Time) = Jun 27 2022  11:04:26
** Cruise ID: AR69-01
** Chief Sci:
** Station #: 008
** Site ID: Transit - cal. dip (microcats)
# nquan = 14
# nvalues = 1523                        
# units = specified
# name 0 = scan: Scan Count
# name 1 = timeS: Time, Elapsed [seconds]
# name 2 = prDM: Pressure, Digiquartz [db]
# name 3 = depSM: Depth [salt water, m]
# name 4 = t090C: Temperature [ITS-90, deg C]
# name 5 = t190C: Temperature, 2 [ITS-90, deg C]
# name 6 = c0mS/cm: Conductivity [mS/cm]
# name 7 = c1mS/cm: Conductivity, 2 [mS/cm]
# name 8 = sbeox0V: Oxygen raw, SBE 43 [V]
# name 9 = latitude: Latitude [deg]
# name 10 = longitude: Longitude [deg]
# name 11 = v7: Voltage 7
# name 12 = nbin: number of scans per bin
# name 13 = flag: flag
# span 0 =      89219,     219043       
# span 1 =   3717.426,   9126.768       
# span 2 =      6.000,   3050.000       
# span 3 =      5.945,   3000.541       
# span 4 =     2.6982,     5.8557       
# span 5 =     2.6986,     5.8568       
# span 6 =  31.819190,  33.962844       
# span 7 =  31.820500,  33.966040       
# span 8 =     1.7237,     2.8231       
# span 9 =   55.98069,   55.98086       
# span 10 =  -43.18522,  -43.18264      
# span 11 =     4.9560,     4.9561      
# span 12 =         18,        140      
# span 13 = 0.0000e+00, 0.0000e+00      
# interval = decibars: 2                
# start_time = Jun 27 2022 11:04:26 [NMEA time, first data scan]
# bad_flag = -9.990e-29
*END*
[from data line 1342]
     207421   8642.498    366.000    362.349     3.3915     3.3909  32.038039  32.039290     2.4814   55.98082  -43.18337     4.9560         29 0.0000e+00
     207453   8643.814    364.000    360.371     3.3922     3.3920  32.037879  32.039474     2.4817   55.98082  -43.18336     4.9560         36 0.0000e+00
     207505   8646.000    362.000    358.393     3.3938     3.3931  32.038631  32.039797     2.4822   55.98082  -43.18338     4.9560         74 0.0000e+00
     207581   8649.170    360.000    356.414     3.3946     3.3935  32.038249  32.039096     2.4823   55.98082  -43.18338     4.9560         59 0.0000e+00
     207622   8650.855    358.000    354.436     3.3959     3.3950  32.038013  32.039086     2.4819   55.98082  -43.18338     4.9560         33 0.0000e+00
     207652   8652.144    356.000    352.458     3.3963     3.3955  32.037320  32.038433     2.4815   55.98082  -43.18338     4.9560         31 0.0000e+00
     207690   8653.701    354.000    350.479     3.3972     3.3961  32.037343  32.038389     2.4808   55.98082  -43.18338     4.9560         48 0.0000e+00
     207763   8656.763    352.000    348.501     3.3983     3.3970  32.037471  32.038300     2.4801   55.98082  -43.18338     4.9560         84 0.0000e+00
     207819   8659.102    350.000    346.522     3.4032     3.4007  32.040931  32.040236     2.4801   55.98082  -43.18338     4.9560         33 0.0000e+00
     207847   8660.268    348.000    344.544     3.4053     3.4039  32.041888  32.042519     2.4810   55.98082  -43.18338     4.9560         28 0.0000e+00
     207880   8661.629    346.000    342.565     3.4043     3.4033  32.040017  32.041114     2.4818   55.98082  -43.18338     4.9560         42 0.0000e+00
     207948   8664.444    344.000    340.587     3.4031     3.4027  32.037910  32.039588     2.4836   55.98082  -43.18339     4.9560         82 0.0000e+00
     208009   8666.988    342.000    338.608     3.4040     3.4034  32.037489  32.038793     2.4845   55.98082  -43.18338     4.9560         43 0.0000e+00
     208048   8668.604    340.000    336.630     3.4114     3.4105  32.043483  32.044088     2.4854   55.98082  -43.18338     4.9560         38 0.0000e+00
     208084   8670.144    338.000    334.651     3.4154     3.4148  32.046551  32.047529     2.4860   55.98082  -43.18339     4.9560         35 0.0000e+00
     208118   8671.551    336.000    332.673     3.4189     3.4177  32.048851  32.049292     2.4858   55.98082  -43.18340     4.9560         34 0.0000e+00
     208178   8674.045    334.000    330.694     3.4216     3.4201  32.050453  32.050997     2.4856   55.98082  -43.18339     4.9560         68 0.0000e+00
     208250   8677.023    332.000    328.715     3.4243     3.4229  32.052014  32.052450     2.4841   55.98082  -43.18338     4.9560         40 0.0000e+00
     208286   8678.522    330.000    326.737     3.4269     3.4255  32.053475  32.054166     2.4850   55.98082  -43.18339     4.9560         38 0.0000e+00
     208327   8680.250    328.000    324.758     3.4234     3.4229  32.048977  32.050847     2.4857   55.98082  -43.18340     4.9560         42 0.0000e+00
     208366   8681.887    326.000    322.780     3.4221     3.4217  32.046224  32.047987     2.4861   55.98082  -43.18340     4.9560         37 0.0000e+00
     208410   8683.725    324.000    320.801     3.4225     3.4215  32.045602  32.046728     2.4871   55.98082  -43.18340     4.9560         61 0.0000e+00
     208489   8686.998    322.000    318.822     3.4228     3.4220  32.044785  32.046151     2.4882   55.98082  -43.18340     4.9560         68 0.0000e+00
     208529   8688.681    320.000    316.843     3.4214     3.4209  32.042122  32.043737     2.4881   55.98082  -43.18340     4.9560         31 0.0000e+00
     208560   8689.955    318.000    314.864     3.4200     3.4190  32.039669  32.040791     2.4880   55.98082  -43.18340     4.9560         32 0.0000e+00
     208597   8691.514    316.000    312.886     3.4188     3.4184  32.037470  32.039078     2.4881   55.98082  -43.18340     4.9560         44 0.0000e+00
     208653   8693.845    314.000    310.907     3.4175     3.4169  32.035106  32.036677     2.4868   55.98082  -43.18340     4.9560         65 0.0000e+00
     208713   8696.344    312.000    308.928     3.4167     3.4164  32.033238  32.035098     2.4836   55.98082  -43.18340     4.9560         55 0.0000e+00
     208765   8698.513    310.000    306.949     3.4164     3.4156  32.031867  32.033099     2.4816   55.98082  -43.18339     4.9560         48 0.0000e+00
     208808   8700.294    308.000    304.971     3.4153     3.4148  32.029731  32.031381     2.4808   55.98082  -43.18339     4.9560         38 0.0000e+00
     208845   8701.823    306.000    302.992     3.4114     3.4114  32.024642  32.027164     2.4801   55.98082  -43.18340     4.9560         37 0.0000e+00
     208891   8703.734    304.000    301.013     3.4091     3.4091  32.021528  32.023685     2.4807   55.98082  -43.18340     4.9560         64 0.0000e+00
     208966   8706.887    302.000    299.034     3.4070     3.4067  32.018294  32.020012     2.4830   55.98082  -43.18340     4.9560         59 0.0000e+00
     209001   8708.350    300.000    297.055     3.4029     3.4033  32.013073  32.015842     2.4843   55.98082  -43.18340     4.9560         29 0.0000e+00
     209029   8709.505    298.000    295.076     3.3993     3.3994  32.008375  32.010894     2.4852   55.98082  -43.18340     4.9560         29 0.0000e+00
     209073   8711.349    296.000    293.097     3.3959     3.3954  32.004057  32.005755     2.4874   55.98082  -43.18340     4.9560         67 0.0000e+00
     209146   8714.367    294.000    291.118     3.3931     3.3935  32.000186  32.002622     2.4950   55.98082  -43.18340     4.9560         59 0.0000e+00
     209194   8716.359    292.000    289.139     3.3811     3.3821  31.986854  31.990795     2.5008   55.98082  -43.18340     4.9560         45 0.0000e+00
     209235   8718.078    290.000    287.160     3.3758     3.3753  31.980312  31.981985     2.5047   55.98082  -43.18340     4.9560         37 0.0000e+00
     209270   8719.531    288.000    285.181     3.3713     3.3711  31.974477  31.976800     2.5069   55.98082  -43.18340     4.9560         37 0.0000e+00
     209326   8721.879    286.000    283.202     3.3680     3.3659  31.970354  31.970533     2.5116   55.98082  -43.18340     4.9560         74 0.0000e+00
     209387   8724.407    284.000    281.223     3.3638     3.3635  31.965016  31.967110     2.5190   55.98082  -43.18340     4.9560         43 0.0000e+00
     209425   8726.011    282.000    279.244     3.3546     3.3536  31.954667  31.956538     2.5227   55.98082  -43.18340     4.9560         38 0.0000e+00
     209465   8727.678    280.000    277.265     3.3506     3.3507  31.949472  31.952202     2.5252   55.98082  -43.18340     4.9560         43 0.0000e+00
     209511   8729.603    278.000    275.286     3.3491     3.3494  31.947039  31.949422     2.5280   55.98082  -43.18340     4.9560         51 0.0000e+00
     209569   8731.990    276.000    273.306     3.3481     3.3478  31.945043  31.946954     2.5309   55.98082  -43.18338     4.9560         58 0.0000e+00
     209618   8734.022    274.000    271.327     3.3449     3.3449  31.940376  31.942726     2.5312   55.98082  -43.18339     4.9560         40 0.0000e+00
     209654   8735.536    272.000    269.348     3.3465     3.3459  31.940840  31.942110     2.5312   55.98082  -43.18340     4.9560         36 0.0000e+00
     209697   8737.347    270.000    267.369     3.3466     3.3460  31.940087  31.941490     2.5313   55.98082  -43.18339     4.9560         53 0.0000e+00
     209764   8740.137    268.000    265.389     3.3463     3.3452  31.938945  31.939784     2.5285   55.98082  -43.18338     4.9560         77 0.0000e+00
     209824   8742.644    266.000    263.410     3.3544     3.3493  31.945352  31.941447     2.5204   55.98082  -43.18338     4.9560         38 0.0000e+00
     209855   8743.911    264.000    261.431     3.3755     3.3738  31.964770  31.964124     2.5166   55.98082  -43.18338     4.9560         29 0.0000e+00
     209884   8745.145    262.000    259.452     3.3764     3.3766  31.964828  31.966572     2.5140   55.98080  -43.18338     4.9560         32 0.0000e+00
     209926   8746.887    260.000    257.472     3.3770     3.3750  31.964521  31.964482     2.5127   55.98081  -43.18339     4.9560         54 0.0000e+00
     209998   8749.870    258.000    255.493     3.3745     3.3728  31.960683  31.960886     2.5147   55.98081  -43.18339     4.9560         80 0.0000e+00
     210060   8752.461    256.000    253.514     3.3662     3.3662  31.950807  31.953470     2.5205   55.98080  -43.18336     4.9560         44 0.0000e+00
     210096   8753.941    254.000    251.535     3.3561     3.3541  31.938980  31.940202     2.5228   55.98080  -43.18338     4.9560         32 0.0000e+00
     210127   8755.263    252.000    249.555     3.3511     3.3510  31.932763  31.935197     2.5247   55.98081  -43.18339     4.9560         32 0.0000e+00
     210165   8756.813    250.000    247.575     3.3505     3.3497  31.931128  31.932722     2.5272   55.98081  -43.18339     4.9560         45 0.0000e+00
     210234   8759.702    248.000    245.596     3.3466     3.3450  31.926002  31.926665     2.5301   55.98080  -43.18337     4.9560         90 0.0000e+00
     210301   8762.496    246.000    243.617     3.3453     3.3435  31.923428  31.923677     2.5303   55.98080  -43.18337     4.9560         38 0.0000e+00
     210332   8763.772    244.000    241.637     3.3457     3.3448  31.921782  31.922848     2.5298   55.98080  -43.18338     4.9560         29 0.0000e+00
     210363   8765.093    242.000    239.658     3.3467     3.3475  31.921894  31.924302     2.5302   55.98081  -43.18338     4.9560         38 0.0000e+00
     210422   8767.549    240.000    237.678     3.3500     3.3495  31.923954  31.925418     2.5297   55.98082  -43.18338     4.9560         74 0.0000e+00
     210479   8769.927    238.000    235.699     3.3527     3.3525  31.925365  31.926852     2.5289   55.98080  -43.18336     4.9560         38 0.0000e+00
     210512   8771.298    236.000    233.719     3.3588     3.3579  31.930322  31.931171     2.5282   55.98081  -43.18337     4.9560         32 0.0000e+00
     210551   8772.913    234.000    231.740     3.3603     3.3598  31.930614  31.932186     2.5274   55.98082  -43.18338     4.9560         49 0.0000e+00
     210616   8775.619    232.000    229.760     3.3607     3.3596  31.930111  31.931071     2.5274   55.98082  -43.18337     4.9560         75 0.0000e+00
     210679   8778.237    230.000    227.781     3.3619     3.3610  31.929752  31.930554     2.5255   55.98082  -43.18336     4.9560         46 0.0000e+00
     210715   8779.749    228.000    225.801     3.3757     3.3754  31.941165  31.941882     2.5236   55.98082  -43.18338     4.9560         32 0.0000e+00
     210746   8781.057    226.000    223.821     3.3830     3.3813  31.947111  31.947207     2.5222   55.98082  -43.18338     4.9560         33 0.0000e+00
     210792   8782.956    224.000    221.842     3.3851     3.3850  31.948531  31.950139     2.5212   55.98082  -43.18338     4.9560         65 0.0000e+00
     210862   8785.884    222.000    219.862     3.3891     3.3877  31.951081  31.951874     2.5203   55.98082  -43.18337     4.9560         60 0.0000e+00
     210911   8787.899    220.000    217.882     3.3929     3.3915  31.953409  31.953528     2.5188   55.98082  -43.18336     4.9560         41 0.0000e+00
     210947   8789.396    218.000    215.903     3.3991     3.3977  31.958046  31.958535     2.5183   55.98082  -43.18337     4.9560         33 0.0000e+00
     210982   8790.869    216.000    213.923     3.4014     3.3996  31.958931  31.959267     2.5180   55.98082  -43.18338     4.9560         41 0.0000e+00
     211037   8793.169    214.000    211.943     3.4034     3.4020  31.959932  31.960693     2.5175   55.98082  -43.18338     4.9560         67 0.0000e+00
     211094   8795.536    212.000    209.964     3.4055     3.4048  31.960699  31.961769     2.5179   55.98082  -43.18337     4.9560         44 0.0000e+00
     211135   8797.239    210.000    207.984     3.4083     3.4071  31.962260  31.963075     2.5192   55.98082  -43.18336     4.9560         42 0.0000e+00
     211187   8799.405    208.000    206.004     3.4088     3.4081  31.961941  31.963102     2.5209   55.98082  -43.18338     4.9560         62 0.0000e+00
     211243   8801.752    206.000    204.024     3.4094     3.4083  31.961212  31.962300     2.5222   55.98082  -43.18336     4.9560         43 0.0000e+00
     211279   8803.233    204.000    202.044     3.4096     3.4089  31.960223  31.961506     2.5225   55.98083  -43.18337     4.9560         34 0.0000e+00
     211315   8804.764    202.000    200.064     3.4095     3.4088  31.959217  31.960459     2.5222   55.98084  -43.18338     4.9560         43 0.0000e+00
     211372   8807.142    200.000    198.084     3.4093     3.4085  31.957948  31.959225     2.5224   55.98084  -43.18337     4.9560         69 0.0000e+00
     211432   8809.610    198.000    196.104     3.4088     3.4080  31.956089  31.957502     2.5236   55.98084  -43.18336     4.9560         45 0.0000e+00
     211472   8811.309    196.000    194.125     3.4040     3.4037  31.949964  31.951992     2.5243   55.98084  -43.18336     4.9560         40 0.0000e+00
     211513   8813.012    194.000    192.145     3.4058     3.4045  31.949793  31.950674     2.5244   55.98084  -43.18336     4.9560         42 0.0000e+00
     211557   8814.852    192.000    190.165     3.4094     3.4066  31.951783  31.951475     2.5243   55.98084  -43.18336     4.9560         47 0.0000e+00
     211606   8816.886    190.000    188.185     3.4089     3.4080  31.950094  31.951276     2.5251   55.98084  -43.18336     4.9560         50 0.0000e+00
     211659   8819.095    188.000    186.205     3.4087     3.4080  31.948511  31.950230     2.5259   55.98084  -43.18336     4.9560         58 0.0000e+00
     211718   8821.533    186.000    184.225     3.4066     3.4069  31.945142  31.947928     2.5301   55.98084  -43.18336     4.9560         54 0.0000e+00
     211764   8823.462    184.000    182.245     3.3928     3.3916  31.929470  31.931953     2.5342   55.98084  -43.18336     4.9560         39 0.0000e+00
     211800   8824.948    182.000    180.265     3.3683     3.3707  31.903124  31.909045     2.5359   55.98084  -43.18336     4.9560         33 0.0000e+00
     211834   8826.370    180.000    178.285     3.3712     3.3716  31.904351  31.907511     2.5374   55.98084  -43.18336     4.9560         39 0.0000e+00
     211893   8828.813    178.000    176.305     3.3659     3.3671  31.897581  31.901184     2.5395   55.98084  -43.18336     4.9560         77 0.0000e+00
     211957   8831.491    176.000    174.324     3.3564     3.3576  31.886169  31.890838     2.5418   55.98084  -43.18336     4.9560         47 0.0000e+00
     211999   8833.231    174.000    172.344     3.3397     3.3390  31.867763  31.870575     2.5442   55.98084  -43.18336     4.9560         40 0.0000e+00
     212037   8834.817    172.000    170.364     3.3245     3.3248  31.851988  31.854781     2.5456   55.98084  -43.18336     4.9560         36 0.0000e+00
     212074   8836.354    170.000    168.384     3.3144     3.3162  31.840247  31.844192     2.5476   55.98084  -43.18336     4.9560         39 0.0000e+00
     212128   8838.634    168.000    166.404     3.3114     3.3091  31.835215  31.835287     2.5497   55.98084  -43.18336     4.9560         74 0.0000e+00
     212200   8841.645    166.000    164.424     3.3083     3.3080  31.830993  31.832543     2.5528   55.98084  -43.18336     4.9560         55 0.0000e+00
     212241   8843.335    164.000    162.443     3.3051     3.3049  31.825922  31.827979     2.5539   55.98084  -43.18335     4.9560         34 0.0000e+00
     212273   8844.685    162.000    160.463     3.3032     3.3026  31.822841  31.824619     2.5543   55.98084  -43.18334     4.9560         32 0.0000e+00
