Example_Files/SBE_Processing_Files/Processed_SBE_cast_files/upcasts/uar69-01_014.cnv
* Sea-Bird SBE 9 Data File:
* FileName = D:\data\ar69-01_014.hex
* Software Version Seasave V 7.26.7.107
* Temperature SN = 4491
* Conductivity SN = 3009
* Number of Bytes Per Scan = 44
* Number of Voltage Words = 5
* Number of Scans Averaged by the Deck Unit = 1
* NMEA Latitude = 59 43.02 N
* NMEA Longitude = 039 20.16 W
* NMEA UTC (Time) = Jul 02 2022  14:08:39
** Cruise ID: AR69-01
** Chief Sci:
** Station #: 014
** Site ID: Irminger FLMB (OSNAP acoustic release test)
# nquan = 14
# nvalues = 1420                        
# units = specified
# name 0 = scan: Scan Count
# name 1 = timeS: Time, Elapsed [seconds]
# name 2 = prDM: Pressure, Digiquartz [db]
# name 3 = depSM: Depth [salt water, m]
# name 4 = t090C: Temperature [ITS-90, deg C]
# name 5 = t190C: Temperature, 2 [ITS-90, deg C]
# name 6 = c0mS/cm: Conductivity [mS/cm]
# name 7 = c1mS/cm: Conductivity, 2 [mS/cm]
# name 8 = sbeox0V: Oxygen raw, SBE 43 [V]
# name 9 = latitude: Latitude [deg]
# name 10 = longitude: Longitude [deg]
# name 11 = v7: Voltage 7
# name 12 = nbin: number of scans per bin
# name 13 = flag: flag
# span 0 =     101299,     206023       
# span 1 =   4220.752,   8584.257       
# span 2 =      6.000,   2844.000       
# span 3 =      5.943,   2798.342       
# span 4 =     1.4594,     7.2888       
# span 5 =     1.4596,     7.2507       
# span 6 =  31.398937,  35.355736       
# span 7 =  31.399873,  35.326857       
# span 8 =     1.8121,     2.8204       
# span 9 =   59.71706,   59.71708       
# span 10 =  -39.33594,  -39.33588      
# span 11 =     4.9560,     4.9568      
# span 12 =         30,        143      
# span 13 = 0.0000e+00, 0.0000e+00      
# interval = decibars: 2                
# start_time = Jul 02 2022 14:08:39 [NMEA time, first data scan]
# bad_flag = -9.990e-29
*END*
[from data line 1033]
     162595   6774.754    778.000    769.239     3.5509     3.5505  32.394595  32.398476     2.3046   59.71708  -39.33593     4.9560         83 0.0000e+00
     162701   6779.153    776.000    767.265     3.5502     3.5501  32.392993  32.397265     2.3065   59.71708  -39.33594     4.9560         86 0.0000e+00
     162779   6782.433    774.000    765.291     3.5474     3.5457  32.389358  32.392212     2.3084   59.71708  -39.33594     4.9560         83 0.0000e+00
     162894   6787.192    772.000    763.317     3.5428     3.5423  32.383683  32.387689     2.3131   59.71708  -39.33594     4.9562         81 0.0000e+00
     162975   6790.596    770.000    761.343     3.5374     3.5372  32.377212  32.381492     2.3157   59.71708  -39.33594     4.9562         95 0.0000e+00
     163074   6794.705    768.000    759.369     3.5384     3.5378  32.377301  32.381042     2.3179   59.71708  -39.33594     4.9560         75 0.0000e+00
     163169   6798.667    766.000    757.396     3.5376     3.5374  32.375601  32.379787     2.3207   59.71708  -39.33594     4.9560         87 0.0000e+00
     163283   6803.402    764.000    755.422     3.5371     3.5365  32.374218  32.377991     2.3220   59.71708  -39.33594     4.9560         87 0.0000e+00
     164199   6841.593    762.000    753.448     3.5335     3.5335  32.369447  32.373824     2.3269   59.71708  -39.33593     4.9560         93 0.0000e+00
     165198   6883.228    760.000    751.474     3.5292     3.5293  32.364127  32.368533     2.3307   59.71708  -39.33592     4.9560         58 0.0000e+00
     165180   6882.465    758.000    749.500     3.5290     3.5289  32.363093  32.367296     2.3318   59.71708  -39.33594     4.9560         52 0.0000e+00
     165230   6884.537    756.000    747.526     3.5289     3.5285  32.362018  32.366001     2.3320   59.71708  -39.33593     4.9560         46 0.0000e+00
     165280   6886.634    754.000    745.552     3.5285     3.5281  32.360762  32.364843     2.3321   59.71708  -39.33593     4.9560         56 0.0000e+00
     165330   6888.702    752.000    743.578     3.5280     3.5278  32.359354  32.363581     2.3329   59.71708  -39.33594     4.9560         43 0.0000e+00
     165378   6890.699    750.000    741.604     3.5276     3.5273  32.358121  32.362194     2.3333   59.71708  -39.33592     4.9560         54 0.0000e+00
     165428   6892.773    748.000    739.630     3.5270     3.5270  32.356636  32.360900     2.3331   59.71708  -39.33592     4.9560         42 0.0000e+00
     165470   6894.557    746.000    737.656     3.5263     3.5261  32.355066  32.359202     2.3332   59.71708  -39.33592     4.9560         48 0.0000e+00
     165526   6896.857    744.000    735.681     3.5259     3.5257  32.353833  32.358050     2.3342   59.71708  -39.33592     4.9560         57 0.0000e+00
     165574   6898.859    742.000    733.707     3.5234     3.5231  32.350291  32.354478     2.3343   59.71708  -39.33592     4.9560         41 0.0000e+00
     165617   6900.651    740.000    731.733     3.5209     3.5211  32.346973  32.351615     2.3340   59.71708  -39.33592     4.9560         50 0.0000e+00
     165671   6902.928    738.000    729.759     3.5210     3.5204  32.346153  32.349748     2.3322   59.71708  -39.33592     4.9560         50 0.0000e+00
     165712   6904.615    736.000    727.785     3.5222     3.5225  32.346309  32.350718     2.3315   59.71708  -39.33592     4.9560         39 0.0000e+00
     165761   6906.660    734.000    725.811     3.5241     3.5253  32.347442  32.352815     2.3307   59.71708  -39.33592     4.9560         56 0.0000e+00
     165809   6908.666    732.000    723.836     3.5274     3.5271  32.349578  32.353506     2.3302   59.71708  -39.33592     4.9560         40 0.0000e+00
     165853   6910.480    730.000    721.862     3.5260     3.5259  32.347532  32.351891     2.3303   59.71708  -39.33592     4.9560         51 0.0000e+00
     165905   6912.659    728.000    719.888     3.5249     3.5252  32.345296  32.350119     2.3310   59.71708  -39.33592     4.9560         49 0.0000e+00
     165953   6914.678    726.000    717.914     3.5252     3.5252  32.344586  32.348802     2.3315   59.71708  -39.33592     4.9560         50 0.0000e+00
     166002   6916.692    724.000    715.939     3.5356     3.5344  32.354128  32.356236     2.3312   59.71708  -39.33591     4.9560         43 0.0000e+00
     166049   6918.648    722.000    713.965     3.5483     3.5464  32.365133  32.367706     2.3308   59.71708  -39.33592     4.9560         55 0.0000e+00
     166101   6920.852    720.000    711.991     3.5576     3.5529  32.374011  32.373021     2.3299   59.71708  -39.33591     4.9560         44 0.0000e+00
     166141   6922.508    718.000    710.016     3.5671     3.5656  32.382896  32.385369     2.3298   59.71708  -39.33590     4.9560         40 0.0000e+00
     166188   6924.446    716.000    708.042     3.5682     3.5665  32.383172  32.385944     2.3300   59.71708  -39.33590     4.9560         54 0.0000e+00
     166242   6926.723    714.000    706.068     3.5676     3.5674  32.381571  32.385854     2.3318   59.71708  -39.33591     4.9560         53 0.0000e+00
     166291   6928.741    712.000    704.093     3.5646     3.5653  32.377517  32.382631     2.3351   59.71708  -39.33590     4.9560         42 0.0000e+00
     166329   6930.332    710.000    702.119     3.5555     3.5544  32.367214  32.371256     2.3386   59.71708  -39.33590     4.9560         38 0.0000e+00
     166375   6932.239    708.000    700.144     3.5476     3.5502  32.357900  32.365488     2.3430   59.71708  -39.33590     4.9560         59 0.0000e+00
     166439   6934.902    706.000    698.170     3.5426     3.5420  32.351769  32.355711     2.3488   59.71708  -39.33590     4.9560         52 0.0000e+00
     166478   6936.562    704.000    696.195     3.5383     3.5387  32.346386  32.351221     2.3523   59.71708  -39.33590     4.9560         37 0.0000e+00
     166522   6938.373    702.000    694.221     3.5379     3.5381  32.345046  32.349550     2.3556   59.71708  -39.33590     4.9560         52 0.0000e+00
     166575   6940.585    700.000    692.246     3.5384     3.5379  32.344644  32.348436     2.3584   59.71708  -39.33590     4.9560         51 0.0000e+00
     166627   6942.730    698.000    690.272     3.5376     3.5383  32.342862  32.347921     2.3597   59.71708  -39.33590     4.9560         48 0.0000e+00
     166667   6944.419    696.000    688.298     3.5360     3.5359  32.340272  32.344451     2.3600   59.71708  -39.33590     4.9560         38 0.0000e+00
     166711   6946.236    694.000    686.323     3.5359     3.5351  32.339330  32.342904     2.3605   59.71708  -39.33590     4.9560         51 0.0000e+00
     166765   6948.500    692.000    684.348     3.5354     3.5348  32.337808  32.341587     2.3596   59.71708  -39.33590     4.9560         51 0.0000e+00
     166811   6950.422    690.000    682.374     3.5359     3.5357  32.337468  32.341522     2.3582   59.71708  -39.33590     4.9560         45 0.0000e+00
     166857   6952.353    688.000    680.399     3.5372     3.5362  32.337799  32.341130     2.3567   59.71708  -39.33590     4.9560         47 0.0000e+00
     166906   6954.381    686.000    678.424     3.5464     3.5410  32.345958  32.344438     2.3560   59.71708  -39.33590     4.9561         52 0.0000e+00
     166957   6956.513    684.000    676.450     3.5606     3.5555  32.359492  32.357693     2.3567   59.71708  -39.33591     4.9563         47 0.0000e+00
     167001   6958.314    682.000    674.475     3.5714     3.5699  32.369483  32.371786     2.3573   59.71708  -39.33590     4.9564         42 0.0000e+00
     167044   6960.137    680.000    672.500     3.5753     3.5712  32.372465  32.372990     2.3577   59.71708  -39.33592     4.9563         49 0.0000e+00
     167102   6962.532    678.000    670.526     3.5756     3.5742  32.372024  32.374829     2.3578   59.71708  -39.33592     4.9561         57 0.0000e+00
     167147   6964.403    676.000    668.551     3.5814     3.5800  32.376731  32.379624     2.3577   59.71708  -39.33591     4.9560         38 0.0000e+00
     167187   6966.073    674.000    666.576     3.5819     3.5814  32.376477  32.380299     2.3575   59.71708  -39.33592     4.9560         47 0.0000e+00
     167242   6968.376    672.000    664.601     3.5831     3.5822  32.376800  32.380205     2.3570   59.71708  -39.33592     4.9560         54 0.0000e+00
     167287   6970.268    670.000    662.626     3.5867     3.5857  32.379315  32.382434     2.3570   59.71708  -39.33592     4.9560         41 0.0000e+00
     167330   6972.052    668.000    660.652     3.5877     3.5870  32.379445  32.382985     2.3565   59.71708  -39.33592     4.9560         47 0.0000e+00
     167379   6974.099    666.000    658.677     3.5897     3.5885  32.380213  32.383479     2.3558   59.71708  -39.33592     4.9560         48 0.0000e+00
     167425   6975.992    664.000    656.702     3.5931     3.5922  32.382829  32.385862     2.3559   59.71708  -39.33592     4.9560         45 0.0000e+00
     167477   6978.173    662.000    654.727     3.5946     3.5943  32.383428  32.387501     2.3554   59.71708  -39.33592     4.9560         60 0.0000e+00
     167531   6980.415    660.000    652.752     3.5993     3.5977  32.386882  32.389494     2.3544   59.71708  -39.33592     4.9560         44 0.0000e+00
     167572   6982.109    658.000    650.777     3.6019     3.6010  32.388487  32.391913     2.3546   59.71708  -39.33592     4.9560         41 0.0000e+00
     167620   6984.120    656.000    648.802     3.6023     3.6012  32.388067  32.391446     2.3546   59.71708  -39.33592     4.9560         56 0.0000e+00
     167672   6986.291    654.000    646.827     3.6030     3.6021  32.387740  32.391190     2.3546   59.71708  -39.33592     4.9560         45 0.0000e+00
     167713   6987.983    652.000    644.852     3.6047     3.6040  32.388509  32.392066     2.3545   59.71708  -39.33591     4.9560         39 0.0000e+00
     167753   6989.685    650.000    642.877     3.6051     3.6047  32.388053  32.391966     2.3546   59.71708  -39.33590     4.9560         43 0.0000e+00
     167802   6991.722    648.000    640.902     3.6052     3.6049  32.387284  32.391277     2.3547   59.71708  -39.33592     4.9560         57 0.0000e+00
     167864   6994.292    646.000    638.927     3.6051     3.6047  32.386209  32.390186     2.3564   59.71708  -39.33591     4.9560         56 0.0000e+00
     167907   6996.092    644.000    636.952     3.6036     3.6035  32.383615  32.388180     2.3584   59.71708  -39.33590     4.9560         37 0.0000e+00
     167948   6997.775    642.000    634.977     3.6004     3.6008  32.379758  32.384429     2.3608   59.71708  -39.33592     4.9560         48 0.0000e+00
     168002   7000.062    640.000    633.002     3.5951     3.5976  32.373242  32.380259     2.3643   59.71708  -39.33592     4.9560         55 0.0000e+00
     168050   7002.052    638.000    631.027     3.5912     3.5920  32.368251  32.373683     2.3664   59.71708  -39.33590     4.9560         43 0.0000e+00
     168095   7003.896    636.000    629.052     3.5902     3.5900  32.366214  32.370624     2.3680   59.71708  -39.33590     4.9560         47 0.0000e+00
     168142   7005.895    634.000    627.077     3.5888     3.5887  32.363873  32.368160     2.3695   59.71708  -39.33592     4.9560         47 0.0000e+00
     168189   7007.822    632.000    625.102     3.5910     3.5895  32.365053  32.367938     2.3697   59.71708  -39.33591     4.9560         48 0.0000e+00
     168237   7009.828    630.000    623.126     3.5928     3.5919  32.365905  32.369299     2.3707   59.71708  -39.33591     4.9560         47 0.0000e+00
     168284   7011.801    628.000    621.151     3.5913     3.5911  32.363428  32.367756     2.3720   59.71708  -39.33592     4.9560         47 0.0000e+00
     168331   7013.739    626.000    619.176     3.5882     3.5886  32.359383  32.364408     2.3737   59.71708  -39.33592     4.9560         47 0.0000e+00
     168380   7015.789    624.000    617.201     3.5852     3.5852  32.355453  32.360195     2.3761   59.71708  -39.33592     4.9560         51 0.0000e+00
     168430   7017.864    622.000    615.226     3.5802     3.5826  32.349415  32.356256     2.3785   59.71708  -39.33592     4.9560         48 0.0000e+00
     168478   7019.879    620.000    613.250     3.5782     3.5780  32.346469  32.350671     2.3805   59.71708  -39.33592     4.9560         49 0.0000e+00
     168525   7021.823    618.000    611.275     3.5760     3.5765  32.343163  32.348077     2.3817   59.71708  -39.33592     4.9560         43 0.0000e+00
     168569   7023.686    616.000    609.300     3.5773     3.5763  32.343528  32.346932     2.3813   59.71708  -39.33592     4.9560         50 0.0000e+00
     168621   7025.818    614.000    607.324     3.5808     3.5800  32.345733  32.349411     2.3805   59.71708  -39.33592     4.9560         50 0.0000e+00
     168669   7027.850    612.000    605.349     3.5895     3.5882  32.353407  32.355988     2.3791   59.71708  -39.33592     4.9560         46 0.0000e+00
     168710   7029.562    610.000    603.374     3.5957     3.5948  32.359169  32.362223     2.3782   59.71708  -39.33592     4.9560         39 0.0000e+00
     168758   7031.556    608.000    601.398     3.5948     3.5954  32.357537  32.362541     2.3777   59.71708  -39.33592     4.9560         56 0.0000e+00
     168809   7033.672    606.000    599.423     3.5998     3.5987  32.361460  32.364522     2.3781   59.71708  -39.33593     4.9560         46 0.0000e+00
     168858   7035.718    604.000    597.447     3.6005     3.6001  32.361173  32.365207     2.3788   59.71708  -39.33593     4.9560         52 0.0000e+00
     168907   7037.742    602.000    595.472     3.5983     3.5991  32.357973  32.363187     2.3800   59.71708  -39.33592     4.9560         43 0.0000e+00
     168950   7039.549    600.000    593.496     3.5970     3.5967  32.355784  32.359810     2.3811   59.71708  -39.33594     4.9560         49 0.0000e+00
     169002   7041.711    598.000    591.521     3.5968     3.5963  32.354549  32.358316     2.3820   59.71708  -39.33594     4.9560         47 0.0000e+00
     169046   7043.538    596.000    589.546     3.5987     3.5981  32.355363  32.359003     2.3827   59.71708  -39.33594     4.9560         48 0.0000e+00
     169098   7045.718    594.000    587.570     3.6020     3.6012  32.357638  32.360979     2.3824   59.71708  -39.33594     4.9560         49 0.0000e+00
     169139   7047.419    592.000    585.595     3.6055     3.6044  32.360288  32.363513     2.3828   59.71708  -39.33594     4.9560         38 0.0000e+00
     169183   7049.259    590.000    583.619     3.6044     3.6038  32.358411  32.362134     2.3821   59.71708  -39.33594     4.9560         53 0.0000e+00
     169238   7051.536    588.000    581.643     3.6027     3.6033  32.355637  32.360771     2.3837   59.71708  -39.33594     4.9560         49 0.0000e+00
     169286   7053.523    586.000    579.668     3.6013     3.6011  32.353232  32.357578     2.3857   59.71708  -39.33594     4.9560         49 0.0000e+00
     169333   7055.501    584.000    577.692     3.6002     3.6001  32.351092  32.355319     2.3876   59.71708  -39.33594     4.9560         44 0.0000e+00
     169376   7057.299    582.000    575.716     3.6004     3.6000  32.350346  32.354216     2.3887   59.71708  -39.33594     4.9560         47 0.0000e+00
     169434   7059.720    580.000    573.741     3.5998     3.5996  32.348656  32.353049     2.3904   59.71708  -39.33594     4.9560         58 0.0000e+00
     169477   7061.484    578.000    571.765     3.5988     3.5987  32.346571  32.350868     2.3918   59.71708  -39.33594     4.9560         34 0.0000e+00
     169516   7063.139    576.000    569.790     3.5984     3.5980  32.345190  32.349260     2.3927   59.71708  -39.33594     4.9560         53 0.0000e+00
