Example_Files/SBE_Processing_Files/Processed_SBE_cast_files/upcasts/uar69-01_007.cnv
* Sea-Bird SBE 9 Data File:
* FileName = D:\data\ar69-01_007.hex
* Software Version Seasave V 7.26.7.107
* Temperature SN = 4491
* Conductivity SN = 3009
* Number of Bytes Per Scan = 44
* Number of Voltage Words = 5
* Number of Scans Averaged by the Deck Unit = 1
* NMEA Latitude = 53 54.62 N
* NMEA Longitude = 045 23.76 W
* NMEA UTC (Time) = Jun 26 2022  15:18:37
** Cruise ID: AR69-01
** Chief Sci:
** Station #: 007
** Site ID: Transit - cal. dip (optodes + microcats)
# nquan = 14
# nvalues = 1726                        
# units = specified
# name 0 = scan: Scan Count
# name 1 = timeS: Time, Elapsed [seconds]
# name 2 = prDM: Pressure, Digiquartz [db]
# name 3 = depSM: Depth [salt water, m]
# name 4 = t090C: Temperature [ITS-90, deg C]
# name 5 = t190C: Temperature, 2 [ITS-90, deg C]
# name 6 = c0mS/cm: Conductivity [mS/cm]
# name 7 = c1mS/cm: Conductivity, 2 [mS/cm]
# name 8 = sbeox0V: Oxygen raw, SBE 43 [V]
# name 9 = latitude: Latitude [deg]
# name 10 = longitude: Longitude [deg]
# name 11 = v7: Voltage 7
# name 12 = nbin: number of scans per bin
# name 13 = flag: flag
# span 0 =     101835,     271605       
# span 1 =   4243.092,  11316.827       
# span 2 =      6.000,   3456.000       
# span 3 =      5.946,   3397.402       
# span 4 =     2.4764,     9.2858       
# span 5 =     2.4771,     9.2831       
# span 6 =  32.179564,  37.031541       
# span 7 =  32.184885,  37.029080       
# span 8 =     1.6599,     2.8830       
# span 9 =   53.90041,   53.90748       
# span 10 =  -45.39556,  -45.39488      
# span 11 =     4.9560,     4.9573      
# span 12 =         24,        121      
# span 13 = 0.0000e+00, 0.0000e+00      
# interval = decibars: 2                
# start_time = Jun 26 2022 15:18:37 [NMEA time, first data scan]
# bad_flag = -9.990e-29
*END*
[from data line 517]
     163816   6825.611   2422.000   2386.622     3.1321     3.1315  32.743966  32.744240     1.8474   53.90492  -45.39506     4.9560         40 0.0000e+00
     163858   6827.356   2420.000   2384.662     3.1329     3.1324  32.744029  32.744423     1.8479   53.90492  -45.39506     4.9560         48 0.0000e+00
     163918   6829.857   2418.000   2382.702     3.1347     3.1341  32.744716  32.745134     1.8488   53.90491  -45.39506     4.9560         62 0.0000e+00
     163965   6831.826   2416.000   2380.743     3.1367     3.1362  32.745523  32.745742     1.8491   53.90490  -45.39506     4.9560         37 0.0000e+00
     164002   6833.356   2414.000   2378.783     3.1372     3.1371  32.745186  32.746027     1.8493   53.90490  -45.39506     4.9560         40 0.0000e+00
     164049   6835.334   2412.000   2376.823     3.1374     3.1371  32.744686  32.745420     1.8495   53.90490  -45.39506     4.9560         55 0.0000e+00
     164102   6837.560   2410.000   2374.863     3.1403     3.1382  32.746390  32.745488     1.8498   53.90490  -45.39506     4.9560         49 0.0000e+00
     164151   6839.579   2408.000   2372.904     3.1444     3.1436  32.749233  32.749212     1.8502   53.90490  -45.39506     4.9560         47 0.0000e+00
     164194   6841.393   2406.000   2370.944     3.1460     3.1451  32.749784  32.749801     1.8505   53.90490  -45.39506     4.9560         41 0.0000e+00
     164235   6843.095   2404.000   2368.984     3.1477     3.1467  32.750707  32.750597     1.8512   53.90488  -45.39506     4.9560         44 0.0000e+00
     164286   6845.210   2402.000   2367.024     3.1476     3.1470  32.749863  32.750109     1.8517   53.90488  -45.39506     4.9560         55 0.0000e+00
     164338   6847.354   2400.000   2365.064     3.1506     3.1501  32.751562  32.751982     1.8520   53.90488  -45.39506     4.9560         47 0.0000e+00
     164384   6849.298   2398.000   2363.104     3.1514     3.1510  32.751568  32.752132     1.8526   53.90488  -45.39506     4.9560         49 0.0000e+00
     164435   6851.411   2396.000   2361.145     3.1521     3.1516  32.751386  32.751756     1.8531   53.90487  -45.39506     4.9560         48 0.0000e+00
     164476   6853.131   2394.000   2359.185     3.1559     3.1553  32.754020  32.754241     1.8535   53.90486  -45.39506     4.9560         36 0.0000e+00
     164514   6854.700   2392.000   2357.225     3.1579     3.1573  32.755231  32.755391     1.8539   53.90486  -45.39506     4.9560         42 0.0000e+00
     164574   6857.218   2390.000   2355.265     3.1610     3.1596  32.757284  32.756977     1.8542   53.90486  -45.39506     4.9560         75 0.0000e+00
     164635   6859.769   2388.000   2353.305     3.1641     3.1630  32.759336  32.758885     1.8547   53.90486  -45.39506     4.9560         43 0.0000e+00
     164672   6861.289   2386.000   2351.345     3.1670     3.1667  32.761229  32.761697     1.8549   53.90486  -45.39506     4.9560         33 0.0000e+00
     164704   6862.616   2384.000   2349.385     3.1697     3.1691  32.762933  32.763105     1.8548   53.90485  -45.39506     4.9560         33 0.0000e+00
     164743   6864.254   2382.000   2347.425     3.1716     3.1709  32.763828  32.764254     1.8552   53.90484  -45.39506     4.9560         51 0.0000e+00
     164813   6867.151   2380.000   2345.465     3.1737     3.1729  32.764878  32.765166     1.8556   53.90484  -45.39506     4.9560         70 0.0000e+00
     164863   6869.248   2378.000   2343.505     3.1865     3.1835  32.776412  32.773364     1.8554   53.90484  -45.39506     4.9560         41 0.0000e+00
     164903   6870.899   2376.000   2341.545     3.1951     3.1928  32.784440  32.782178     1.8551   53.90484  -45.39506     4.9560         40 0.0000e+00
     164942   6872.535   2374.000   2339.584     3.2043     3.2006  32.793041  32.789723     1.8548   53.90484  -45.39506     4.9560         40 0.0000e+00
     164988   6874.452   2372.000   2337.624     3.2066     3.2040  32.795098  32.793333     1.8545   53.90483  -45.39506     4.9560         56 0.0000e+00
     165050   6877.052   2370.000   2335.664     3.2106     3.2084  32.798304  32.796865     1.8541   53.90482  -45.39506     4.9560         56 0.0000e+00
     165094   6878.894   2368.000   2333.704     3.2143     3.2136  32.801263  32.801098     1.8543   53.90482  -45.39506     4.9560         40 0.0000e+00
     165135   6880.602   2366.000   2331.744     3.2148     3.2139  32.801042  32.801051     1.8545   53.90482  -45.39506     4.9560         43 0.0000e+00
     165182   6882.522   2364.000   2329.784     3.2166     3.2154  32.802038  32.801522     1.8545   53.90482  -45.39506     4.9560         47 0.0000e+00
     165226   6884.362   2362.000   2327.824     3.2203     3.2189  32.804705  32.803821     1.8541   53.90480  -45.39506     4.9560         41 0.0000e+00
     165268   6886.116   2360.000   2325.863     3.2209     3.2209  32.804553  32.805290     1.8541   53.90481  -45.39506     4.9560         49 0.0000e+00
     165331   6888.767   2358.000   2323.903     3.2225     3.2217  32.805190  32.805489     1.8546   53.90481  -45.39506     4.9560         66 0.0000e+00
     165379   6890.768   2356.000   2321.943     3.2270     3.2254  32.808537  32.807498     1.8552   53.90480  -45.39506     4.9560         36 0.0000e+00
     165414   6892.212   2354.000   2319.982     3.2290     3.2285  32.809683  32.809947     1.8556   53.90480  -45.39506     4.9560         35 0.0000e+00
     165455   6893.937   2352.000   2318.022     3.2294     3.2294  32.809320  32.810227     1.8560   53.90480  -45.39506     4.9560         54 0.0000e+00
     165520   6896.624   2350.000   2316.062     3.2336     3.2319  32.812475  32.811693     1.8559   53.90480  -45.39506     4.9560         58 0.0000e+00
     165563   6898.422   2348.000   2314.101     3.2372     3.2366  32.814807  32.814938     1.8561   53.90480  -45.39506     4.9560         41 0.0000e+00
     165614   6900.527   2346.000   2312.141     3.2381     3.2371  32.814948  32.815122     1.8566   53.90478  -45.39506     4.9560         55 0.0000e+00
     165658   6902.356   2344.000   2310.180     3.2402     3.2395  32.816067  32.816038     1.8570   53.90478  -45.39505     4.9560         33 0.0000e+00
     165688   6903.635   2342.000   2308.220     3.2425     3.2425  32.817470  32.818235     1.8572   53.90478  -45.39504     4.9560         33 0.0000e+00
     165739   6905.743   2340.000   2306.260     3.2453     3.2439  32.819422  32.819035     1.8575   53.90478  -45.39505     4.9560         76 0.0000e+00
     165810   6908.692   2338.000   2304.300     3.2480     3.2464  32.820883  32.820268     1.8584   53.90477  -45.39505     4.9560         47 0.0000e+00
     165846   6910.221   2336.000   2302.339     3.2503     3.2501  32.821945  32.822602     1.8587   53.90476  -45.39504     4.9560         34 0.0000e+00
     165880   6911.642   2334.000   2300.378     3.2501     3.2500  32.821093  32.821770     1.8589   53.90476  -45.39504     4.9560         37 0.0000e+00
     165927   6913.603   2332.000   2298.418     3.2501     3.2499  32.820355  32.821098     1.8592   53.90476  -45.39504     4.9560         62 0.0000e+00
     165992   6916.312   2330.000   2296.457     3.2509     3.2505  32.820072  32.820704     1.8598   53.90476  -45.39504     4.9560         54 0.0000e+00
     166036   6918.137   2328.000   2294.497     3.2530     3.2524  32.821255  32.821488     1.8602   53.90476  -45.39504     4.9560         41 0.0000e+00
     166076   6919.778   2326.000   2292.537     3.2535     3.2535  32.820951  32.821689     1.8602   53.90476  -45.39504     4.9560         39 0.0000e+00
     166116   6921.456   2324.000   2290.576     3.2540     3.2537  32.820684  32.821274     1.8605   53.90475  -45.39504     4.9560         42 0.0000e+00
     166164   6923.446   2322.000   2288.616     3.2540     3.2541  32.819972  32.820994     1.8610   53.90474  -45.39504     4.9560         56 0.0000e+00
     166223   6925.937   2320.000   2286.655     3.2549     3.2547  32.819816  32.820766     1.8617   53.90474  -45.39504     4.9560         55 0.0000e+00
     166268   6927.787   2318.000   2284.694     3.2547     3.2549  32.818563  32.819683     1.8622   53.90474  -45.39504     4.9560         39 0.0000e+00
     166307   6929.428   2316.000   2282.734     3.2560     3.2554  32.818466  32.819135     1.8629   53.90474  -45.39504     4.9560         41 0.0000e+00
     166354   6931.386   2314.000   2280.773     3.2554     3.2552  32.817064  32.818100     1.8637   53.90474  -45.39504     4.9560         53 0.0000e+00
     166408   6933.621   2312.000   2278.812     3.2557     3.2556  32.815853  32.817070     1.8644   53.90472  -45.39504     4.9560         51 0.0000e+00
     166457   6935.655   2310.000   2276.852     3.2567     3.2564  32.815742  32.816395     1.8650   53.90472  -45.39504     4.9560         49 0.0000e+00
     166507   6937.741   2308.000   2274.891     3.2578     3.2573  32.815683  32.816195     1.8657   53.90472  -45.39504     4.9560         48 0.0000e+00
     166550   6939.532   2306.000   2272.930     3.2595     3.2591  32.816394  32.816785     1.8662   53.90472  -45.39504     4.9560         40 0.0000e+00
     166591   6941.236   2304.000   2270.970     3.2602     3.2596  32.816178  32.816597     1.8666   53.90472  -45.39504     4.9560         43 0.0000e+00
     166635   6943.075   2302.000   2269.009     3.2627     3.2615  32.817817  32.817310     1.8667   53.90470  -45.39504     4.9560         45 0.0000e+00
     166683   6945.087   2300.000   2267.048     3.2660     3.2652  32.819879  32.820185     1.8667   53.90471  -45.39504     4.9560         55 0.0000e+00
     166745   6947.648   2298.000   2265.087     3.2659     3.2664  32.819109  32.820447     1.8675   53.90470  -45.39504     4.9560         57 0.0000e+00
     166788   6949.465   2296.000   2263.127     3.2700     3.2695  32.821989  32.822198     1.8682   53.90470  -45.39504     4.9560         37 0.0000e+00
     166825   6951.002   2294.000   2261.166     3.2703     3.2703  32.821388  32.822395     1.8688   53.90470  -45.39504     4.9560         39 0.0000e+00
     166871   6952.935   2292.000   2259.205     3.2704     3.2704  32.820820  32.821825     1.8688   53.90470  -45.39504     4.9560         53 0.0000e+00
     166925   6955.172   2290.000   2257.244     3.2715     3.2710  32.820692  32.821271     1.8691   53.90470  -45.39504     4.9560         53 0.0000e+00
     166980   6957.471   2288.000   2255.283     3.2732     3.2725  32.821132  32.821505     1.8698   53.90469  -45.39504     4.9560         57 0.0000e+00
     167028   6959.461   2286.000   2253.322     3.2735     3.2736  32.820281  32.821411     1.8702   53.90468  -45.39502     4.9560         37 0.0000e+00
     167061   6960.826   2284.000   2251.362     3.2732     3.2733  32.819165  32.820243     1.8704   53.90468  -45.39503     4.9560         32 0.0000e+00
     167100   6962.474   2282.000   2249.401     3.2726     3.2726  32.817738  32.818928     1.8708   53.90468  -45.39504     4.9560         53 0.0000e+00
     167167   6965.235   2280.000   2247.440     3.2721     3.2722  32.816343  32.817362     1.8718   53.90468  -45.39503     4.9560         62 0.0000e+00
     167212   6967.138   2278.000   2245.479     3.2715     3.2719  32.814622  32.815990     1.8721   53.90468  -45.39504     4.9560         40 0.0000e+00
     167253   6968.823   2276.000   2243.518     3.2709     3.2710  32.813099  32.814331     1.8725   53.90467  -45.39504     4.9560         41 0.0000e+00
     167296   6970.612   2274.000   2241.557     3.2704     3.2705  32.811585  32.812707     1.8730   53.90466  -45.39503     4.9560         46 0.0000e+00
     167354   6973.038   2272.000   2239.595     3.2704     3.2701  32.810539  32.811504     1.8737   53.90466  -45.39502     4.9560         67 0.0000e+00
     167408   6975.287   2270.000   2237.635     3.2722     3.2717  32.810985  32.811479     1.8740   53.90466  -45.39502     4.9560         39 0.0000e+00
     167442   6976.692   2268.000   2235.674     3.2736     3.2736  32.811455  32.812285     1.8743   53.90466  -45.39502     4.9560         33 0.0000e+00
     167478   6978.210   2266.000   2233.712     3.2736     3.2735  32.810702  32.811588     1.8748   53.90466  -45.39502     4.9560         44 0.0000e+00
     167551   6981.269   2264.000   2231.752     3.2753     3.2745  32.811250  32.811639     1.8760   53.90464  -45.39502     4.9560         76 0.0000e+00
     167594   6983.044   2262.000   2229.790     3.2769     3.2768  32.811724  32.812387     1.8761   53.90464  -45.39502     4.9560         30 0.0000e+00
     167623   6984.263   2260.000   2227.829     3.2785     3.2784  32.812282  32.813157     1.8764   53.90464  -45.39502     4.9560         32 0.0000e+00
     167671   6986.269   2258.000   2225.868     3.2796     3.2797  32.812538  32.813641     1.8769   53.90464  -45.39502     4.9560         66 0.0000e+00
     167730   6988.711   2256.000   2223.907     3.2812     3.2809  32.813079  32.813795     1.8773   53.90464  -45.39502     4.9560         43 0.0000e+00
     167772   6990.442   2254.000   2221.946     3.2819     3.2816  32.812953  32.813637     1.8780   53.90464  -45.39502     4.9560         47 0.0000e+00
     167826   6992.705   2252.000   2219.985     3.2822     3.2815  32.812389  32.812915     1.8785   53.90462  -45.39502     4.9560         54 0.0000e+00
     167870   6994.530   2250.000   2218.023     3.2845     3.2838  32.813677  32.813789     1.8785   53.90462  -45.39502     4.9560         38 0.0000e+00
     167908   6996.121   2248.000   2216.062     3.2858     3.2853  32.814046  32.814419     1.8790   53.90462  -45.39502     4.9560         41 0.0000e+00
     167961   6998.328   2246.000   2214.101     3.2864     3.2862  32.813718  32.814668     1.8798   53.90462  -45.39502     4.9560         65 0.0000e+00
     168019   7000.751   2244.000   2212.140     3.2887     3.2877  32.814876  32.814886     1.8802   53.90461  -45.39502     4.9560         45 0.0000e+00
     168057   7002.337   2242.000   2210.178     3.2912     3.2910  32.816198  32.816878     1.8806   53.90460  -45.39502     4.9560         36 0.0000e+00
     168097   7004.011   2240.000   2208.217     3.2928     3.2925  32.816896  32.817688     1.8809   53.90460  -45.39502     4.9560         46 0.0000e+00
     168147   7006.074   2238.000   2206.256     3.2949     3.2927  32.817934  32.817005     1.8814   53.90460  -45.39502     4.9560         49 0.0000e+00
     168194   7008.027   2236.000   2204.294     3.2975     3.2972  32.819324  32.820095     1.8819   53.90460  -45.39502     4.9560         47 0.0000e+00
     168241   7009.988   2234.000   2202.333     3.2980     3.2979  32.819020  32.819861     1.8824   53.90458  -45.39502     4.9560         45 0.0000e+00
     168287   7011.898   2232.000   2200.371     3.2993     3.2988  32.819454  32.819981     1.8830   53.90460  -45.39502     4.9560         52 0.0000e+00
     168353   7014.674   2230.000   2198.410     3.3006     3.2994  32.819753  32.819784     1.8840   53.90459  -45.39503     4.9560         65 0.0000e+00
     168397   7016.479   2228.000   2196.449     3.3036     3.3028  32.821662  32.821606     1.8842   53.90458  -45.39502     4.9560         31 0.0000e+00
     168425   7017.661   2226.000   2194.487     3.3039     3.3039  32.821006  32.821937     1.8841   53.90458  -45.39502     4.9560         29 0.0000e+00
     168468   7019.462   2224.000   2192.526     3.3040     3.3040  32.820463  32.821455     1.8845   53.90458  -45.39502     4.9560         53 0.0000e+00
     168556   7023.112   2222.000   2190.564     3.3050     3.3049  32.820338  32.821166     1.8852   53.90458  -45.39502     4.9560         41 0.0000e+00
     168582   7024.226   2220.000   2188.603     3.3074     3.3073  32.821713  32.822435     1.8849   53.90456  -45.39500     4.9560         27 0.0000e+00
