Example_Files/SBE_Processing_Files/Processed_SBE_cast_files/upcasts/uar69-01_017.cnv
* Sea-Bird SBE 9 Data File:
* FileName = D:\data\ar69-01_017.hex
* Software Version Seasave V 7.26.7.107
* Temperature SN = 4491
* Conductivity SN = 3009
* Number of Bytes Per Scan = 44
* Number of Voltage Words = 5
* Number of Scans Averaged by the Deck Unit = 1
* NMEA Latitude = 59 54.25 N
* NMEA Longitude = 041 05.54 W
* NMEA UTC (Time) = Jul 05 2022  07:22:52
** Cruise ID: AR69-01
** Chief Sci:
** Station #: 017
** Site ID: M1 OSNAP acoustic releases
# nquan = 14
# nvalues = 1056                        
# units = specified
# name 0 = scan: Scan Count
# name 1 = timeS: Time, Elapsed [seconds]
# name 2 = prDM: Pressure, Digiquartz [db]
# name 3 = depSM: Depth [salt water, m]
# name 4 = t090C: Temperature [ITS-90, deg C]
# name 5 = t190C: Temperature, 2 [ITS-90, deg C]
# name 6 = c0mS/cm: Conductivity [mS/cm]
# name 7 = c1mS/cm: Conductivity, 2 [mS/cm]
# name 8 = sbeox0V: Oxygen raw, SBE 43 [V]
# name 9 = latitude: Latitude [deg]
# name 10 = longitude: Longitude [deg]
# name 11 = v7: Voltage 7
# name 12 = nbin: number of scans per bin
# name 13 = flag: flag
# span 0 =      69100,     152323       
# span 1 =   2879.117,   6346.752       
# span 2 =      2.000,   2112.000       
# span 3 =      1.981,   2081.603       
# span 4 =     1.7870,     8.1642       
# span 5 =     1.7863,     8.1659       
# span 6 =  31.402889,  36.231700       
# span 7 =  31.402747,  36.234424       
# span 8 =     1.9576,     2.8213       
# span 9 =   59.90412,   59.90414       
# span 10 =  -41.09234,  -41.09230      
# span 11 =     4.9560,     4.9573      
# span 12 =         22,        121      
# span 13 = 0.0000e+00, 0.0000e+00      
# interval = decibars: 2                
# start_time = Jul 05 2022 07:22:52 [NMEA time, first data scan]
# bad_flag = -9.990e-29
*END*
[from data line 620]
     115806   4825.226    872.000    861.973     3.7085     3.7066  32.595344  32.594820     2.2331   59.90412  -41.09231     4.9560         37 0.0000e+00
     115845   4826.819    870.000    860.001     3.7140     3.7100  32.599499  32.597299     2.2330   59.90412  -41.09231     4.9560         40 0.0000e+00
     115895   4828.898    868.000    858.028     3.7178     3.7135  32.602341  32.599570     2.2340   59.90412  -41.09232     4.9560         67 0.0000e+00
     115968   4831.947    866.000    856.055     3.7245     3.7220  32.607441  32.606056     2.2345   59.90412  -41.09231     4.9560         57 0.0000e+00
     116006   4833.561    864.000    854.082     3.7243     3.7229  32.606521  32.606463     2.2345   59.90413  -41.09231     4.9560         34 0.0000e+00
     116041   4834.994    862.000    852.109     3.7243     3.7236  32.605619  32.606312     2.2345   59.90414  -41.09232     4.9560         36 0.0000e+00
     116083   4836.748    860.000    850.136     3.7272     3.7245  32.607087  32.606208     2.2347   59.90413  -41.09232     4.9560         51 0.0000e+00
     116149   4839.516    858.000    848.163     3.7296     3.7281  32.608399  32.608496     2.2356   59.90412  -41.09231     4.9560         71 0.0000e+00
     116203   4841.740    856.000    846.190     3.7289     3.7281  32.606918  32.607514     2.2365   59.90412  -41.09230     4.9560         40 0.0000e+00
     116240   4843.307    854.000    844.217     3.7285     3.7279  32.605628  32.606387     2.2371   59.90414  -41.09232     4.9560         37 0.0000e+00
     116280   4844.938    852.000    842.244     3.7287     3.7280  32.604837  32.605635     2.2371   59.90414  -41.09232     4.9560         44 0.0000e+00
     116335   4847.267    850.000    840.271     3.7291     3.7281  32.604322  32.604911     2.2370   59.90412  -41.09231     4.9560         63 0.0000e+00
     116388   4849.456    848.000    838.298     3.7295     3.7289  32.603812  32.604633     2.2383   59.90412  -41.09231     4.9560         43 0.0000e+00
     116430   4851.217    846.000    836.324     3.7298     3.7290  32.603172  32.603938     2.2390   59.90412  -41.09232     4.9560         44 0.0000e+00
     116473   4853.016    844.000    834.351     3.7313     3.7301  32.603413  32.603706     2.2395   59.90412  -41.09232     4.9560         42 0.0000e+00
     116521   4854.996    842.000    832.378     3.7318     3.7307  32.602642  32.603267     2.2397   59.90412  -41.09232     4.9560         56 0.0000e+00
     116583   4857.567    840.000    830.405     3.7324     3.7318  32.602006  32.602825     2.2411   59.90412  -41.09231     4.9560         61 0.0000e+00
     116634   4859.694    838.000    828.432     3.7381     3.7360  32.606354  32.605509     2.2414   59.90412  -41.09232     4.9560         41 0.0000e+00
     116670   4861.199    836.000    826.458     3.7480     3.7443  32.614752  32.612116     2.2412   59.90412  -41.09232     4.9560         35 0.0000e+00
     116713   4863.008    834.000    824.485     3.7515     3.7477  32.617012  32.615124     2.2414   59.90412  -41.09232     4.9560         56 0.0000e+00
     116768   4865.310    832.000    822.512     3.7531     3.7514  32.617634  32.617319     2.2418   59.90412  -41.09232     4.9560         45 0.0000e+00
     116811   4867.067    830.000    820.539     3.7534     3.7524  32.617108  32.617501     2.2424   59.90412  -41.09232     4.9560         49 0.0000e+00
     116871   4869.565    828.000    818.565     3.7535     3.7528  32.616217  32.616929     2.2431   59.90412  -41.09232     4.9560         56 0.0000e+00
     116911   4871.241    826.000    816.592     3.7545     3.7535  32.616137  32.616657     2.2440   59.90413  -41.09232     4.9561         35 0.0000e+00
     116950   4872.858    824.000    814.619     3.7548     3.7539  32.615438  32.616157     2.2452   59.90412  -41.09232     4.9563         45 0.0000e+00
     117003   4875.085    822.000    812.645     3.7553     3.7544  32.614902  32.615497     2.2463   59.90412  -41.09232     4.9561         58 0.0000e+00
     117055   4877.249    820.000    810.672     3.7580     3.7562  32.616302  32.616045     2.2465   59.90412  -41.09232     4.9560         47 0.0000e+00
     117102   4879.208    818.000    808.699     3.7623     3.7602  32.619358  32.618715     2.2468   59.90414  -41.09232     4.9560         46 0.0000e+00
     117145   4880.993    816.000    806.725     3.7657     3.7635  32.621540  32.620736     2.2471   59.90412  -41.09232     4.9560         41 0.0000e+00
     117193   4882.993    814.000    804.752     3.7662     3.7642  32.621053  32.620766     2.2473   59.90412  -41.09232     4.9560         58 0.0000e+00
     117250   4885.382    812.000    802.779     3.7674     3.7665  32.621292  32.621818     2.2482   59.90412  -41.09232     4.9560         50 0.0000e+00
     117296   4887.283    810.000    800.805     3.7681     3.7673  32.621033  32.621674     2.2481   59.90412  -41.09232     4.9560         44 0.0000e+00
     117336   4888.944    808.000    798.832     3.7700     3.7685  32.621886  32.621952     2.2481   59.90412  -41.09232     4.9560         36 0.0000e+00
     117373   4890.498    806.000    796.858     3.7735     3.7709  32.624179  32.623165     2.2485   59.90414  -41.09232     4.9560         43 0.0000e+00
     117437   4893.184    804.000    794.885     3.7761     3.7746  32.625754  32.625692     2.2496   59.90412  -41.09232     4.9560         73 0.0000e+00
     117491   4895.426    802.000    792.911     3.7808     3.7789  32.629024  32.628514     2.2505   59.90413  -41.09232     4.9560         40 0.0000e+00
     117527   4896.923    800.000    790.937     3.7848     3.7827  32.632033  32.631268     2.2506   59.90414  -41.09232     4.9560         36 0.0000e+00
     117568   4898.632    798.000    788.964     3.7886     3.7852  32.634680  32.632649     2.2508   59.90414  -41.09232     4.9560         50 0.0000e+00
     117632   4901.286    796.000    786.990     3.7968     3.7949  32.641203  32.640771     2.2514   59.90412  -41.09232     4.9560         67 0.0000e+00
     117683   4903.421    794.000    785.017     3.7994     3.7974  32.642841  32.642307     2.2518   59.90412  -41.09232     4.9560         40 0.0000e+00
     117723   4905.075    792.000    783.043     3.8018     3.7997  32.643973  32.643443     2.2518   59.90413  -41.09232     4.9560         41 0.0000e+00
     117763   4906.768    790.000    781.070     3.8036     3.8023  32.644611  32.644750     2.2524   59.90412  -41.09232     4.9560         41 0.0000e+00
     117814   4908.864    788.000    779.096     3.8042     3.8021  32.644149  32.643914     2.2533   59.90412  -41.09232     4.9560         61 0.0000e+00
     117868   4911.142    786.000    777.122     3.8048     3.8040  32.643793  32.644519     2.2539   59.90413  -41.09232     4.9560         43 0.0000e+00
     117912   4912.956    784.000    775.148     3.8064     3.8050  32.644196  32.644584     2.2544   59.90412  -41.09232     4.9560         48 0.0000e+00
     117962   4915.037    782.000    773.175     3.8069     3.8061  32.643754  32.644523     2.2551   59.90412  -41.09232     4.9560         48 0.0000e+00
     118004   4916.807    780.000    771.201     3.8068     3.8062  32.642690  32.643588     2.2558   59.90412  -41.09232     4.9560         40 0.0000e+00
     118056   4918.942    778.000    769.227     3.8067     3.8060  32.641825  32.642729     2.2566   59.90412  -41.09232     4.9560         69 0.0000e+00
     118118   4921.526    776.000    767.254     3.8073     3.8069  32.641364  32.642271     2.2577   59.90412  -41.09232     4.9560         42 0.0000e+00
     118152   4922.974    774.000    765.279     3.8083     3.8076  32.641369  32.642061     2.2581   59.90412  -41.09232     4.9560         34 0.0000e+00
     118193   4924.658    772.000    763.306     3.8098     3.8081  32.641621  32.641621     2.2594   59.90413  -41.09232     4.9560         50 0.0000e+00
     118251   4927.084    770.000    761.332     3.8146     3.8117  32.644579  32.643521     2.2613   59.90412  -41.09232     4.9560         60 0.0000e+00
     118302   4929.191    768.000    759.358     3.8161     3.8143  32.644978  32.644683     2.2618   59.90412  -41.09232     4.9560         43 0.0000e+00
     118342   4930.886    766.000    757.384     3.8163     3.8154  32.644263  32.644833     2.2614   59.90412  -41.09232     4.9560         40 0.0000e+00
     118383   4932.597    764.000    755.410     3.8169     3.8158  32.643811  32.644331     2.2618   59.90413  -41.09232     4.9560         44 0.0000e+00
     118440   4934.955    762.000    753.437     3.8174     3.8163  32.643382  32.643910     2.2627   59.90412  -41.09232     4.9560         66 0.0000e+00
     118498   4937.394    760.000    751.462     3.8188     3.8179  32.643853  32.644411     2.2638   59.90412  -41.09232     4.9560         50 0.0000e+00
     118545   4939.353    758.000    749.489     3.8205     3.8192  32.644420  32.644647     2.2642   59.90412  -41.09232     4.9560         47 0.0000e+00
     118745   4947.658    756.000    747.515     3.8227     3.8218  32.645498  32.646046     2.2646   59.90412  -41.09232     4.9560         85 0.0000e+00
     121034   5043.041    754.000    745.541     3.8281     3.8274  32.649547  32.650210     2.2666   59.90412  -41.09231     4.9563         61 0.0000e+00
     121292   5053.806    752.000    743.567     3.8299     3.8292  32.650194  32.651069     2.2677   59.90412  -41.09232     4.9563         72 0.0000e+00
     121333   5055.483    750.000    741.593     3.8306     3.8299  32.649935  32.650655     2.2687   59.90413  -41.09232     4.9563         33 0.0000e+00
     121368   5056.961    748.000    739.619     3.8324     3.8314  32.650440  32.651023     2.2693   59.90414  -41.09232     4.9563         43 0.0000e+00
     121425   5059.341    746.000    737.645     3.8361     3.8345  32.652799  32.652655     2.2700   59.90412  -41.09232     4.9560         62 0.0000e+00
     121477   5061.504    744.000    735.671     3.8400     3.8384  32.655626  32.655423     2.2711   59.90413  -41.09232     4.9560         48 0.0000e+00
     121526   5063.545    742.000    733.696     3.8426     3.8414  32.657265  32.657406     2.2715   59.90414  -41.09232     4.9563         47 0.0000e+00
     121570   5065.364    740.000    731.722     3.8438     3.8429  32.657310  32.657810     2.2718   59.90414  -41.09232     4.9563         42 0.0000e+00
     121616   5067.294    738.000    729.748     3.8457     3.8449  32.658245  32.658744     2.2719   59.90412  -41.09231     4.9560         54 0.0000e+00
     121670   5069.558    736.000    727.774     3.8464     3.8458  32.657992  32.658702     2.2728   59.90412  -41.09230     4.9560         48 0.0000e+00
     121711   5071.250    734.000    725.800     3.8449     3.8449  32.655420  32.656938     2.2736   59.90414  -41.09232     4.9562         37 0.0000e+00
     121748   5072.810    732.000    723.826     3.8465     3.8458  32.655887  32.656537     2.2741   59.90414  -41.09232     4.9563         41 0.0000e+00
     121808   5075.305    730.000    721.851     3.8497     3.8487  32.658058  32.658445     2.2748   59.90412  -41.09231     4.9564         76 0.0000e+00
     121868   5077.811    728.000    719.877     3.8513     3.8506  32.658580  32.659319     2.2748   59.90412  -41.09230     4.9563         38 0.0000e+00
     121901   5079.161    726.000    717.903     3.8520     3.8513  32.658376  32.659106     2.2749   59.90414  -41.09232     4.9563         33 0.0000e+00
     121940   5080.800    724.000    715.929     3.8522     3.8515  32.657802  32.658602     2.2750   59.90414  -41.09233     4.9563         51 0.0000e+00
     122000   5083.297    722.000    713.954     3.8534     3.8526  32.657955  32.658557     2.2756   59.90413  -41.09232     4.9563         59 0.0000e+00
     122055   5085.574    720.000    711.980     3.8543     3.8536  32.657879  32.658648     2.2770   59.90412  -41.09230     4.9563         54 0.0000e+00
     122101   5087.514    718.000    710.006     3.8564     3.8556  32.658752  32.659356     2.2781   59.90412  -41.09232     4.9563         38 0.0000e+00
     122137   5089.000    716.000    708.031     3.8579     3.8569  32.659139  32.659663     2.2792   59.90414  -41.09232     4.9563         37 0.0000e+00
     122181   5090.834    714.000    706.057     3.8589     3.8581  32.659060  32.659766     2.2797   59.90414  -41.09232     4.9563         50 0.0000e+00
     122232   5092.954    712.000    704.083     3.8604     3.8590  32.659464  32.659630     2.2800   59.90412  -41.09232     4.9560         53 0.0000e+00
     122288   5095.276    710.000    702.108     3.8618     3.8610  32.659727  32.660418     2.2806   59.90412  -41.09232     4.9560         52 0.0000e+00
     122331   5097.089    708.000    700.134     3.8608     3.8606  32.658033  32.659257     2.2808   59.90412  -41.09232     4.9560         40 0.0000e+00
     122375   5098.932    706.000    698.159     3.8617     3.8607  32.657924  32.658438     2.2809   59.90412  -41.09232     4.9560         49 0.0000e+00
     122428   5101.110    704.000    696.185     3.8616     3.8610  32.656966  32.657968     2.2826   59.90412  -41.09232     4.9560         54 0.0000e+00
     122481   5103.340    702.000    694.211     3.8612     3.8610  32.655739  32.656876     2.2837   59.90412  -41.09232     4.9560         52 0.0000e+00
     122527   5105.255    700.000    692.236     3.8658     3.8642  32.658806  32.658470     2.2850   59.90412  -41.09232     4.9563         39 0.0000e+00
     122562   5106.718    698.000    690.262     3.8712     3.8692  32.662577  32.661783     2.2855   59.90412  -41.09232     4.9563         35 0.0000e+00
     122614   5108.856    696.000    688.287     3.8734     3.8721  32.663587  32.663748     2.2863   59.90412  -41.09232     4.9561         69 0.0000e+00
     122674   5111.365    694.000    686.312     3.8757     3.8752  32.664693  32.665604     2.2875   59.90412  -41.09232     4.9560         43 0.0000e+00
     122710   5112.892    692.000    684.338     3.8756     3.8751  32.663877  32.664649     2.2876   59.90412  -41.09232     4.9564         35 0.0000e+00
     122748   5114.465    690.000    682.363     3.8763     3.8757  32.663603  32.664360     2.2880   59.90412  -41.09232     4.9564         43 0.0000e+00
     122809   5117.014    688.000    680.389     3.8773     3.8765  32.663561  32.664310     2.2887   59.90412  -41.09232     4.9561         81 0.0000e+00
     122873   5119.684    686.000    678.414     3.8781     3.8778  32.663441  32.664480     2.2891   59.90412  -41.09232     4.9560         38 0.0000e+00
     122903   5120.932    684.000    676.439     3.8813     3.8799  32.665174  32.665421     2.2894   59.90414  -41.09232     4.9560         28 0.0000e+00
     122935   5122.262    682.000    674.465     3.8824     3.8809  32.665431  32.665576     2.2894   59.90414  -41.09232     4.9560         39 0.0000e+00
     123000   5124.943    680.000    672.490     3.8836     3.8828  32.665634  32.666334     2.2907   59.90412  -41.09232     4.9560         80 0.0000e+00
     123061   5127.509    678.000    670.516     3.8836     3.8829  32.664758  32.665544     2.2917   59.90414  -41.09232     4.9560         45 0.0000e+00
     123099   5129.082    676.000    668.541     3.8834     3.8828  32.663592  32.664606     2.2922   59.90414  -41.09232     4.9562         34 0.0000e+00
     123131   5130.425    674.000    666.566     3.8829     3.8824  32.662319  32.663373     2.2931   59.90414  -41.09232     4.9563         33 0.0000e+00
     123184   5132.634    672.000    664.591     3.8829     3.8822  32.661453  32.662375     2.2942   59.90413  -41.09232     4.9563         76 0.0000e+00
     123246   5135.199    670.000    662.616     3.8834     3.8830  32.660969  32.661998     2.2945   59.90414  -41.09232     4.9564         38 0.0000e+00
