Example_Files/SBE_Processing_Files/Processed_SBE_cast_files/upcasts/uar69-01_019.cnv
* Sea-Bird SBE 9 Data File:
* FileName = D:\data\ar69-01_019.hex
* Software Version Seasave V 7.26.7.107
* Temperature SN = 4491
* Conductivity SN = 3009
* Number of Bytes Per Scan = 44
* Number of Voltage Words = 5
* Number of Scans Averaged by the Deck Unit = 1
* NMEA Latitude = 59 46.49 N
* NMEA Longitude = 039 54.39 W
* NMEA UTC (Time) = Jul 05 2022  21:23:04
** Cruise ID: AR69-01
** Chief Sci:
** Station #: 019
** Site ID: FLMA
# nquan = 14
# nvalues = 1313                        
# units = specified
# name 0 = scan: Scan Count
# name 1 = timeS: Time, Elapsed [seconds]
# name 2 = prDM: Pressure, Digiquartz [db]
# name 3 = depSM: Depth [salt water, m]
# name 4 = t090C: Temperature [ITS-90, deg C]
# name 5 = t190C: Temperature, 2 [ITS-90, deg C]
# name 6 = c0mS/cm: Conductivity [mS/cm]
# name 7 = c1mS/cm: Conductivity, 2 [mS/cm]
# name 8 = sbeox0V: Oxygen raw, SBE 43 [V]
# name 9 = latitude: Latitude [deg]
# name 10 = longitude: Longitude [deg]
# name 11 = v7: Voltage 7
# name 12 = nbin: number of scans per bin
# name 13 = flag: flag
# span 0 =      70847,     162439       
# span 1 =   2951.908,   6768.253       
# span 2 =      2.000,   2626.000       
# span 3 =      1.981,   2585.134       
# span 4 =     1.9461,     7.6888       
# span 5 =     1.9455,     7.6968       
# span 6 =  31.747658,  35.677391       
# span 7 =  31.747357,  35.685256       
# span 8 =     1.8415,     2.8491       
# span 9 =   59.77484,   59.77491       
# span 10 =  -39.90657,  -39.90652      
# span 11 =     4.9560,     4.9568      
# span 12 =         22,        134      
# span 13 = 0.0000e+00, 0.0000e+00      
# interval = decibars: 2                
# start_time = Jul 05 2022 21:23:05 [NMEA time, first data scan]
# bad_flag = -9.990e-29
*END*
[from data line 310]
      89817   3742.322   2006.000   1977.640     3.1513     3.1517  32.604995  32.605839     1.9248   59.77488  -39.90654     4.9560         33 0.0000e+00
      89866   3744.384   2004.000   1975.677     3.1515     3.1516  32.604529  32.605168     1.9253   59.77488  -39.90654     4.9560         75 0.0000e+00
      89930   3747.026   2002.000   1973.715     3.1520     3.1523  32.604034  32.604805     1.9259   59.77488  -39.90654     4.9560         37 0.0000e+00
      89961   3748.323   2000.000   1971.752     3.1527     3.1530  32.603860  32.604657     1.9260   59.77488  -39.90654     4.9560         32 0.0000e+00
      90005   3750.153   1998.000   1969.790     3.1539     3.1540  32.604235  32.604987     1.9265   59.77488  -39.90654     4.9560         61 0.0000e+00
      90065   3752.675   1996.000   1967.827     3.1548     3.1558  32.604096  32.605537     1.9269   59.77488  -39.90656     4.9560         47 0.0000e+00
      90104   3754.272   1994.000   1965.865     3.1565     3.1569  32.604883  32.605693     1.9272   59.77488  -39.90654     4.9560         37 0.0000e+00
      90149   3756.184   1992.000   1963.902     3.1572     3.1575  32.604767  32.605427     1.9277   59.77488  -39.90654     4.9560         59 0.0000e+00
      90209   3758.685   1990.000   1961.940     3.1582     3.1596  32.604758  32.606420     1.9284   59.77488  -39.90656     4.9560         48 0.0000e+00
      90247   3760.231   1988.000   1959.977     3.1612     3.1617  32.606616  32.607490     1.9285   59.77488  -39.90655     4.9560         33 0.0000e+00
      90284   3761.786   1986.000   1958.014     3.1631     3.1634  32.607599  32.608341     1.9291   59.77488  -39.90654     4.9560         50 0.0000e+00
      90357   3764.851   1984.000   1956.052     3.1643     3.1647  32.607846  32.608836     1.9299   59.77488  -39.90655     4.9560         59 0.0000e+00
      90391   3766.246   1982.000   1954.089     3.1649     3.1651  32.607597  32.608198     1.9300   59.77488  -39.90654     4.9560         31 0.0000e+00
      90428   3767.812   1980.000   1952.126     3.1652     3.1654  32.607052  32.607753     1.9302   59.77488  -39.90654     4.9560         50 0.0000e+00
      90486   3770.225   1978.000   1950.164     3.1656     3.1661  32.606447  32.607438     1.9305   59.77488  -39.90656     4.9560         55 0.0000e+00
      90534   3772.214   1976.000   1948.201     3.1664     3.1665  32.606411  32.607098     1.9309   59.77489  -39.90655     4.9560         47 0.0000e+00
      90581   3774.176   1974.000   1946.238     3.1671     3.1674  32.606192  32.606967     1.9311   59.77489  -39.90654     4.9560         44 0.0000e+00
      90623   3775.924   1972.000   1944.275     3.1675     3.1679  32.605743  32.606604     1.9317   59.77488  -39.90654     4.9560         42 0.0000e+00
      90673   3777.985   1970.000   1942.313     3.1682     3.1689  32.605639  32.606741     1.9324   59.77489  -39.90654     4.9560         59 0.0000e+00
      90729   3780.324   1968.000   1940.350     3.1711     3.1728  32.607320  32.609247     1.9329   59.77490  -39.90654     4.9560         46 0.0000e+00
      90767   3781.934   1966.000   1938.387     3.1746     3.1745  32.609780  32.610127     1.9331   59.77490  -39.90654     4.9560         35 0.0000e+00
      90804   3783.474   1964.000   1936.425     3.1752     3.1752  32.609481  32.609931     1.9333   59.77490  -39.90654     4.9560         42 0.0000e+00
      90858   3785.706   1962.000   1934.461     3.1755     3.1761  32.608989  32.610048     1.9340   59.77490  -39.90654     4.9560         63 0.0000e+00
      90913   3787.980   1960.000   1932.499     3.1767     3.1771  32.609006  32.609849     1.9342   59.77490  -39.90654     4.9560         43 0.0000e+00
      90953   3789.661   1958.000   1930.536     3.1768     3.1770  32.608180  32.608933     1.9346   59.77490  -39.90654     4.9560         42 0.0000e+00
      91008   3791.967   1956.000   1928.573     3.1768     3.1779  32.607421  32.608797     1.9353   59.77490  -39.90654     4.9560         68 0.0000e+00
      91063   3794.264   1954.000   1926.610     3.1793     3.1799  32.608490  32.609514     1.9357   59.77490  -39.90654     4.9560         37 0.0000e+00
      91096   3795.608   1952.000   1924.647     3.1809     3.1811  32.609152  32.609821     1.9360   59.77490  -39.90654     4.9560         32 0.0000e+00
      91133   3797.163   1950.000   1922.684     3.1811     3.1823  32.608529  32.610063     1.9367   59.77490  -39.90654     4.9560         45 0.0000e+00
      91198   3799.858   1948.000   1920.721     3.1832     3.1849  32.609542  32.611606     1.9376   59.77490  -39.90654     4.9560         74 0.0000e+00
      91250   3802.039   1946.000   1918.758     3.1881     3.1892  32.613039  32.614593     1.9377   59.77490  -39.90654     4.9560         35 0.0000e+00
      91282   3803.361   1944.000   1916.795     3.1904     3.1912  32.614425  32.615428     1.9380   59.77490  -39.90654     4.9560         31 0.0000e+00
      91321   3805.021   1942.000   1914.832     3.1916     3.1921  32.614839  32.615910     1.9386   59.77490  -39.90654     4.9560         56 0.0000e+00
      91392   3807.973   1940.000   1912.869     3.1936     3.1938  32.615704  32.616451     1.9394   59.77490  -39.90654     4.9560         61 0.0000e+00
      91432   3809.620   1938.000   1910.906     3.1944     3.1947  32.615597  32.616330     1.9398   59.77490  -39.90654     4.9560         36 0.0000e+00
      91472   3811.295   1936.000   1908.943     3.1952     3.1965  32.615473  32.616998     1.9401   59.77490  -39.90654     4.9560         46 0.0000e+00
      91522   3813.390   1934.000   1906.980     3.1986     3.2009  32.617654  32.620064     1.9402   59.77490  -39.90654     4.9560         49 0.0000e+00
      91569   3815.313   1932.000   1905.017     3.2037     3.2047  32.621652  32.623010     1.9406   59.77490  -39.90654     4.9560         49 0.0000e+00
      91624   3817.644   1930.000   1903.054     3.2061     3.2083  32.623044  32.625304     1.9413   59.77490  -39.90654     4.9560         53 0.0000e+00
      91665   3819.337   1928.000   1901.090     3.2116     3.2119  32.627131  32.627917     1.9416   59.77490  -39.90654     4.9560         35 0.0000e+00
      91706   3821.035   1926.000   1899.127     3.2130     3.2133  32.627628  32.628508     1.9420   59.77490  -39.90654     4.9560         51 0.0000e+00
      91757   3823.168   1924.000   1897.164     3.2143     3.2152  32.627852  32.629171     1.9421   59.77490  -39.90654     4.9560         43 0.0000e+00
      91801   3824.986   1922.000   1895.201     3.2154     3.2160  32.628075  32.629147     1.9422   59.77490  -39.90654     4.9560         55 0.0000e+00
      91860   3827.454   1920.000   1893.238     3.2166     3.2178  32.628027  32.629574     1.9428   59.77490  -39.90654     4.9560         48 0.0000e+00
      91896   3828.961   1918.000   1891.274     3.2186     3.2190  32.628922  32.629798     1.9433   59.77490  -39.90654     4.9560         35 0.0000e+00
      91944   3830.949   1916.000   1889.311     3.2189     3.2194  32.628456  32.629419     1.9442   59.77490  -39.90654     4.9560         62 0.0000e+00
      92000   3833.302   1914.000   1887.348     3.2193     3.2196  32.627810  32.628640     1.9449   59.77490  -39.90654     4.9560         45 0.0000e+00
      92042   3835.056   1912.000   1885.384     3.2196     3.2196  32.627285  32.627967     1.9451   59.77490  -39.90654     4.9560         43 0.0000e+00
      92086   3836.887   1910.000   1883.421     3.2203     3.2206  32.627036  32.627794     1.9453   59.77488  -39.90654     4.9560         43 0.0000e+00
      92131   3838.761   1908.000   1881.458     3.2211     3.2215  32.626801  32.627704     1.9459   59.77488  -39.90654     4.9560         48 0.0000e+00
      92183   3840.931   1906.000   1879.494     3.2210     3.2219  32.625877  32.627200     1.9466   59.77488  -39.90654     4.9560         51 0.0000e+00
      92228   3842.804   1904.000   1877.531     3.2232     3.2236  32.626879  32.627850     1.9470   59.77488  -39.90654     4.9560         43 0.0000e+00
      92275   3844.742   1902.000   1875.568     3.2236     3.2240  32.626431  32.627273     1.9470   59.77488  -39.90654     4.9560         48 0.0000e+00
      92320   3846.643   1900.000   1873.604     3.2259     3.2267  32.627496  32.628790     1.9476   59.77488  -39.90654     4.9560         43 0.0000e+00
      92367   3848.572   1898.000   1871.641     3.2271     3.2281  32.627685  32.629127     1.9478   59.77488  -39.90654     4.9560         52 0.0000e+00
      92420   3850.800   1896.000   1869.677     3.2281     3.2289  32.627890  32.629204     1.9483   59.77488  -39.90654     4.9560         54 0.0000e+00
      92474   3853.051   1894.000   1867.714     3.2301     3.2301  32.628877  32.629264     1.9490   59.77488  -39.90654     4.9560         50 0.0000e+00
      92516   3854.807   1892.000   1865.750     3.2325     3.2333  32.630217  32.631261     1.9497   59.77488  -39.90654     4.9560         37 0.0000e+00
      92552   3856.293   1890.000   1863.787     3.2354     3.2352  32.632023  32.632440     1.9500   59.77488  -39.90654     4.9560         37 0.0000e+00
      92607   3858.583   1888.000   1861.824     3.2367     3.2370  32.632552  32.633492     1.9510   59.77488  -39.90654     4.9560         76 0.0000e+00
      92668   3861.110   1886.000   1859.860     3.2383     3.2394  32.632944  32.634461     1.9517   59.77488  -39.90654     4.9560         35 0.0000e+00
      92696   3862.309   1884.000   1857.896     3.2414     3.2415  32.634932  32.635417     1.9516   59.77488  -39.90654     4.9560         29 0.0000e+00
      92741   3864.169   1882.000   1855.933     3.2425     3.2434  32.635243  32.636453     1.9522   59.77488  -39.90654     4.9560         63 0.0000e+00
      92808   3866.976   1880.000   1853.969     3.2437     3.2448  32.635283  32.636743     1.9530   59.77488  -39.90654     4.9560         39 0.0000e+00
      92841   3868.316   1878.000   1852.006     3.2466     3.2468  32.636941  32.637532     1.9531   59.77488  -39.90654     4.9560         33 0.0000e+00
      92887   3870.238   1876.000   1850.042     3.2483     3.2485  32.637705  32.638596     1.9536   59.77488  -39.90654     4.9560         64 0.0000e+00
      92947   3872.759   1874.000   1848.078     3.2498     3.2506  32.638177  32.639460     1.9539   59.77488  -39.90654     4.9560         43 0.0000e+00
      92983   3874.254   1872.000   1846.114     3.2556     3.2561  32.642285  32.643442     1.9546   59.77488  -39.90654     4.9560         37 0.0000e+00
      93034   3876.386   1870.000   1844.151     3.2570     3.2589  32.643223  32.645428     1.9551   59.77488  -39.90654     4.9560         64 0.0000e+00
      93087   3878.588   1868.000   1842.188     3.2604     3.2618  32.645259  32.646825     1.9555   59.77487  -39.90654     4.9560         37 0.0000e+00
      93121   3879.997   1866.000   1840.224     3.2656     3.2662  32.649220  32.650281     1.9556   59.77486  -39.90654     4.9560         36 0.0000e+00
      93169   3881.982   1864.000   1838.260     3.2665     3.2678  32.649397  32.651132     1.9560   59.77488  -39.90654     4.9560         61 0.0000e+00
      93226   3884.395   1862.000   1836.296     3.2685     3.2720  32.650324  32.653963     1.9565   59.77488  -39.90654     4.9560         49 0.0000e+00
      93269   3886.153   1860.000   1834.332     3.2751     3.2754  32.655785  32.656494     1.9566   59.77487  -39.90654     4.9560         38 0.0000e+00
      93308   3887.796   1858.000   1832.369     3.2762     3.2777  32.656116  32.657839     1.9571   59.77486  -39.90654     4.9560         45 0.0000e+00
      93371   3890.396   1856.000   1830.405     3.2776     3.2785  32.656571  32.657974     1.9580   59.77486  -39.90654     4.9560         65 0.0000e+00
      93416   3892.298   1854.000   1828.441     3.2794     3.2807  32.657223  32.658956     1.9584   59.77486  -39.90654     4.9560         37 0.0000e+00
      93456   3893.967   1852.000   1826.477     3.2810     3.2817  32.657855  32.659019     1.9590   59.77486  -39.90654     4.9560         45 0.0000e+00
      93504   3895.954   1850.000   1824.513     3.2817     3.2831  32.657608  32.659201     1.9593   59.77486  -39.90654     4.9560         49 0.0000e+00
      93556   3898.109   1848.000   1822.549     3.2841     3.2857  32.658654  32.660306     1.9601   59.77486  -39.90654     4.9560         52 0.0000e+00
      93600   3899.974   1846.000   1820.586     3.2873     3.2881  32.660471  32.661526     1.9607   59.77486  -39.90654     4.9560         39 0.0000e+00
      93640   3901.637   1844.000   1818.622     3.2883     3.2885  32.660566  32.661382     1.9610   59.77486  -39.90654     4.9560         45 0.0000e+00
      93695   3903.908   1842.000   1816.658     3.2885     3.2888  32.659993  32.660909     1.9612   59.77486  -39.90655     4.9560         56 0.0000e+00
      93743   3905.898   1840.000   1814.694     3.2893     3.2898  32.659775  32.660783     1.9615   59.77486  -39.90654     4.9560         44 0.0000e+00
      93791   3907.904   1838.000   1812.730     3.2897     3.2902  32.659366  32.660400     1.9618   59.77486  -39.90654     4.9560         52 0.0000e+00
      93836   3909.792   1836.000   1810.766     3.2918     3.2927  32.660385  32.661922     1.9620   59.77486  -39.90655     4.9560         38 0.0000e+00
      93874   3911.388   1834.000   1808.802     3.2940     3.2943  32.661915  32.662784     1.9625   59.77486  -39.90654     4.9560         46 0.0000e+00
      93951   3914.582   1832.000   1806.838     3.2955     3.2954  32.662503  32.663160     1.9630   59.77486  -39.90654     4.9560         52 0.0000e+00
      93986   3916.031   1830.000   1804.874     3.2990     3.2996  32.665144  32.666053     1.9632   59.77486  -39.90654     4.9560         28 0.0000e+00
      94016   3917.288   1828.000   1802.909     3.3009     3.3018  32.666270  32.667641     1.9634   59.77486  -39.90654     4.9560         36 0.0000e+00
      94073   3919.648   1826.000   1800.945     3.3038     3.3050  32.668353  32.670010     1.9639   59.77487  -39.90656     4.9560         69 0.0000e+00
      94124   3921.772   1824.000   1798.981     3.3061     3.3085  32.669372  32.671911     1.9644   59.77486  -39.90655     4.9560         37 0.0000e+00
      94165   3923.497   1822.000   1797.017     3.3104     3.3101  32.672448  32.672833     1.9650   59.77486  -39.90654     4.9560         50 0.0000e+00
      94219   3925.742   1820.000   1795.053     3.3109     3.3114  32.672030  32.673190     1.9655   59.77486  -39.90655     4.9560         50 0.0000e+00
      94261   3927.513   1818.000   1793.089     3.3121     3.3124  32.672339  32.673220     1.9656   59.77486  -39.90656     4.9560         40 0.0000e+00
      94306   3929.358   1816.000   1791.125     3.3125     3.3130  32.671878  32.673018     1.9659   59.77486  -39.90655     4.9560         53 0.0000e+00
      94367   3931.901   1814.000   1789.161     3.3134     3.3139  32.671988  32.672976     1.9664   59.77486  -39.90654     4.9560         55 0.0000e+00
      94409   3933.646   1812.000   1787.196     3.3169     3.3174  32.674052  32.674962     1.9665   59.77486  -39.90654     4.9560         37 0.0000e+00
      94448   3935.288   1810.000   1785.232     3.3178     3.3182  32.674022  32.675075     1.9670   59.77486  -39.90654     4.9560         44 0.0000e+00
      94497   3937.313   1808.000   1783.268     3.3180     3.3188  32.673578  32.674699     1.9678   59.77486  -39.90655     4.9560         55 0.0000e+00
      94557   3939.826   1806.000   1781.304     3.3202     3.3211  32.674572  32.675854     1.9686   59.77486  -39.90655     4.9560         57 0.0000e+00
      94602   3941.705   1804.000   1779.339     3.3238     3.3239  32.676614  32.677216     1.9690   59.77486  -39.90654     4.9560         37 0.0000e+00
