Example_Files/SBE_Processing_Files/Processed_SBE_cast_files/upcasts/uar69-01_017.cnv
* Sea-Bird SBE 9 Data File:
* FileName = D:\data\ar69-01_017.hex
* Software Version Seasave V 7.26.7.107
* Temperature SN = 4491
* Conductivity SN = 3009
* Number of Bytes Per Scan = 44
* Number of Voltage Words = 5
* Number of Scans Averaged by the Deck Unit = 1
* NMEA Latitude = 59 54.25 N
* NMEA Longitude = 041 05.54 W
* NMEA UTC (Time) = Jul 05 2022  07:22:52
** Cruise ID: AR69-01
** Chief Sci:
** Station #: 017
** Site ID: M1 OSNAP acoustic releases
# nquan = 14
# nvalues = 1056                        
# units = specified
# name 0 = scan: Scan Count
# name 1 = timeS: Time, Elapsed [seconds]
# name 2 = prDM: Pressure, Digiquartz [db]
# name 3 = depSM: Depth [salt water, m]
# name 4 = t090C: Temperature [ITS-90, deg C]
# name 5 = t190C: Temperature, 2 [ITS-90, deg C]
# name 6 = c0mS/cm: Conductivity [mS/cm]
# name 7 = c1mS/cm: Conductivity, 2 [mS/cm]
# name 8 = sbeox0V: Oxygen raw, SBE 43 [V]
# name 9 = latitude: Latitude [deg]
# name 10 = longitude: Longitude [deg]
# name 11 = v7: Voltage 7
# name 12 = nbin: number of scans per bin
# name 13 = flag: flag
# span 0 =      69100,     152323       
# span 1 =   2879.117,   6346.752       
# span 2 =      2.000,   2112.000       
# span 3 =      1.981,   2081.603       
# span 4 =     1.7870,     8.1642       
# span 5 =     1.7863,     8.1659       
# span 6 =  31.402889,  36.231700       
# span 7 =  31.402747,  36.234424       
# span 8 =     1.9576,     2.8213       
# span 9 =   59.90412,   59.90414       
# span 10 =  -41.09234,  -41.09230      
# span 11 =     4.9560,     4.9573      
# span 12 =         22,        121      
# span 13 = 0.0000e+00, 0.0000e+00      
# interval = decibars: 2                
# start_time = Jul 05 2022 07:22:52 [NMEA time, first data scan]
# bad_flag = -9.990e-29
*END*
[from data line 310]
      96317   4013.152   1492.000   1472.672     3.2000     3.1997  32.415306  32.415885     2.0676   59.90414  -41.09232     4.9560         60 0.0000e+00
      96365   4015.181   1490.000   1470.705     3.1979     3.1980  32.411867  32.413144     2.0696   59.90414  -41.09232     4.9560         44 0.0000e+00
      96409   4017.015   1488.000   1468.738     3.1996     3.1987  32.411595  32.411492     2.0708   59.90414  -41.09232     4.9560         42 0.0000e+00
      96448   4018.636   1486.000   1466.771     3.2030     3.2026  32.413704  32.413948     2.0715   59.90414  -41.09232     4.9560         38 0.0000e+00
      96494   4020.531   1484.000   1464.804     3.2049     3.2053  32.414717  32.415731     2.0724   59.90414  -41.09232     4.9560         58 0.0000e+00
      96554   4023.053   1482.000   1462.836     3.2082     3.2087  32.417022  32.418126     2.0724   59.90414  -41.09232     4.9560         51 0.0000e+00
      96596   4024.783   1480.000   1460.869     3.2086     3.2082  32.416387  32.416904     2.0726   59.90414  -41.09232     4.9560         38 0.0000e+00
      96637   4026.485   1478.000   1458.902     3.2090     3.2090  32.415882  32.416902     2.0733   59.90414  -41.09232     4.9560         46 0.0000e+00
      96685   4028.519   1476.000   1456.935     3.2094     3.2092  32.415449  32.416152     2.0736   59.90414  -41.09232     4.9560         50 0.0000e+00
      96736   4030.623   1474.000   1454.967     3.2151     3.2160  32.420511  32.421378     2.0739   59.90414  -41.09232     4.9560         54 0.0000e+00
      96794   4033.039   1472.000   1453.000     3.2253     3.2237  32.429319  32.428731     2.0748   59.90412  -41.09232     4.9560         53 0.0000e+00
      96837   4034.836   1470.000   1451.033     3.2238     3.2235  32.426814  32.427617     2.0756   59.90412  -41.09233     4.9560         38 0.0000e+00
      96874   4036.388   1468.000   1449.066     3.2214     3.2213  32.422658  32.423769     2.0769   59.90412  -41.09234     4.9560         39 0.0000e+00
      96918   4038.197   1466.000   1447.098     3.2211     3.2208  32.420952  32.421753     2.0778   59.90412  -41.09232     4.9560         50 0.0000e+00
      96976   4040.635   1464.000   1445.131     3.2239     3.2232  32.422495  32.422728     2.0788   59.90412  -41.09232     4.9560         56 0.0000e+00
      97021   4042.497   1462.000   1443.163     3.2340     3.2330  32.430373  32.429868     2.0800   59.90412  -41.09232     4.9560         39 0.0000e+00
      97063   4044.262   1460.000   1441.196     3.2368     3.2357  32.431691  32.431477     2.0811   59.90412  -41.09233     4.9560         49 0.0000e+00
      97118   4046.531   1458.000   1439.229     3.2401     3.2394  32.433342  32.433541     2.0821   59.90412  -41.09233     4.9560         53 0.0000e+00
      97162   4048.385   1456.000   1437.261     3.2427     3.2420  32.434789  32.434974     2.0825   59.90412  -41.09232     4.9560         38 0.0000e+00
      97201   4050.021   1454.000   1435.294     3.2444     3.2438  32.435387  32.435725     2.0826   59.90412  -41.09232     4.9560         44 0.0000e+00
      97251   4052.097   1452.000   1433.326     3.2456     3.2455  32.435656  32.436347     2.0832   59.90412  -41.09234     4.9560         53 0.0000e+00
      97301   4054.175   1450.000   1431.359     3.2452     3.2451  32.434410  32.435303     2.0841   59.90412  -41.09234     4.9560         49 0.0000e+00
      97356   4056.466   1448.000   1429.391     3.2455     3.2453  32.433710  32.434507     2.0850   59.90412  -41.09232     4.9560         55 0.0000e+00
      97403   4058.399   1446.000   1427.424     3.2456     3.2454  32.433030  32.433730     2.0854   59.90412  -41.09232     4.9560         39 0.0000e+00
      97441   4059.984   1444.000   1425.456     3.2470     3.2464  32.433231  32.433585     2.0860   59.90412  -41.09234     4.9560         39 0.0000e+00
      97484   4061.806   1442.000   1423.488     3.2477     3.2477  32.432980  32.433895     2.0867   59.90412  -41.09234     4.9560         49 0.0000e+00
      97536   4063.948   1440.000   1421.521     3.2482     3.2483  32.432506  32.433638     2.0868   59.90412  -41.09232     4.9560         51 0.0000e+00
      97583   4065.905   1438.000   1419.553     3.2486     3.2484  32.432018  32.432797     2.0878   59.90412  -41.09232     4.9560         43 0.0000e+00
      97625   4067.667   1436.000   1417.586     3.2492     3.2488  32.431134  32.431935     2.0886   59.90412  -41.09232     4.9560         46 0.0000e+00
      97680   4069.964   1434.000   1415.618     3.2485     3.2485  32.429215  32.430177     2.0899   59.90412  -41.09232     4.9560         61 0.0000e+00
      97734   4072.212   1432.000   1413.650     3.2480     3.2479  32.427580  32.428636     2.0908   59.90412  -41.09233     4.9560         45 0.0000e+00
      97775   4073.904   1430.000   1411.683     3.2476     3.2475  32.426283  32.427242     2.0908   59.90412  -41.09232     4.9560         39 0.0000e+00
      97816   4075.609   1428.000   1409.715     3.2475     3.2472  32.425330  32.426129     2.0917   59.90412  -41.09232     4.9560         45 0.0000e+00
      97867   4077.758   1426.000   1407.747     3.2474     3.2472  32.424225  32.425051     2.0926   59.90412  -41.09232     4.9560         53 0.0000e+00
      97915   4079.752   1424.000   1405.779     3.2472     3.2470  32.423140  32.424028     2.0933   59.90412  -41.09232     4.9560         45 0.0000e+00
      97961   4081.670   1422.000   1403.812     3.2478     3.2476  32.422728  32.423528     2.0937   59.90412  -41.09232     4.9560         46 0.0000e+00
      98004   4083.470   1420.000   1401.844     3.2482     3.2480  32.422178  32.422956     2.0941   59.90412  -41.09232     4.9560         42 0.0000e+00
      98049   4085.319   1418.000   1399.876     3.2483     3.2480  32.421408  32.422177     2.0947   59.90412  -41.09232     4.9560         48 0.0000e+00
      98103   4087.589   1416.000   1397.908     3.2505     3.2495  32.422500  32.422578     2.0954   59.90412  -41.09232     4.9560         60 0.0000e+00
      98160   4089.938   1414.000   1395.940     3.2519     3.2513  32.423092  32.423507     2.0957   59.90412  -41.09232     4.9560         47 0.0000e+00
      98198   4091.544   1412.000   1393.972     3.2521     3.2517  32.422533  32.423101     2.0957   59.90412  -41.09232     4.9560         35 0.0000e+00
      98235   4093.104   1410.000   1392.005     3.2524     3.2520  32.421898  32.422554     2.0958   59.90412  -41.09232     4.9560         42 0.0000e+00
      98287   4095.245   1408.000   1390.037     3.2524     3.2520  32.420966  32.421627     2.0969   59.90412  -41.09232     4.9560         60 0.0000e+00
      98346   4097.717   1406.000   1388.069     3.2535     3.2527  32.421019  32.421371     2.0981   59.90412  -41.09232     4.9560         55 0.0000e+00
      98394   4099.717   1404.000   1386.101     3.2546     3.2538  32.421210  32.421474     2.0989   59.90412  -41.09232     4.9560         41 0.0000e+00
      98430   4101.221   1402.000   1384.133     3.2565     3.2558  32.422055  32.422283     2.0989   59.90412  -41.09232     4.9560         33 0.0000e+00
      98466   4102.704   1400.000   1382.165     3.2608     3.2605  32.425067  32.425655     2.0994   59.90412  -41.09232     4.9560         41 0.0000e+00
      98524   4105.132   1398.000   1380.197     3.2631     3.2629  32.426427  32.427406     2.1000   59.90412  -41.09232     4.9560         71 0.0000e+00
      98582   4107.547   1396.000   1378.229     3.2679     3.2670  32.430055  32.430049     2.1002   59.90412  -41.09232     4.9560         45 0.0000e+00
      98624   4109.297   1394.000   1376.261     3.2737     3.2720  32.434393  32.433669     2.1007   59.90412  -41.09232     4.9560         41 0.0000e+00
      98667   4111.077   1392.000   1374.293     3.2767     3.2758  32.436371  32.436340     2.1012   59.90412  -41.09232     4.9560         45 0.0000e+00
      98711   4112.913   1390.000   1372.325     3.2809     3.2791  32.439244  32.438293     2.1017   59.90412  -41.09232     4.9560         43 0.0000e+00
      98758   4114.895   1388.000   1370.357     3.2856     3.2824  32.442527  32.440678     2.1018   59.90412  -41.09232     4.9560         58 0.0000e+00
      98824   4117.615   1386.000   1368.389     3.2888     3.2863  32.444519  32.443219     2.1022   59.90412  -41.09232     4.9560         55 0.0000e+00
      98863   4119.240   1384.000   1366.421     3.2911     3.2902  32.446077  32.445964     2.1026   59.90412  -41.09232     4.9560         33 0.0000e+00
      98896   4120.605   1382.000   1364.452     3.2927     3.2924  32.446539  32.447299     2.1029   59.90412  -41.09232     4.9560         36 0.0000e+00
      98943   4122.567   1380.000   1362.484     3.2943     3.2934  32.447150  32.447459     2.1035   59.90412  -41.09232     4.9560         60 0.0000e+00
      99006   4125.201   1378.000   1360.516     3.2980     3.2969  32.449734  32.449570     2.1046   59.90412  -41.09232     4.9560         59 0.0000e+00
      99053   4127.181   1376.000   1358.548     3.3004     3.2993  32.451158  32.450983     2.1054   59.90412  -41.09232     4.9560         37 0.0000e+00
      99088   4128.610   1374.000   1356.580     3.3047     3.3035  32.454171  32.453986     2.1055   59.90412  -41.09232     4.9560         35 0.0000e+00
      99130   4130.388   1372.000   1354.612     3.3063     3.3056  32.454705  32.455248     2.1052   59.90412  -41.09232     4.9560         55 0.0000e+00
      99194   4133.032   1370.000   1352.643     3.3093     3.3079  32.456676  32.456271     2.1055   59.90412  -41.09232     4.9560         62 0.0000e+00
      99245   4135.168   1368.000   1350.675     3.3112     3.3102  32.457428  32.457526     2.1061   59.90412  -41.09232     4.9560         44 0.0000e+00
      99286   4136.877   1366.000   1348.707     3.3113     3.3107  32.456705  32.457184     2.1069   59.90412  -41.09232     4.9560         40 0.0000e+00
      99328   4138.612   1364.000   1346.739     3.3120     3.3113  32.456483  32.456919     2.1074   59.90412  -41.09232     4.9560         43 0.0000e+00
      99371   4140.434   1362.000   1344.770     3.3143     3.3132  32.457816  32.457867     2.1081   59.90412  -41.09232     4.9560         45 0.0000e+00
      99427   4142.751   1360.000   1342.802     3.3160     3.3143  32.458420  32.458213     2.1087   59.90412  -41.09232     4.9560         63 0.0000e+00
      99478   4144.856   1358.000   1340.833     3.3194     3.3184  32.460480  32.460607     2.1089   59.90412  -41.09232     4.9560         38 0.0000e+00
      99515   4146.411   1356.000   1338.865     3.3191     3.3187  32.459458  32.460119     2.1096   59.90412  -41.09232     4.9560         41 0.0000e+00
      99565   4148.489   1354.000   1336.897     3.3193     3.3188  32.458559  32.459246     2.1103   59.90412  -41.09232     4.9560         56 0.0000e+00
      99615   4150.569   1352.000   1334.928     3.3197     3.3194  32.458015  32.458632     2.1111   59.90412  -41.09232     4.9560         44 0.0000e+00
      99664   4152.619   1350.000   1332.960     3.3211     3.3200  32.458346  32.458436     2.1120   59.90412  -41.09232     4.9560         56 0.0000e+00
      99715   4154.761   1348.000   1330.991     3.3229     3.3221  32.459019  32.459329     2.1127   59.90412  -41.09232     4.9560         44 0.0000e+00
      99759   4156.599   1346.000   1329.023     3.3235     3.3227  32.458757  32.459072     2.1128   59.90412  -41.09232     4.9560         48 0.0000e+00
      99807   4158.592   1344.000   1327.054     3.3249     3.3243  32.459050  32.459577     2.1133   59.90412  -41.09232     4.9560         43 0.0000e+00
      99847   4160.270   1342.000   1325.086     3.3265     3.3252  32.459717  32.459560     2.1137   59.90412  -41.09232     4.9560         40 0.0000e+00
      99893   4162.172   1340.000   1323.118     3.3278     3.3265  32.460101  32.459924     2.1143   59.90412  -41.09232     4.9560         54 0.0000e+00
      99952   4164.616   1338.000   1321.149     3.3291     3.3280  32.460419  32.460479     2.1150   59.90412  -41.09232     4.9560         56 0.0000e+00
      99998   4166.525   1336.000   1319.180     3.3284     3.3284  32.459021  32.460052     2.1150   59.90412  -41.09232     4.9560         39 0.0000e+00
     100036   4168.126   1334.000   1317.212     3.3288     3.3286  32.458510  32.459269     2.1152   59.90412  -41.09232     4.9560         39 0.0000e+00
     100079   4169.903   1332.000   1315.243     3.3283     3.3278  32.457184  32.457886     2.1157   59.90412  -41.09232     4.9560         50 0.0000e+00
     100141   4172.499   1330.000   1313.275     3.3304     3.3299  32.458271  32.458848     2.1164   59.90412  -41.09232     4.9560         63 0.0000e+00
     100190   4174.531   1328.000   1311.306     3.3320     3.3313  32.458892  32.459368     2.1167   59.90412  -41.09232     4.9560         39 0.0000e+00
     100228   4176.131   1326.000   1309.337     3.3328     3.3320  32.458871  32.459079     2.1173   59.90412  -41.09232     4.9560         40 0.0000e+00
     100274   4178.039   1324.000   1307.369     3.3354     3.3330  32.460371  32.459217     2.1176   59.90412  -41.09232     4.9560         55 0.0000e+00
     100330   4180.392   1322.000   1305.400     3.3403     3.3383  32.463823  32.462835     2.1185   59.90412  -41.09232     4.9560         49 0.0000e+00
     100373   4182.156   1320.000   1303.431     3.3429     3.3415  32.465559  32.465214     2.1189   59.90412  -41.09231     4.9560         41 0.0000e+00
     100417   4183.981   1318.000   1301.462     3.3446     3.3430  32.466233  32.465681     2.1192   59.90412  -41.09232     4.9560         47 0.0000e+00
     100465   4185.992   1316.000   1299.494     3.3466     3.3449  32.467133  32.466644     2.1195   59.90412  -41.09232     4.9560         48 0.0000e+00
     100511   4187.903   1314.000   1297.525     3.3486     3.3472  32.468267  32.467860     2.1198   59.90412  -41.09232     4.9560         45 0.0000e+00
     100561   4190.012   1312.000   1295.556     3.3500     3.3488  32.468668  32.468646     2.1207   59.90412  -41.09232     4.9560         59 0.0000e+00
     100619   4192.396   1310.000   1293.588     3.3509     3.3499  32.468512  32.468732     2.1212   59.90412  -41.09232     4.9560         48 0.0000e+00
     100660   4194.129   1308.000   1291.619     3.3513     3.3507  32.468119  32.468525     2.1218   59.90412  -41.09232     4.9560         40 0.0000e+00
     100702   4195.854   1306.000   1289.650     3.3540     3.3527  32.469573  32.469375     2.1221   59.90412  -41.09232     4.9560         43 0.0000e+00
     100749   4197.819   1304.000   1287.681     3.3575     3.3558  32.471849  32.471331     2.1226   59.90412  -41.09232     4.9560         52 0.0000e+00
     100806   4200.202   1302.000   1285.712     3.3609     3.3587  32.473750  32.473045     2.1234   59.90412  -41.09232     4.9560         59 0.0000e+00
     100855   4202.245   1300.000   1283.743     3.3643     3.3629  32.476046  32.475701     2.1240   59.90412  -41.09232     4.9560         38 0.0000e+00
     100890   4203.688   1298.000   1281.774     3.3660     3.3651  32.476832  32.476930     2.1244   59.90412  -41.09232     4.9560         35 0.0000e+00
     100931   4205.422   1296.000   1279.805     3.3664     3.3654  32.476277  32.476506     2.1250   59.90412  -41.09232     4.9560         50 0.0000e+00
     100989   4207.849   1294.000   1277.836     3.3675     3.3669  32.476425  32.476905     2.1256   59.90412  -41.09232     4.9560         64 0.0000e+00
     101048   4210.300   1292.000   1275.867     3.3689     3.3679  32.476807  32.477001     2.1263   59.90412  -41.09232     4.9560         49 0.0000e+00
     101090   4212.027   1290.000   1273.898     3.3701     3.3693  32.477008  32.477291     2.1267   59.90412  -41.09232     4.9560         37 0.0000e+00
