Example_Files/SBE_Processing_Files/Processed_SBE_cast_files/upcasts/uar69-01_020.cnv
* Sea-Bird SBE 9 Data File:
* FileName = D:\data\ar69-01_020.hex
* Software Version Seasave V 7.26.7.107
* Temperature SN = 4491
* Conductivity SN = 3009
* Number of Bytes Per Scan = 44
* Number of Voltage Words = 5
* Number of Scans Averaged by the Deck Unit = 1
* NMEA Latitude = 59 52.54 N
* NMEA Longitude = 039 36.97 W
* NMEA UTC (Time) = Jul 06 2022  17:11:20
** Cruise ID: AR69-01
** Chief Sci:
** Station #: 020
** Site ID: OSNAP cal dip
# nquan = 14
# nvalues = 1318                        
# units = specified
# name 0 = scan: Scan Count
# name 1 = timeS: Time, Elapsed [seconds]
# name 2 = prDM: Pressure, Digiquartz [db]
# name 3 = depSM: Depth [salt water, m]
# name 4 = t090C: Temperature [ITS-90, deg C]
# name 5 = t190C: Temperature, 2 [ITS-90, deg C]
# name 6 = c0mS/cm: Conductivity [mS/cm]
# name 7 = c1mS/cm: Conductivity, 2 [mS/cm]
# name 8 = sbeox0V: Oxygen raw, SBE 43 [V]
# name 9 = latitude: Latitude [deg]
# name 10 = longitude: Longitude [deg]
# name 11 = v7: Voltage 7
# name 12 = nbin: number of scans per bin
# name 13 = flag: flag
# span 0 =      80764,     196164       
# span 1 =   3365.128,   8173.459       
# span 2 =      4.000,   2638.000       
# span 3 =      3.962,   2596.854       
# span 4 =     1.8298,     7.6495       
# span 5 =     1.8305,     7.6507       
# span 6 =  31.649387,  35.648609       
# span 7 =  31.650307,  35.651650       
# span 8 =     1.8437,     2.8446       
# span 9 =   59.87562,   59.87566       
# span 10 =  -39.61607,  -39.61602      
# span 11 =     4.9560,     4.9563      
# span 12 =         22,        135      
# span 13 = 0.0000e+00, 0.0000e+00      
# interval = decibars: 2                
# start_time = Jul 06 2022 17:11:20 [NMEA time, first data scan]
# bad_flag = -9.990e-29
*END*
[from data line 723]
     164833   6867.998   1192.000   1177.398     3.4195     3.4194  32.467145  32.468109     2.1771   59.87564  -39.61604     4.9560         44 0.0000e+00
     164879   6869.929   1190.000   1175.429     3.4189     3.4188  32.465635  32.466609     2.1774   59.87564  -39.61604     4.9560         49 0.0000e+00
     164934   6872.229   1188.000   1173.459     3.4186     3.4184  32.464502  32.465257     2.1784   59.87564  -39.61605     4.9560         57 0.0000e+00
     164982   6874.191   1186.000   1171.489     3.4179     3.4180  32.462810  32.463840     2.1797   59.87564  -39.61605     4.9560         38 0.0000e+00
     165018   6875.705   1184.000   1169.519     3.4174     3.4174  32.461333  32.462320     2.1800   59.87564  -39.61604     4.9560         40 0.0000e+00
     165073   6877.993   1182.000   1167.549     3.4173     3.4169  32.460395  32.461145     2.1809   59.87564  -39.61605     4.9560         65 0.0000e+00
     165129   6880.331   1180.000   1165.579     3.4179     3.4176  32.459971  32.460625     2.1818   59.87564  -39.61606     4.9560         48 0.0000e+00
     165172   6882.142   1178.000   1163.609     3.4180     3.4178  32.459117  32.459915     2.1825   59.87564  -39.61604     4.9560         38 0.0000e+00
     165210   6883.706   1176.000   1161.639     3.4168     3.4164  32.457077  32.457752     2.1834   59.87564  -39.61604     4.9560         41 0.0000e+00
     165264   6885.950   1174.000   1159.668     3.4151     3.4147  32.454374  32.455076     2.1847   59.87564  -39.61606     4.9560         62 0.0000e+00
     165316   6888.144   1172.000   1157.698     3.4116     3.4123  32.449736  32.451640     2.1857   59.87564  -39.61606     4.9560         45 0.0000e+00
     165358   6889.868   1170.000   1155.728     3.4103     3.4101  32.447452  32.448496     2.1863   59.87564  -39.61604     4.9560         38 0.0000e+00
     165398   6891.545   1168.000   1153.758     3.4107     3.4100  32.447058  32.447420     2.1868   59.87564  -39.61604     4.9560         47 0.0000e+00
     165459   6894.087   1166.000   1151.788     3.4124     3.4117  32.447855  32.448265     2.1870   59.87564  -39.61605     4.9560         62 0.0000e+00
     165503   6895.927   1164.000   1149.818     3.4161     3.4154  32.450702  32.450729     2.1866   59.87564  -39.61606     4.9560         35 0.0000e+00
     165542   6897.555   1162.000   1147.848     3.4170     3.4166  32.450709  32.451251     2.1867   59.87564  -39.61606     4.9560         46 0.0000e+00
     165602   6900.055   1160.000   1145.877     3.4176     3.4170  32.450426  32.451114     2.1882   59.87564  -39.61606     4.9560         64 0.0000e+00
     165651   6902.087   1158.000   1143.907     3.4130     3.4145  32.444940  32.447572     2.1894   59.87564  -39.61606     4.9560         39 0.0000e+00
     165690   6903.724   1156.000   1141.937     3.4109     3.4109  32.441691  32.442875     2.1901   59.87564  -39.61606     4.9560         41 0.0000e+00
     165736   6905.605   1154.000   1139.967     3.4110     3.4106  32.440819  32.441540     2.1909   59.87564  -39.61606     4.9560         50 0.0000e+00
     165788   6907.778   1152.000   1137.997     3.4126     3.4122  32.441465  32.442060     2.1916   59.87564  -39.61606     4.9560         50 0.0000e+00
     165833   6909.686   1150.000   1136.026     3.4105     3.4112  32.438481  32.440393     2.1925   59.87564  -39.61606     4.9560         44 0.0000e+00
     165879   6911.597   1148.000   1134.056     3.4061     3.4069  32.433048  32.435253     2.1935   59.87564  -39.61606     4.9560         50 0.0000e+00
     165930   6913.702   1146.000   1132.086     3.4030     3.4036  32.428952  32.430678     2.1949   59.87564  -39.61606     4.9560         47 0.0000e+00
     165974   6915.545   1144.000   1130.115     3.4020     3.4018  32.427103  32.427913     2.1958   59.87564  -39.61606     4.9560         43 0.0000e+00
     166022   6917.524   1142.000   1128.145     3.4003     3.4004  32.424305  32.425716     2.1966   59.87564  -39.61606     4.9560         55 0.0000e+00
     166082   6920.043   1140.000   1126.175     3.3988     3.3995  32.421722  32.423665     2.1975   59.87564  -39.61606     4.9560         56 0.0000e+00
     166124   6921.805   1138.000   1124.204     3.3978     3.3980  32.419744  32.421145     2.1985   59.87564  -39.61606     4.9560         35 0.0000e+00
     166158   6923.229   1136.000   1122.234     3.3963     3.3964  32.417267  32.418515     2.1993   59.87564  -39.61606     4.9560         36 0.0000e+00
     166204   6925.110   1134.000   1120.263     3.3965     3.3961  32.416669  32.417347     2.2003   59.87564  -39.61606     4.9560         58 0.0000e+00
     166268   6927.801   1132.000   1118.293     3.3979     3.3970  32.417095  32.417332     2.2012   59.87564  -39.61606     4.9560         59 0.0000e+00
     166314   6929.699   1130.000   1116.322     3.3996     3.3991  32.417956  32.418286     2.2017   59.87564  -39.61606     4.9560         37 0.0000e+00
     166349   6931.154   1128.000   1114.352     3.4008     3.4006  32.418349  32.419091     2.2017   59.87564  -39.61606     4.9560         35 0.0000e+00
     166394   6933.049   1126.000   1112.381     3.4009     3.4008  32.417722  32.418563     2.2023   59.87564  -39.61606     4.9560         64 0.0000e+00
     166461   6935.838   1124.000   1110.411     3.4001     3.4006  32.415950  32.417479     2.2029   59.87564  -39.61606     4.9560         50 0.0000e+00
     166497   6937.338   1122.000   1108.440     3.3966     3.3966  32.411474  32.412629     2.2035   59.87564  -39.61606     4.9560         34 0.0000e+00
     166541   6939.151   1120.000   1106.470     3.3959     3.3958  32.409752  32.410830     2.2043   59.87564  -39.61605     4.9560         57 0.0000e+00
     166596   6941.459   1118.000   1104.499     3.3956     3.3953  32.408506  32.409098     2.2051   59.87564  -39.61606     4.9560         45 0.0000e+00
     166636   6943.135   1116.000   1102.529     3.3980     3.3973  32.410023  32.410071     2.2056   59.87564  -39.61606     4.9560         41 0.0000e+00
     166686   6945.195   1114.000   1100.558     3.3993     3.3988  32.410436  32.410975     2.2060   59.87564  -39.61606     4.9560         57 0.0000e+00
     166737   6947.344   1112.000   1098.588     3.4002     3.3995  32.410543  32.410704     2.2057   59.87564  -39.61606     4.9560         43 0.0000e+00
     166778   6949.031   1110.000   1096.617     3.4039     3.4032  32.413572  32.413530     2.2050   59.87564  -39.61606     4.9560         43 0.0000e+00
     166826   6951.049   1108.000   1094.646     3.4079     3.4064  32.416482  32.415917     2.2047   59.87564  -39.61606     4.9560         49 0.0000e+00
     166869   6952.827   1106.000   1092.675     3.4052     3.4055  32.413035  32.414608     2.2053   59.87564  -39.61606     4.9560         40 0.0000e+00
     166924   6955.117   1104.000   1090.705     3.4033     3.4029  32.410239  32.410837     2.2065   59.87564  -39.61606     4.9560         71 0.0000e+00
     166980   6957.462   1102.000   1088.734     3.4028     3.4030  32.408685  32.409749     2.2069   59.87564  -39.61606     4.9560         36 0.0000e+00
     167013   6958.841   1100.000   1086.763     3.4041     3.4040  32.409061  32.409977     2.2073   59.87564  -39.61606     4.9560         35 0.0000e+00
     167060   6960.787   1098.000   1084.792     3.4045     3.4042  32.408709  32.409457     2.2081   59.87564  -39.61606     4.9560         59 0.0000e+00
     167116   6963.144   1096.000   1082.822     3.4044     3.4043  32.407713  32.408669     2.2086   59.87564  -39.61606     4.9560         48 0.0000e+00
     167160   6964.963   1094.000   1080.851     3.4073     3.4069  32.409728  32.409977     2.2090   59.87564  -39.61606     4.9560         41 0.0000e+00
     167202   6966.717   1092.000   1078.880     3.4100     3.4094  32.411403  32.411746     2.2093   59.87564  -39.61606     4.9560         46 0.0000e+00
     167252   6968.808   1090.000   1076.909     3.4107     3.4106  32.411149  32.412154     2.2096   59.87564  -39.61606     4.9560         49 0.0000e+00
     167297   6970.662   1088.000   1074.938     3.4113     3.4108  32.410891  32.411535     2.2098   59.87563  -39.61606     4.9560         43 0.0000e+00
     167344   6972.618   1086.000   1072.967     3.4119     3.4114  32.410708  32.411261     2.2102   59.87562  -39.61606     4.9560         53 0.0000e+00
     167398   6974.863   1084.000   1070.996     3.4121     3.4123  32.410040  32.411234     2.2104   59.87562  -39.61606     4.9560         50 0.0000e+00
     167443   6976.730   1082.000   1069.025     3.4108     3.4109  32.407828  32.409118     2.2111   59.87562  -39.61606     4.9560         42 0.0000e+00
     167487   6978.603   1080.000   1067.055     3.4102     3.4101  32.406457  32.407291     2.2110   59.87562  -39.61606     4.9560         50 0.0000e+00
     167540   6980.785   1078.000   1065.084     3.4187     3.4162  32.413619  32.412363     2.2111   59.87562  -39.61606     4.9560         50 0.0000e+00
     167586   6982.709   1076.000   1063.113     3.4184     3.4179  32.412818  32.413157     2.2118   59.87562  -39.61606     4.9560         45 0.0000e+00
     167632   6984.607   1074.000   1061.142     3.4188     3.4181  32.412163  32.412489     2.2117   59.87562  -39.61606     4.9560         46 0.0000e+00
     167675   6986.413   1072.000   1059.171     3.4199     3.4197  32.412328  32.413126     2.2122   59.87562  -39.61606     4.9560         42 0.0000e+00
     167729   6988.680   1070.000   1057.200     3.4160     3.4197  32.407516  32.412308     2.2142   59.87562  -39.61606     4.9560         68 0.0000e+00
     167784   6990.964   1068.000   1055.228     3.4112     3.4132  32.401578  32.404950     2.2157   59.87562  -39.61606     4.9560         35 0.0000e+00
     167814   6992.227   1066.000   1053.258     3.4102     3.4106  32.399622  32.401115     2.2156   59.87562  -39.61606     4.9560         30 0.0000e+00
     167856   6993.947   1064.000   1051.286     3.4111     3.4106  32.399630  32.400223     2.2159   59.87562  -39.61605     4.9560         63 0.0000e+00
     167923   6996.754   1062.000   1049.315     3.4132     3.4121  32.400819  32.400664     2.2162   59.87562  -39.61606     4.9560         53 0.0000e+00
     167970   6998.729   1060.000   1047.344     3.4134     3.4131  32.400237  32.400899     2.2174   59.87562  -39.61606     4.9560         52 0.0000e+00
     168019   7000.746   1058.000   1045.373     3.4095     3.4109  32.395281  32.397863     2.2187   59.87562  -39.61606     4.9560         40 0.0000e+00
     168054   7002.211   1056.000   1043.402     3.4078     3.4080  32.392486  32.393950     2.2193   59.87562  -39.61606     4.9560         33 0.0000e+00
     168095   7003.906   1054.000   1041.431     3.4067     3.4069  32.390575  32.391967     2.2199   59.87562  -39.61606     4.9560         59 0.0000e+00
     168170   7007.024   1052.000   1039.460     3.4053     3.4055  32.388342  32.389495     2.2210   59.87562  -39.61606     4.9560         58 0.0000e+00
     168204   7008.479   1050.000   1037.488     3.4056     3.4055  32.387612  32.388536     2.2208   59.87562  -39.61606     4.9560         33 0.0000e+00
     168239   7009.926   1048.000   1035.517     3.4055     3.4053  32.386586  32.387515     2.2212   59.87562  -39.61606     4.9560         40 0.0000e+00
     168293   7012.151   1046.000   1033.546     3.4039     3.4040  32.384195  32.385528     2.2224   59.87562  -39.61606     4.9560         61 0.0000e+00
     168344   7014.277   1044.000   1031.575     3.4007     3.4014  32.379973  32.381795     2.2239   59.87562  -39.61606     4.9560         44 0.0000e+00
     168393   7016.335   1042.000   1029.603     3.3986     3.3999  32.376993  32.379525     2.2252   59.87562  -39.61605     4.9560         58 0.0000e+00
     168446   7018.541   1040.000   1027.632     3.3970     3.3972  32.374299  32.375660     2.2257   59.87562  -39.61605     4.9560         40 0.0000e+00
     168481   7019.985   1038.000   1025.661     3.3961     3.3960  32.372428  32.373478     2.2262   59.87562  -39.61606     4.9560         35 0.0000e+00
     168528   7021.940   1036.000   1023.689     3.3973     3.3970  32.372809  32.373591     2.2269   59.87562  -39.61606     4.9560         65 0.0000e+00
     168590   7024.522   1034.000   1021.718     3.3989     3.3982  32.373273  32.373701     2.2276   59.87562  -39.61606     4.9560         48 0.0000e+00
     168633   7026.327   1032.000   1019.746     3.4005     3.4003  32.374084  32.374822     2.2282   59.87562  -39.61606     4.9560         43 0.0000e+00
     168676   7028.106   1030.000   1017.775     3.4014     3.4010  32.374035  32.374686     2.2285   59.87562  -39.61604     4.9560         41 0.0000e+00
     168717   7029.817   1028.000   1015.804     3.4015     3.4011  32.373206  32.374014     2.2286   59.87562  -39.61604     4.9560         44 0.0000e+00
     168770   7032.023   1026.000   1013.832     3.4016     3.4010  32.372534  32.373109     2.2293   59.87562  -39.61605     4.9560         58 0.0000e+00
     168817   7034.014   1024.000   1011.861     3.4034     3.4025  32.373281  32.373419     2.2297   59.87562  -39.61605     4.9560         39 0.0000e+00
     168867   7036.090   1022.000   1009.889     3.4044     3.4035  32.373468  32.373750     2.2303   59.87562  -39.61604     4.9560         66 0.0000e+00
     168924   7038.454   1020.000   1007.918     3.4052     3.4050  32.373322  32.373941     2.2301   59.87562  -39.61604     4.9560         38 0.0000e+00
     168956   7039.795   1018.000   1005.947     3.4073     3.4073  32.374565  32.375248     2.2300   59.87562  -39.61604     4.9560         33 0.0000e+00
     169009   7042.018   1016.000   1003.975     3.4095     3.4092  32.375864  32.376625     2.2304   59.87562  -39.61604     4.9560         69 0.0000e+00
     169063   7044.230   1014.000   1002.003     3.4088     3.4087  32.374189  32.375050     2.2312   59.87562  -39.61604     4.9560         39 0.0000e+00
     169103   7045.920   1012.000   1000.032     3.4086     3.4084  32.373056  32.373841     2.2317   59.87562  -39.61604     4.9560         45 0.0000e+00
     169150   7047.868   1010.000    998.060     3.4083     3.4081  32.371792  32.372551     2.2320   59.87562  -39.61604     4.9560         45 0.0000e+00
     169193   7049.650   1008.000    996.088     3.4090     3.4085  32.371495  32.372080     2.2321   59.87562  -39.61604     4.9560         43 0.0000e+00
     169245   7051.815   1006.000    994.117     3.4091     3.4086  32.370639  32.371368     2.2326   59.87562  -39.61604     4.9560         60 0.0000e+00
     169300   7054.121   1004.000    992.145     3.4091     3.4089  32.369815  32.370675     2.2331   59.87562  -39.61604     4.9560         49 0.0000e+00
     169345   7056.002   1002.000    990.173     3.4085     3.4083  32.368201  32.369146     2.2336   59.87562  -39.61604     4.9560         43 0.0000e+00
     169386   7057.715   1000.000    988.202     3.4085     3.4082  32.367228  32.368061     2.2343   59.87562  -39.61604     4.9560         40 0.0000e+00
     169431   7059.575    998.000    986.230     3.4085     3.4081  32.366421  32.367119     2.2354   59.87562  -39.61604     4.9560         54 0.0000e+00
     169492   7062.106    996.000    984.259     3.4084     3.4082  32.365305  32.366261     2.2365   59.87562  -39.61604     4.9560         53 0.0000e+00
     169533   7063.823    994.000    982.287     3.4061     3.4063  32.361975  32.363491     2.2371   59.87562  -39.61604     4.9560         39 0.0000e+00
     169579   7065.753    992.000    980.315     3.4035     3.4040  32.358655  32.360313     2.2380   59.87562  -39.61604     4.9560         57 0.0000e+00
     169634   7068.057    990.000    978.343     3.4034     3.4026  32.357364  32.357409     2.2382   59.87562  -39.61604     4.9560         45 0.0000e+00
