Example_Files/SBE_Processing_Files/Processed_SBE_cast_files/upcasts/uar69-01_008.cnv
* Sea-Bird SBE 9 Data File:
* FileName = D:\data\ar69-01_008.hex
* Software Version Seasave V 7.26.7.107
* Temperature SN = 4491
* Conductivity SN = 3009
* Number of Bytes Per Scan = 44
* Number of Voltage Words = 5
* Number of Scans Averaged by the Deck Unit = 1
* NMEA Latitude = 55 58.83 N
* NMEA Longitude = 043 11.33 W
* NMEA UTC (Time) = Jun 27 2022  11:04:26
** Cruise ID: AR69-01
** Chief Sci:
** Station #: 008
** Site ID: Transit - cal. dip (microcats)
# nquan = 14
# nvalues = 1523                        
# units = specified
# name 0 = scan: Scan Count
# name 1 = timeS: Time, Elapsed [seconds]
# name 2 = prDM: Pressure, Digiquartz [db]
# name 3 = depSM: Depth [salt water, m]
# name 4 = t090C: Temperature [ITS-90, deg C]
# name 5 = t190C: Temperature, 2 [ITS-90, deg C]
# name 6 = c0mS/cm: Conductivity [mS/cm]
# name 7 = c1mS/cm: Conductivity, 2 [mS/cm]
# name 8 = sbeox0V: Oxygen raw, SBE 43 [V]
# name 9 = latitude: Latitude [deg]
# name 10 = longitude: Longitude [deg]
# name 11 = v7: Voltage 7
# name 12 = nbin: number of scans per bin
# name 13 = flag: flag
# span 0 =      89219,     219043       
# span 1 =   3717.426,   9126.768       
# span 2 =      6.000,   3050.000       
# span 3 =      5.945,   3000.541       
# span 4 =     2.6982,     5.8557       
# span 5 =     2.6986,     5.8568       
# span 6 =  31.819190,  33.962844       
# span 7 =  31.820500,  33.966040       
# span 8 =     1.7237,     2.8231       
# span 9 =   55.98069,   55.98086       
# span 10 =  -43.18522,  -43.18264      
# span 11 =     4.9560,     4.9561      
# span 12 =         18,        140      
# span 13 = 0.0000e+00, 0.0000e+00      
# interval = decibars: 2                
# start_time = Jun 27 2022 11:04:26 [NMEA time, first data scan]
# bad_flag = -9.990e-29
*END*
[from data line 1446]
     212375   8848.932    158.000    156.503     3.3024     3.3016  31.819190  31.820500     2.5581   55.98084  -43.18337     4.9560         80 0.0000e+00
     212435   8851.408    156.000    154.522     3.3061     3.3052  31.821016  31.822075     2.5597   55.98084  -43.18335     4.9560         38 0.0000e+00
     212468   8852.785    154.000    152.542     3.3078     3.3072  31.821305  31.822622     2.5604   55.98083  -43.18334     4.9560         33 0.0000e+00
     212504   8854.272    152.000    150.562     3.3078     3.3071  31.820431  31.821744     2.5614   55.98084  -43.18336     4.9560         40 0.0000e+00
     212555   8856.409    150.000    148.581     3.3082     3.3071  31.819856  31.820877     2.5632   55.98084  -43.18336     4.9560         64 0.0000e+00
     212620   8859.129    148.000    146.601     3.3089     3.3099  31.819473  31.822166     2.5652   55.98082  -43.18336     4.9560         57 0.0000e+00
     212667   8861.089    146.000    144.620     3.3221     3.3235  31.830476  31.832490     2.5667   55.98084  -43.18336     4.9560         43 0.0000e+00
     212710   8862.883    144.000    142.640     3.3339     3.3301  31.840178  31.838052     2.5673   55.98082  -43.18336     4.9560         44 0.0000e+00
     212754   8864.712    142.000    140.660     3.3396     3.3388  31.844549  31.845037     2.5674   55.98082  -43.18336     4.9560         41 0.0000e+00
     212791   8866.260    140.000    138.679     3.3420     3.3408  31.846264  31.846925     2.5678   55.98082  -43.18337     4.9560         36 0.0000e+00
     212848   8868.643    138.000    136.699     3.3460     3.3450  31.848658  31.849735     2.5695   55.98082  -43.18337     4.9560         85 0.0000e+00
     212918   8871.524    136.000    134.718     3.3485     3.3495  31.849449  31.851987     2.5727   55.98082  -43.18336     4.9560         38 0.0000e+00
     212948   8872.803    134.000    132.738     3.3665     3.3645  31.863434  31.863066     2.5742   55.98082  -43.18336     4.9560         32 0.0000e+00
     212983   8874.263    132.000    130.757     3.3739     3.3812  31.868344  31.875758     2.5758   55.98082  -43.18337     4.9560         40 0.0000e+00
     213029   8876.181    130.000    128.777     3.3869     3.3858  31.879395  31.879717     2.5765   55.98082  -43.18338     4.9560         50 0.0000e+00
     213084   8878.442    128.000    126.796     3.3942     3.4003  31.884414  31.892418     2.5798   55.98082  -43.18338     4.9560         62 0.0000e+00
     213151   8881.230    126.000    124.816     3.4087     3.4165  31.896681  31.903965     2.5861   55.98082  -43.18336     4.9560         62 0.0000e+00
     213199   8883.239    124.000    122.835     3.4663     3.4744  31.943725  31.951465     2.5903   55.98082  -43.18336     4.9560         37 0.0000e+00
     213231   8884.589    122.000    120.855     3.4900     3.4877  31.963568  31.962568     2.5922   55.98082  -43.18336     4.9560         31 0.0000e+00
     213264   8885.948    120.000    118.874     3.4993     3.4976  31.970119  31.970066     2.5934   55.98082  -43.18338     4.9560         36 0.0000e+00
     213320   8888.277    118.000    116.893     3.5050     3.5030  31.972333  31.971626     2.5965   55.98082  -43.18338     4.9560         85 0.0000e+00
     213396   8891.452    116.000    114.912     3.5042     3.5027  31.968873  31.968872     2.6011   55.98082  -43.18336     4.9560         44 0.0000e+00
     213426   8892.717    114.000    112.931     3.5195     3.5232  31.980190  31.984123     2.6026   55.98082  -43.18336     4.9560         29 0.0000e+00
     213456   8893.966    112.000    110.951     3.5375     3.5431  31.995017  32.000166     2.6034   55.98082  -43.18338     4.9560         34 0.0000e+00
     213576   8898.941    110.000    108.970     3.5518     3.5574  32.007231  32.013266     2.6055   55.98082  -43.18337     4.9560         83 0.0000e+00
     213811   8908.758    108.000    106.989     3.5905     3.6080  32.037594  32.055752     2.6128   55.98082  -43.18337     4.9560         87 0.0000e+00
     213894   8912.204    106.000    105.009     3.6301     3.6297  32.071728  32.071756     2.6164   55.98082  -43.18337     4.9560         63 0.0000e+00
     213997   8916.509    104.000    103.028     3.6632     3.6625  32.100655  32.101220     2.6201   55.98082  -43.18337     4.9560        140 0.0000e+00
     214110   8921.205    102.000    101.047     3.6971     3.6963  32.129316  32.129275     2.6276   55.98082  -43.18336     4.9560         71 0.0000e+00
     214185   8924.336    100.000     99.066     3.7315     3.7275  32.159867  32.156932     2.6310   55.98082  -43.18338     4.9560         85 0.0000e+00
     214292   8928.793     98.000     97.085     3.7719     3.7770  32.193062  32.196998     2.6358   55.98081  -43.18337     4.9560         84 0.0000e+00
     214400   8933.311     96.000     95.105     3.8435     3.8217  32.254975  32.237260     2.6430   55.98080  -43.18337     4.9560         40 0.0000e+00
     214445   8935.154     94.000     93.124     3.8806     3.8735  32.288345  32.282544     2.6436   55.98080  -43.18338     4.9560         57 0.0000e+00
     214609   8942.014     92.000     91.143     3.8906     3.8989  32.295552  32.305667     2.6487   55.98080  -43.18336     4.9560         48 0.0000e+00
     214648   8943.623     90.000     89.162     3.9129     3.9144  32.315066  32.317410     2.6493   55.98080  -43.18338     4.9560         47 0.0000e+00
     214776   8948.963     88.000     87.181     3.9448     3.9467  32.339578  32.343296     2.6511   55.98080  -43.18338     4.9560         62 0.0000e+00
     214858   8952.364     86.000     85.200     3.9548     3.9566  32.346670  32.349392     2.6513   55.98080  -43.18338     4.9560         35 0.0000e+00
     214940   8955.809     84.000     83.219     3.9726     3.9729  32.358830  32.360466     2.6524   55.98080  -43.18339     4.9560         60 0.0000e+00
     215073   8961.331     82.000     81.238     3.9780     3.9807  32.362424  32.365961     2.6543   55.98080  -43.18338     4.9560         45 0.0000e+00
     215128   8963.611     80.000     79.257     3.9975     3.9971  32.377117  32.378639     2.6557   55.98080  -43.18340     4.9560         64 0.0000e+00
     215293   8970.507     78.000     77.276     4.0341     4.0543  32.407099  32.424626     2.6651   55.98080  -43.18338     4.9560         63 0.0000e+00
     215339   8972.419     76.000     75.295     4.1743     4.1872  32.523012  32.524429     2.6637   55.98081  -43.18339     4.9560         41 0.0000e+00
     215460   8977.474     74.000     73.314     4.2406     4.2286  32.581443  32.569513     2.6687   55.98082  -43.18339     4.9560         63 0.0000e+00
     215547   8981.083     72.000     71.333     4.3057     4.3028  32.635095  32.629988     2.6714   55.98082  -43.18340     4.9560         46 0.0000e+00
     215656   8985.620     70.000     69.351     4.3664     4.3746  32.686082  32.694259     2.6794   55.98083  -43.18341     4.9560         78 0.0000e+00
     215758   8989.892     68.000     67.370     4.4733     4.4531  32.777724  32.756103     2.6910   55.98082  -43.18340     4.9560         37 0.0000e+00
     215835   8993.097     66.000     65.389     4.5665     4.5490  32.862328  32.840247     2.6957   55.98083  -43.18341     4.9560         62 0.0000e+00
     215957   8998.157     64.000     63.408     4.6258     4.5962  32.907316  32.879882     2.7132   55.98084  -43.18340     4.9560         54 0.0000e+00
     216014   9000.526     62.000     61.427     4.7375     4.7546  33.003185  33.011198     2.7201   55.98084  -43.18343     4.9560         64 0.0000e+00
     216165   9006.845     60.000     59.445     4.8355     4.8151  33.085244  33.068470     2.7462   55.98084  -43.18342     4.9560         59 0.0000e+00
     216216   9008.949     58.000     57.464     4.9193     4.9490  33.158231  33.179331     2.7536   55.98083  -43.18343     4.9560         50 0.0000e+00
     216311   9012.896     56.000     55.483     5.0690     5.0385  33.288376  33.257192     2.7633   55.98082  -43.18343     4.9560         54 0.0000e+00
     216418   9017.357     54.000     53.502     5.1280     5.1089  33.341901  33.318594     2.7778   55.98082  -43.18343     4.9560         31 0.0000e+00
     216481   9020.000     52.000     51.520     5.1988     5.1996  33.404546  33.402754     2.7834   55.98082  -43.18344     4.9560         52 0.0000e+00
     216629   9026.178     50.000     49.539     5.3369     5.3157  33.521308  33.499837     2.7934   55.98082  -43.18343     4.9560         40 0.0000e+00
     216699   9029.097     48.000     47.558     5.4544     5.4352  33.630345  33.610364     2.7968   55.98082  -43.18346     4.9560         74 0.0000e+00
     216835   9034.759     46.000     45.577     5.5183     5.4855  33.684217  33.650859     2.8016   55.98082  -43.18344     4.9560         68 0.0000e+00
     216916   9038.129     44.000     43.595     5.6445     5.6109  33.792105  33.767399     2.8020   55.98084  -43.18345     4.9560        104 0.0000e+00
     217024   9042.615     42.000     41.614     5.7273     5.7357  33.862612  33.871920     2.8024   55.98084  -43.18346     4.9560         72 0.0000e+00
     217136   9047.285     40.000     39.632     5.7635     5.7626  33.897133  33.898354     2.8042   55.98084  -43.18346     4.9560         83 0.0000e+00
     217226   9051.059     38.000     37.651     5.7992     5.7919  33.926179  33.921552     2.8056   55.98084  -43.18346     4.9560         71 0.0000e+00
     217334   9055.535     36.000     35.669     5.8126     5.8133  33.937651  33.940236     2.8059   55.98084  -43.18346     4.9560        118 0.0000e+00
     217422   9059.202     34.000     33.688     5.8155     5.8153  33.938748  33.940284     2.8089   55.98086  -43.18346     4.9560         66 0.0000e+00
     217502   9062.551     32.000     31.706     5.8188     5.8163  33.941091  33.940776     2.8088   55.98085  -43.18346     4.9560         78 0.0000e+00
     217619   9067.403     30.000     29.725     5.8197     5.8191  33.940522  33.942152     2.8100   55.98086  -43.18346     4.9560         63 0.0000e+00
     217685   9070.161     28.000     27.743     5.8216     5.8198  33.941269  33.941998     2.8109   55.98086  -43.18348     4.9560         68 0.0000e+00
     217815   9075.582     26.000     25.762     5.8220     5.8213  33.941005  33.942439     2.8115   55.98085  -43.18346     4.9560         74 0.0000e+00
     217877   9078.148     24.000     23.780     5.8242     5.8220  33.942082  33.942253     2.8137   55.98084  -43.18348     4.9560         67 0.0000e+00
     218001   9083.317     22.000     21.799     5.8255     5.8241  33.942497  33.943340     2.8148   55.98084  -43.18348     4.9560         72 0.0000e+00
     218079   9086.595     20.000     19.817     5.8265     5.8259  33.942437  33.944055     2.8161   55.98084  -43.18348     4.9560         74 0.0000e+00
     218186   9091.049     18.000     17.835     5.8275     5.8263  33.942423  33.943647     2.8167   55.98083  -43.18348     4.9560         72 0.0000e+00
     218297   9095.654     16.000     15.854     5.8288     5.8265  33.942754  33.942917     2.8184   55.98083  -43.18348     4.9560         79 0.0000e+00
     218383   9099.251     14.000     13.872     5.8310     5.8295  33.943848  33.944401     2.8201   55.98082  -43.18348     4.9560         66 0.0000e+00
     218482   9103.367     12.000     11.890     5.8349     5.8323  33.946526  33.946261     2.8206   55.98082  -43.18349     4.9560         85 0.0000e+00
     218591   9107.904     10.000      9.909     5.8391     5.8368  33.949111  33.949293     2.8216   55.98082  -43.18349     4.9560         57 0.0000e+00
     218708   9112.775      8.000      7.927     5.8445     5.8400  33.953446  33.951564     2.8222   55.98082  -43.18350     4.9560         68 0.0000e+00
     219043   9126.768      6.000      5.945     5.8557     5.8568  33.962844  33.966040     2.8231   55.98082  -43.18351     4.9561         81 0.0000e+00
