Example_Files/SBE_Processing_Files/Processed_SBE_cast_files/upcasts/uar69-01_019.cnv
* Sea-Bird SBE 9 Data File:
* FileName = D:\data\ar69-01_019.hex
* Software Version Seasave V 7.26.7.107
* Temperature SN = 4491
* Conductivity SN = 3009
* Number of Bytes Per Scan = 44
* Number of Voltage Words = 5
* Number of Scans Averaged by the Deck Unit = 1
* NMEA Latitude = 59 46.49 N
* NMEA Longitude = 039 54.39 W
* NMEA UTC (Time) = Jul 05 2022  21:23:04
** Cruise ID: AR69-01
** Chief Sci:
** Station #: 019
** Site ID: FLMA
# nquan = 14
# nvalues = 1313                        
# units = specified
# name 0 = scan: Scan Count
# name 1 = timeS: Time, Elapsed [seconds]
# name 2 = prDM: Pressure, Digiquartz [db]
# name 3 = depSM: Depth [salt water, m]
# name 4 = t090C: Temperature [ITS-90, deg C]
# name 5 = t190C: Temperature, 2 [ITS-90, deg C]
# name 6 = c0mS/cm: Conductivity [mS/cm]
# name 7 = c1mS/cm: Conductivity, 2 [mS/cm]
# name 8 = sbeox0V: Oxygen raw, SBE 43 [V]
# name 9 = latitude: Latitude [deg]
# name 10 = longitude: Longitude [deg]
# name 11 = v7: Voltage 7
# name 12 = nbin: number of scans per bin
# name 13 = flag: flag
# span 0 =      70847,     162439       
# span 1 =   2951.908,   6768.253       
# span 2 =      2.000,   2626.000       
# span 3 =      1.981,   2585.134       
# span 4 =     1.9461,     7.6888       
# span 5 =     1.9455,     7.6968       
# span 6 =  31.747658,  35.677391       
# span 7 =  31.747357,  35.685256       
# span 8 =     1.8415,     2.8491       
# span 9 =   59.77484,   59.77491       
# span 10 =  -39.90657,  -39.90652      
# span 11 =     4.9560,     4.9568      
# span 12 =         22,        134      
# span 13 = 0.0000e+00, 0.0000e+00      
# interval = decibars: 2                
# start_time = Jul 05 2022 21:23:05 [NMEA time, first data scan]
# bad_flag = -9.990e-29
*END*
      70847   2951.908   2626.000   2585.134     1.9461     1.9455  31.747658  31.747357     1.8440   59.77488  -39.90654     4.9560         65 0.0000e+00
      71007   2958.573   2624.000   2583.177     1.9493     1.9487  31.749698  31.749053     1.8450   59.77488  -39.90654     4.9560         31 0.0000e+00
      71038   2959.883   2622.000   2581.220     1.9526     1.9546  31.751804  31.753792     1.8454   59.77488  -39.90654     4.9560         38 0.0000e+00
      71088   2961.944   2620.000   2579.264     1.9618     1.9632  31.759085  31.760504     1.8464   59.77488  -39.90656     4.9560         61 0.0000e+00
      71157   2964.819   2618.000   2577.307     1.9709     1.9713  31.766315  31.766603     1.8481   59.77488  -39.90655     4.9560         67 0.0000e+00
      71205   2966.815   2616.000   2575.350     1.9822     1.9879  31.775386  31.780062     1.8486   59.77488  -39.90654     4.9560         34 0.0000e+00
      71237   2968.164   2614.000   2573.393     1.9982     2.0014  31.789368  31.791975     1.8486   59.77488  -39.90654     4.9560         34 0.0000e+00
      71282   2970.042   2612.000   2571.436     2.0043     2.0112  31.794602  31.800718     1.8485   59.77488  -39.90656     4.9560         60 0.0000e+00
      71339   2972.426   2610.000   2569.479     2.0146     2.0273  31.803017  31.813060     1.8478   59.77488  -39.90654     4.9560         45 0.0000e+00
      71381   2974.148   2608.000   2567.522     2.0447     2.0491  31.829205  31.832695     1.8476   59.77488  -39.90654     4.9560         43 0.0000e+00
      71427   2976.099   2606.000   2565.565     2.0477     2.0514  31.831684  31.834726     1.8474   59.77488  -39.90655     4.9560         49 0.0000e+00
      71473   2977.991   2604.000   2563.608     2.0637     2.0668  31.844667  31.846910     1.8469   59.77488  -39.90655     4.9560         43 0.0000e+00
      71518   2979.883   2602.000   2561.650     2.0732     2.0790  31.853516  31.857284     1.8468   59.77488  -39.90654     4.9560         51 0.0000e+00
      71575   2982.251   2600.000   2559.693     2.0807     2.0852  31.859130  31.862812     1.8464   59.77488  -39.90656     4.9560         57 0.0000e+00
      71625   2984.319   2598.000   2557.736     2.1033     2.1054  31.878647  31.879933     1.8456   59.77488  -39.90655     4.9560         42 0.0000e+00
      71664   2985.962   2596.000   2555.779     2.1122     2.1127  31.885565  31.886258     1.8455   59.77488  -39.90654     4.9560         40 0.0000e+00
      71711   2987.904   2594.000   2553.822     2.1160     2.1194  31.888927  31.892122     1.8452   59.77488  -39.90655     4.9560         55 0.0000e+00
      71763   2990.066   2592.000   2551.865     2.1279     2.1301  31.899001  31.899982     1.8451   59.77488  -39.90655     4.9560         44 0.0000e+00
      71804   2991.774   2590.000   2549.908     2.1473     2.1497  31.916020  31.917609     1.8447   59.77488  -39.90654     4.9560         42 0.0000e+00
      71850   2993.690   2588.000   2547.950     2.1531     2.1497  31.919784  31.916890     1.8444   59.77488  -39.90655     4.9560         49 0.0000e+00
      71901   2995.822   2586.000   2545.993     2.1558     2.1567  31.921955  31.922224     1.8446   59.77488  -39.90655     4.9560         52 0.0000e+00
      71950   2997.879   2584.000   2544.036     2.1654     2.1663  31.929508  31.930346     1.8447   59.77488  -39.90654     4.9560         46 0.0000e+00
      71995   2999.745   2582.000   2542.079     2.1753     2.1758  31.937445  31.937798     1.8451   59.77488  -39.90655     4.9560         45 0.0000e+00
      72041   3001.678   2580.000   2540.121     2.1807     2.1830  31.940831  31.942758     1.8453   59.77488  -39.90656     4.9560         47 0.0000e+00
      72088   3003.618   2578.000   2538.164     2.1855     2.1885  31.944851  31.947388     1.8459   59.77488  -39.90654     4.9560         47 0.0000e+00
      72137   3005.648   2576.000   2536.207     2.1945     2.1932  31.951478  31.950081     1.8463   59.77488  -39.90654     4.9560         50 0.0000e+00
      72184   3007.619   2574.000   2534.249     2.2107     2.2115  31.965440  31.965861     1.8464   59.77488  -39.90654     4.9560         44 0.0000e+00
      72229   3009.501   2572.000   2532.292     2.2180     2.2275  31.972681  31.979799     1.8468   59.77488  -39.90654     4.9560         50 0.0000e+00
      72284   3011.805   2570.000   2530.335     2.2288     2.2324  31.980615  31.984250     1.8469   59.77488  -39.90654     4.9560         53 0.0000e+00
      72327   3013.598   2568.000   2528.377     2.2464     2.2452  31.996032  31.994473     1.8467   59.77488  -39.90654     4.9560         36 0.0000e+00
      72362   3015.050   2566.000   2526.420     2.2511     2.2507  31.999410  31.999143     1.8469   59.77488  -39.90654     4.9560         38 0.0000e+00
      72416   3017.287   2564.000   2524.462     2.2551     2.2548  32.002015  32.002059     1.8477   59.77488  -39.90654     4.9560         66 0.0000e+00
      72469   3019.518   2562.000   2522.505     2.2605     2.2591  32.005140  32.003931     1.8483   59.77488  -39.90654     4.9560         39 0.0000e+00
      72508   3021.144   2560.000   2520.547     2.2654     2.2652  32.008540  32.008517     1.8490   59.77488  -39.90654     4.9560         45 0.0000e+00
      72561   3023.336   2558.000   2518.590     2.2678     2.2669  32.009600  32.009301     1.8502   59.77488  -39.90654     4.9560         54 0.0000e+00
      72607   3025.256   2556.000   2516.633     2.2774     2.2790  32.017486  32.017689     1.8509   59.77488  -39.90654     4.9560         41 0.0000e+00
      72657   3027.343   2554.000   2514.675     2.2898     2.2913  32.028117  32.029740     1.8519   59.77488  -39.90654     4.9560         61 0.0000e+00
      72709   3029.516   2552.000   2512.718     2.3005     2.2983  32.037486  32.034505     1.8516   59.77488  -39.90654     4.9560         37 0.0000e+00
      72741   3030.836   2550.000   2510.760     2.3180     2.3174  32.053035  32.052158     1.8514   59.77488  -39.90654     4.9560         32 0.0000e+00
      72792   3032.940   2548.000   2508.802     2.3219     2.3213  32.056137  32.055676     1.8519   59.77488  -39.90654     4.9560         76 0.0000e+00
      72855   3035.595   2546.000   2506.845     2.3259     2.3255  32.058813  32.058343     1.8516   59.77488  -39.90654     4.9560         34 0.0000e+00
      72884   3036.772   2544.000   2504.887     2.3417     2.3414  32.072943  32.071693     1.8511   59.77488  -39.90653     4.9560         29 0.0000e+00
      72931   3038.746   2542.000   2502.929     2.3499     2.3496  32.080138  32.079624     1.8509   59.77488  -39.90654     4.9560         74 0.0000e+00
      72996   3041.455   2540.000   2500.972     2.3581     2.3561  32.086665  32.084816     1.8497   59.77488  -39.90654     4.9560         39 0.0000e+00
      73029   3042.823   2538.000   2499.014     2.3873     2.3820  32.113646  32.107877     1.8489   59.77488  -39.90652     4.9560         35 0.0000e+00
      73068   3044.461   2536.000   2497.057     2.3901     2.3888  32.116142  32.114164     1.8480   59.77488  -39.90654     4.9560         45 0.0000e+00
      73122   3046.705   2534.000   2495.099     2.4009     2.3988  32.126223  32.124112     1.8469   59.77488  -39.90654     4.9560         61 0.0000e+00
      73179   3049.072   2532.000   2493.141     2.4233     2.4210  32.145783  32.142160     1.8449   59.77488  -39.90654     4.9560         49 0.0000e+00
      73221   3050.853   2530.000   2491.183     2.4460     2.4459  32.166623  32.165977     1.8435   59.77488  -39.90654     4.9560         39 0.0000e+00
      73261   3052.487   2528.000   2489.226     2.4506     2.4506  32.170460  32.169943     1.8428   59.77488  -39.90654     4.9560         41 0.0000e+00
      73303   3054.263   2526.000   2487.268     2.4555     2.4554  32.173821  32.173748     1.8424   59.77488  -39.90654     4.9560         45 0.0000e+00
      73358   3056.538   2524.000   2485.310     2.4579     2.4537  32.175457  32.172053     1.8424   59.77488  -39.90654     4.9560         64 0.0000e+00
      73413   3058.842   2522.000   2483.352     2.4642     2.4607  32.180290  32.176799     1.8421   59.77488  -39.90654     4.9560         40 0.0000e+00
      73448   3060.275   2520.000   2481.395     2.4744     2.4736  32.189309  32.188480     1.8420   59.77488  -39.90654     4.9560         34 0.0000e+00
      73489   3062.020   2518.000   2479.437     2.4751     2.4762  32.189482  32.190551     1.8419   59.77488  -39.90654     4.9560         56 0.0000e+00
      73555   3064.739   2516.000   2477.479     2.4790     2.4784  32.192056  32.191907     1.8415   59.77488  -39.90654     4.9560         58 0.0000e+00
      73598   3066.534   2514.000   2475.521     2.4793     2.4786  32.191304  32.190855     1.8420   59.77488  -39.90654     4.9560         38 0.0000e+00
      73642   3068.355   2512.000   2473.563     2.4783     2.4782  32.189441  32.189663     1.8424   59.77488  -39.90654     4.9560         52 0.0000e+00
      73691   3070.409   2510.000   2471.605     2.4779     2.4781  32.187915  32.188440     1.8431   59.77488  -39.90654     4.9560         40 0.0000e+00
      73726   3071.876   2508.000   2469.647     2.4774     2.4776  32.186607  32.187103     1.8437   59.77488  -39.90654     4.9560         36 0.0000e+00
      73780   3074.136   2506.000   2467.689     2.4792     2.4787  32.187492  32.187316     1.8445   59.77488  -39.90654     4.9560         71 0.0000e+00
      73835   3076.402   2504.000   2465.731     2.4886     2.4837  32.195407  32.190423     1.8446   59.77488  -39.90654     4.9560         34 0.0000e+00
      73866   3077.704   2502.000   2463.773     2.4984     2.4958  32.204105  32.201793     1.8446   59.77488  -39.90654     4.9560         34 0.0000e+00
      73918   3079.880   2500.000   2461.815     2.5008     2.5000  32.205780  32.205287     1.8449   59.77488  -39.90654     4.9560         72 0.0000e+00
      73977   3082.322   2498.000   2459.857     2.5050     2.5048  32.208732  32.208256     1.8450   59.77488  -39.90654     4.9560         38 0.0000e+00
      74014   3083.885   2496.000   2457.899     2.5150     2.5134  32.216878  32.215506     1.8450   59.77488  -39.90654     4.9560         45 0.0000e+00
      74069   3086.162   2494.000   2455.941     2.5188     2.5191  32.219694  32.219971     1.8455   59.77488  -39.90654     4.9560         54 0.0000e+00
      74110   3087.870   2492.000   2453.983     2.5250     2.5239  32.224064  32.223296     1.8458   59.77488  -39.90654     4.9560         35 0.0000e+00
      74154   3089.691   2490.000   2452.025     2.5275     2.5267  32.225242  32.224913     1.8467   59.77488  -39.90654     4.9560         60 0.0000e+00
      74215   3092.262   2488.000   2450.067     2.5292     2.5285  32.225399  32.225279     1.8482   59.77488  -39.90654     4.9560         46 0.0000e+00
      74250   3093.720   2486.000   2448.109     2.5303     2.5301  32.224933  32.225121     1.8489   59.77488  -39.90654     4.9560         34 0.0000e+00
      74290   3095.374   2484.000   2446.151     2.5308     2.5305  32.224353  32.224558     1.8499   59.77488  -39.90654     4.9560         49 0.0000e+00
      74346   3097.720   2482.000   2444.193     2.5365     2.5336  32.227798  32.225900     1.8511   59.77488  -39.90654     4.9560         56 0.0000e+00
      74397   3099.827   2480.000   2442.234     2.5470     2.5446  32.236477  32.234357     1.8518   59.77488  -39.90654     4.9560         47 0.0000e+00
      74439   3101.581   2478.000   2440.276     2.5554     2.5541  32.244038  32.242580     1.8521   59.77488  -39.90654     4.9560         39 0.0000e+00
      74481   3103.317   2476.000   2438.318     2.5561     2.5577  32.243671  32.245377     1.8524   59.77488  -39.90654     4.9560         47 0.0000e+00
      74535   3105.599   2474.000   2436.360     2.5590     2.5579  32.245370  32.244786     1.8531   59.77488  -39.90654     4.9560         57 0.0000e+00
      74587   3107.750   2472.000   2434.401     2.5636     2.5620  32.248275  32.247214     1.8537   59.77488  -39.90654     4.9560         49 0.0000e+00
      74634   3109.722   2470.000   2432.443     2.5695     2.5690  32.253149  32.252548     1.8541   59.77488  -39.90654     4.9560         43 0.0000e+00
      74672   3111.307   2468.000   2430.485     2.5729     2.5732  32.255543  32.255682     1.8541   59.77488  -39.90654     4.9560         36 0.0000e+00
      74715   3113.076   2466.000   2428.527     2.5805     2.5790  32.262478  32.260738     1.8543   59.77488  -39.90654     4.9560         54 0.0000e+00
      74774   3115.530   2464.000   2426.568     2.5877     2.5840  32.268509  32.265105     1.8541   59.77488  -39.90656     4.9560         52 0.0000e+00
      74816   3117.281   2462.000   2424.610     2.5908     2.5891  32.270743  32.269288     1.8540   59.77488  -39.90655     4.9560         39 0.0000e+00
      74860   3119.132   2460.000   2422.651     2.5951     2.5922  32.273927  32.271603     1.8538   59.77488  -39.90654     4.9560         54 0.0000e+00
      74915   3121.405   2458.000   2420.693     2.6047     2.5993  32.282285  32.277528     1.8532   59.77488  -39.90654     4.9560         46 0.0000e+00
      74954   3123.044   2456.000   2418.735     2.6189     2.6149  32.295838  32.291516     1.8523   59.77488  -39.90656     4.9560         39 0.0000e+00
      75006   3125.198   2454.000   2416.776     2.6233     2.6201  32.299493  32.296744     1.8517   59.77488  -39.90654     4.9560         64 0.0000e+00
      75061   3127.489   2452.000   2414.818     2.6308     2.6284  32.306018  32.303666     1.8511   59.77488  -39.90654     4.9560         42 0.0000e+00
      75099   3129.090   2450.000   2412.860     2.6417     2.6409  32.315929  32.314328     1.8504   59.77488  -39.90654     4.9560         39 0.0000e+00
      75142   3130.892   2448.000   2410.901     2.6495     2.6477  32.322953  32.320358     1.8497   59.77488  -39.90654     4.9560         48 0.0000e+00
      75198   3133.222   2446.000   2408.943     2.6561     2.6496  32.328124  32.322458     1.8491   59.77488  -39.90654     4.9560         58 0.0000e+00
      75245   3135.183   2444.000   2406.984     2.6601     2.6591  32.331614  32.330434     1.8488   59.77488  -39.90654     4.9560         37 0.0000e+00
      75281   3136.678   2442.000   2405.026     2.6622     2.6609  32.332776  32.331831     1.8488   59.77488  -39.90654     4.9560         40 0.0000e+00
      75339   3139.066   2440.000   2403.067     2.6646     2.6633  32.334382  32.333429     1.8485   59.77488  -39.90654     4.9560         65 0.0000e+00
      75385   3140.982   2438.000   2401.108     2.6761     2.6736  32.344868  32.341573     1.8476   59.77488  -39.90654     4.9560         33 0.0000e+00
      75421   3142.505   2436.000   2399.150     2.6871     2.6854  32.354324  32.352765     1.8476   59.77488  -39.90654     4.9560         46 0.0000e+00
      75487   3145.250   2434.000   2397.191     2.6959     2.6951  32.362185  32.361639     1.8476   59.77488  -39.90654     4.9560         69 0.0000e+00
      75533   3147.187   2432.000   2395.233     2.7111     2.7064  32.376261  32.371019     1.8466   59.77488  -39.90654     4.9560         35 0.0000e+00
      75569   3148.659   2430.000   2393.274     2.7180     2.7168  32.382186  32.380738     1.8461   59.77488  -39.90654     4.9560         38 0.0000e+00
      75615   3150.601   2428.000   2391.315     2.7212     2.7184  32.384366  32.381908     1.8460   59.77488  -39.90654     4.9560         56 0.0000e+00
      75671   3152.932   2426.000   2389.357     2.7225     2.7234  32.384121  32.385547     1.8464   59.77488  -39.90652     4.9560         51 0.0000e+00
      75716   3154.776   2424.000   2387.398     2.7224     2.7228  32.382524  32.383490     1.8470   59.77487  -39.90652     4.9560         39 0.0000e+00
      75755   3156.422   2422.000   2385.439     2.7238     2.7238  32.382955  32.383141     1.8472   59.77486  -39.90652     4.9560         42 0.0000e+00
