Example_Files/SBE_Processing_Files/Processed_SBE_cast_files/upcasts/uar69-01_016.cnv
* Sea-Bird SBE 9 Data File:
* FileName = D:\data\ar69-01_016.hex
* Software Version Seasave V 7.26.7.107
* Temperature SN = 4491
* Conductivity SN = 3009
* Number of Bytes Per Scan = 44
* Number of Voltage Words = 5
* Number of Scans Averaged by the Deck Unit = 1
* NMEA Latitude = 59 38.89 N
* NMEA Longitude = 038 34.97 W
* NMEA UTC (Time) = Jul 04 2022  07:20:38
** Cruise ID: AR69-01
** Chief Sci:
** Station #: 016
** Site ID: M4 OSNAP acoustic releases
# nquan = 14
# nvalues = 1508                        
# units = specified
# name 0 = scan: Scan Count
# name 1 = timeS: Time, Elapsed [seconds]
# name 2 = prDM: Pressure, Digiquartz [db]
# name 3 = depSM: Depth [salt water, m]
# name 4 = t090C: Temperature [ITS-90, deg C]
# name 5 = t190C: Temperature, 2 [ITS-90, deg C]
# name 6 = c0mS/cm: Conductivity [mS/cm]
# name 7 = c1mS/cm: Conductivity, 2 [mS/cm]
# name 8 = sbeox0V: Oxygen raw, SBE 43 [V]
# name 9 = latitude: Latitude [deg]
# name 10 = longitude: Longitude [deg]
# name 11 = v7: Voltage 7
# name 12 = nbin: number of scans per bin
# name 13 = flag: flag
# span 0 =      84854,     213202       
# span 1 =   3535.562,   8883.383       
# span 2 =      4.000,   3018.000       
# span 3 =      3.962,   2968.373       
# span 4 =     1.4106,     7.4279       
# span 5 =     1.4100,     7.4228       
# span 6 =  31.428956,  35.480498       
# span 7 =  31.428677,  34.938115       
# span 8 =     1.7808,     2.8238       
# span 9 =   59.64808,   59.64810       
# span 10 =  -38.58288,  -38.58284      
# span 11 =     4.9560,     4.9567      
# span 12 =         30,        146      
# span 13 = 0.0000e+00, 0.0000e+00      
# interval = decibars: 2                
# start_time = Jul 04 2022 07:20:38 [NMEA time, first data scan]
# bad_flag = -9.990e-29
*END*
[from data line 620]
     143333   5972.179   1778.000   1753.820     3.4548     3.4538  32.774571  32.768789     1.9874   59.64808  -38.58286     4.9560         59 0.0000e+00
     143539   5980.741   1776.000   1751.855     3.4551     3.4538  32.773848  32.769835     1.9880   59.64808  -38.58286     4.9560         88 0.0000e+00
     146033   6084.666   1774.000   1749.891     3.4562     3.4553  32.773755  32.773759     1.9904   59.64808  -38.58286     4.9560         66 0.0000e+00
     146101   6087.479   1772.000   1747.926     3.4558     3.4549  32.772442  32.772699     1.9910   59.64808  -38.58286     4.9560         57 0.0000e+00
     146155   6089.753   1770.000   1745.962     3.4555     3.4545  32.771185  32.771744     1.9917   59.64808  -38.58286     4.9560         56 0.0000e+00
     146210   6092.036   1768.000   1743.997     3.4550     3.4540  32.769668  32.770576     1.9925   59.64808  -38.58286     4.9560         49 0.0000e+00
     146254   6093.867   1766.000   1742.032     3.4551     3.4539  32.768791  32.769461     1.9932   59.64808  -38.58286     4.9560         43 0.0000e+00
     146300   6095.804   1764.000   1740.068     3.4560     3.4547  32.768786  32.768178     1.9937   59.64808  -38.58286     4.9560         52 0.0000e+00
     146355   6098.067   1762.000   1738.103     3.4564     3.4549  32.768165  32.767016     1.9937   59.64808  -38.58286     4.9560         51 0.0000e+00
     146399   6099.919   1760.000   1736.138     3.4557     3.4548  32.766464  32.766027     1.9939   59.64808  -38.58286     4.9560         41 0.0000e+00
     146442   6101.696   1758.000   1734.173     3.4550     3.4542  32.764836  32.765094     1.9947   59.64809  -38.58286     4.9560         46 0.0000e+00
     146495   6103.907   1756.000   1732.209     3.4556     3.4545  32.764438  32.764068     1.9957   59.64809  -38.58286     4.9560         58 0.0000e+00
     146547   6106.099   1754.000   1730.244     3.4566     3.4549  32.764364  32.762957     1.9962   59.64809  -38.58286     4.9560         45 0.0000e+00
     146587   6107.747   1752.000   1728.279     3.4595     3.4569  32.766378  32.761933     1.9964   59.64810  -38.58286     4.9560         38 0.0000e+00
     146629   6109.497   1750.000   1726.314     3.4606     3.4587  32.766512  32.760907     1.9970   59.64810  -38.58286     4.9560         48 0.0000e+00
     146683   6111.759   1748.000   1724.350     3.4608     3.4595  32.765776  32.760292     1.9978   59.64809  -38.58286     4.9560         54 0.0000e+00
     146731   6113.768   1746.000   1722.385     3.4596     3.4591  32.763446  32.760122     1.9990   59.64810  -38.58286     4.9560         45 0.0000e+00
     146777   6115.665   1744.000   1720.420     3.4591     3.4583  32.761971  32.759783     1.9996   59.64809  -38.58286     4.9560         47 0.0000e+00
     146823   6117.571   1742.000   1718.455     3.4603     3.4586  32.762085  32.759112     2.0002   59.64809  -38.58286     4.9560         44 0.0000e+00
     146866   6119.386   1740.000   1716.490     3.4616     3.4597  32.762499  32.758260     2.0008   59.64810  -38.58286     4.9560         45 0.0000e+00
     146917   6121.500   1738.000   1714.525     3.4624     3.4610  32.762430  32.757252     2.0015   59.64810  -38.58286     4.9560         58 0.0000e+00
     146977   6123.983   1736.000   1712.560     3.4633     3.4618  32.762258  32.756686     2.0021   59.64808  -38.58286     4.9560         54 0.0000e+00
     147021   6125.828   1734.000   1710.595     3.4680     3.4639  32.765952  32.756186     2.0023   59.64810  -38.58286     4.9560         38 0.0000e+00
     147057   6127.328   1732.000   1708.631     3.4712     3.4677  32.768350  32.755722     2.0024   59.64810  -38.58286     4.9560         35 0.0000e+00
     147097   6128.985   1730.000   1706.665     3.4721     3.4705  32.768399  32.755277     2.0028   59.64808  -38.58286     4.9560         47 0.0000e+00
     147158   6131.548   1728.000   1704.701     3.4734     3.4730  32.769050  32.755926     2.0035   59.64808  -38.58286     4.9560         68 0.0000e+00
     147211   6133.751   1726.000   1702.736     3.4746     3.4732  32.769096  32.757019     2.0040   59.64808  -38.58286     4.9560         39 0.0000e+00
     147247   6135.268   1724.000   1700.771     3.4749     3.4735  32.768511  32.757488     2.0042   59.64808  -38.58286     4.9560         37 0.0000e+00
     147288   6136.974   1722.000   1698.805     3.4756     3.4746  32.768414  32.757841     2.0046   59.64808  -38.58286     4.9560         47 0.0000e+00
     147345   6139.320   1720.000   1696.840     3.4764     3.4752  32.768292  32.758180     2.0052   59.64808  -38.58286     4.9560         61 0.0000e+00
     147398   6141.525   1718.000   1694.875     3.4770     3.4758  32.767762  32.758318     2.0058   59.64808  -38.58286     4.9560         45 0.0000e+00
     147442   6143.386   1716.000   1692.910     3.4777     3.4761  32.767249  32.758279     2.0064   59.64808  -38.58286     4.9560         46 0.0000e+00
     147488   6145.306   1714.000   1690.945     3.4781     3.4766  32.766597  32.758182     2.0071   59.64808  -38.58286     4.9560         45 0.0000e+00
     147532   6147.140   1712.000   1688.980     3.4784     3.4770  32.765997  32.757809     2.0075   59.64808  -38.58286     4.9560         44 0.0000e+00
     147580   6149.130   1710.000   1687.015     3.4783     3.4771  32.764999  32.757535     2.0083   59.64808  -38.58286     4.9560         51 0.0000e+00
     147628   6151.136   1708.000   1685.050     3.4780     3.4768  32.763543  32.757188     2.0091   59.64808  -38.58286     4.9560         44 0.0000e+00
     147671   6152.911   1706.000   1683.084     3.4785     3.4771  32.763131  32.756736     2.0098   59.64808  -38.58286     4.9560         45 0.0000e+00
     147723   6155.079   1704.000   1681.119     3.4794     3.4782  32.763226  32.756218     2.0107   59.64808  -38.58286     4.9560         57 0.0000e+00
     147776   6157.293   1702.000   1679.154     3.4806     3.4789  32.763447  32.755613     2.0108   59.64808  -38.58286     4.9560         46 0.0000e+00
     147816   6158.942   1700.000   1677.189     3.4809     3.4793  32.762848  32.755131     2.0112   59.64808  -38.58286     4.9560         36 0.0000e+00
     147856   6160.636   1698.000   1675.223     3.4812     3.4799  32.762231  32.754697     2.0116   59.64808  -38.58286     4.9560         50 0.0000e+00
     147921   6163.313   1696.000   1673.258     3.4817     3.4808  32.761779  32.754648     2.0123   59.64808  -38.58286     4.9560         65 0.0000e+00
     147968   6165.293   1694.000   1671.293     3.4824     3.4812  32.761303  32.754270     2.0131   59.64808  -38.58286     4.9560         38 0.0000e+00
     148004   6166.792   1692.000   1669.328     3.4796     3.4799  32.757269  32.753706     2.0134   59.64808  -38.58286     4.9560         36 0.0000e+00
     148043   6168.421   1690.000   1667.362     3.4771     3.4767  32.753815  32.753146     2.0142   59.64808  -38.58286     4.9560         44 0.0000e+00
     148102   6170.858   1688.000   1665.397     3.4771     3.4764  32.752867  32.752600     2.0159   59.64808  -38.58286     4.9560         70 0.0000e+00
     148159   6173.231   1686.000   1663.432     3.4761     3.4756  32.750544  32.751010     2.0173   59.64808  -38.58286     4.9560         40 0.0000e+00
     148193   6174.674   1684.000   1661.466     3.4738     3.4740  32.747149  32.749554     2.0182   59.64808  -38.58286     4.9560         34 0.0000e+00
     148233   6176.329   1682.000   1659.501     3.4740     3.4732  32.746359  32.748277     2.0190   59.64808  -38.58286     4.9560         47 0.0000e+00
     148285   6178.485   1680.000   1657.535     3.4746     3.4735  32.746064  32.746797     2.0199   59.64808  -38.58286     4.9560         54 0.0000e+00
     148339   6180.742   1678.000   1655.570     3.4763     3.4746  32.746726  32.745040     2.0207   59.64808  -38.58286     4.9560         55 0.0000e+00
     148391   6182.908   1676.000   1653.604     3.4815     3.4776  32.750996  32.743627     2.0211   59.64808  -38.58286     4.9560         46 0.0000e+00
     148433   6184.655   1674.000   1651.639     3.4846     3.4819  32.753065  32.742593     2.0215   59.64808  -38.58286     4.9560         41 0.0000e+00
     148476   6186.439   1672.000   1649.673     3.4844     3.4826  32.751921  32.741824     2.0223   59.64808  -38.58286     4.9560         45 0.0000e+00
     148523   6188.433   1670.000   1647.708     3.4845     3.4831  32.750924  32.741896     2.0230   59.64808  -38.58286     4.9560         49 0.0000e+00
     148573   6190.480   1668.000   1645.742     3.4861     3.4839  32.751454  32.742322     2.0236   59.64808  -38.58286     4.9560         50 0.0000e+00
     148623   6192.591   1666.000   1643.777     3.4861     3.4845  32.750492  32.742435     2.0245   59.64808  -38.58286     4.9560         50 0.0000e+00
     148669   6194.489   1664.000   1641.811     3.4867     3.4851  32.750111  32.742227     2.0250   59.64808  -38.58286     4.9560         41 0.0000e+00
     148709   6196.164   1662.000   1639.845     3.4871     3.4856  32.749526  32.741906     2.0255   59.64808  -38.58286     4.9560         42 0.0000e+00
     148760   6198.282   1660.000   1637.880     3.4868     3.4855  32.748137  32.741607     2.0264   59.64808  -38.58286     4.9560         63 0.0000e+00
     148821   6200.825   1658.000   1635.914     3.4861     3.4846  32.746013  32.741368     2.0276   59.64808  -38.58286     4.9560         48 0.0000e+00
     148860   6202.466   1656.000   1633.949     3.4857     3.4847  32.744398  32.740827     2.0289   59.64808  -38.58286     4.9560         37 0.0000e+00
     148901   6204.187   1654.000   1631.983     3.4852     3.4842  32.742938  32.739856     2.0300   59.64808  -38.58286     4.9560         49 0.0000e+00
     148956   6206.443   1652.000   1630.017     3.4860     3.4847  32.742731  32.739012     2.0307   59.64808  -38.58286     4.9560         53 0.0000e+00
     149003   6208.420   1650.000   1628.052     3.4868     3.4851  32.742450  32.738061     2.0317   59.64808  -38.58286     4.9560         46 0.0000e+00
     149048   6210.279   1648.000   1626.086     3.4878     3.4860  32.742454  32.737045     2.0325   59.64808  -38.58286     4.9560         41 0.0000e+00
     149087   6211.933   1646.000   1624.120     3.4883     3.4868  32.742015  32.736283     2.0328   59.64808  -38.58286     4.9560         41 0.0000e+00
     149139   6214.072   1644.000   1622.154     3.4884     3.4872  32.741202  32.735605     2.0333   59.64808  -38.58286     4.9560         61 0.0000e+00
     149192   6216.293   1642.000   1620.189     3.4886     3.4873  32.740409  32.735033     2.0343   59.64808  -38.58286     4.9560         43 0.0000e+00
     149236   6218.126   1640.000   1618.223     3.4885     3.4874  32.739172  32.734485     2.0353   59.64808  -38.58286     4.9560         49 0.0000e+00
     149288   6220.291   1638.000   1616.257     3.4882     3.4871  32.737791  32.733936     2.0362   59.64808  -38.58286     4.9560         49 0.0000e+00
     149330   6222.054   1636.000   1614.291     3.4880     3.4869  32.736500  32.733227     2.0368   59.64808  -38.58286     4.9560         39 0.0000e+00
     149376   6223.958   1634.000   1612.325     3.4879     3.4868  32.735519  32.732418     2.0378   59.64808  -38.58286     4.9560         57 0.0000e+00
     149433   6226.352   1632.000   1610.359     3.4877     3.4865  32.734074  32.731453     2.0384   59.64808  -38.58286     4.9560         49 0.0000e+00
     149476   6228.105   1630.000   1608.393     3.4873     3.4862  32.732721  32.730535     2.0394   59.64808  -38.58286     4.9560         41 0.0000e+00
     149520   6229.943   1628.000   1606.428     3.4866     3.4857  32.730986  32.729469     2.0401   59.64808  -38.58286     4.9560         47 0.0000e+00
     149570   6232.023   1626.000   1604.462     3.4863     3.4852  32.729696  32.728475     2.0412   59.64808  -38.58286     4.9560         51 0.0000e+00
     149618   6234.055   1624.000   1602.496     3.4855     3.4844  32.727890  32.727433     2.0422   59.64808  -38.58286     4.9560         46 0.0000e+00
     149663   6235.896   1622.000   1600.530     3.4851     3.4841  32.726491  32.726240     2.0429   59.64808  -38.58286     4.9560         44 0.0000e+00
     149707   6237.732   1620.000   1598.564     3.4845     3.4837  32.724909  32.725012     2.0434   59.64808  -38.58286     4.9560         46 0.0000e+00
     149758   6239.876   1618.000   1596.598     3.4839     3.4831  32.723369  32.723667     2.0443   59.64808  -38.58286     4.9560         56 0.0000e+00
     149815   6242.246   1616.000   1594.632     3.4828     3.4820  32.721193  32.722342     2.0455   59.64808  -38.58286     4.9560         53 0.0000e+00
     149860   6244.125   1614.000   1592.665     3.4805     3.4802  32.717809  32.721032     2.0464   59.64808  -38.58286     4.9560         39 0.0000e+00
     149897   6245.673   1612.000   1590.700     3.4810     3.4799  32.717248  32.719738     2.0470   59.64808  -38.58286     4.9560         40 0.0000e+00
     149951   6247.937   1610.000   1588.734     3.4806     3.4795  32.716088  32.718155     2.0479   59.64808  -38.58286     4.9560         64 0.0000e+00
     150002   6250.023   1608.000   1586.767     3.4807     3.4793  32.715170  32.716392     2.0490   59.64808  -38.58286     4.9560         37 0.0000e+00
     150039   6251.600   1606.000   1584.801     3.4803     3.4793  32.713789  32.714969     2.0496   59.64808  -38.58286     4.9560         43 0.0000e+00
     150089   6253.657   1604.000   1582.835     3.4807     3.4794  32.713245  32.713560     2.0502   59.64808  -38.58286     4.9560         51 0.0000e+00
     150138   6255.720   1602.000   1580.869     3.4816     3.4802  32.713166  32.712241     2.0505   59.64808  -38.58286     4.9560         51 0.0000e+00
     150191   6257.930   1600.000   1578.903     3.4818     3.4804  32.712419  32.710892     2.0515   59.64808  -38.58286     4.9560         51 0.0000e+00
     150237   6259.842   1598.000   1576.937     3.4817     3.4804  32.711368  32.709791     2.0523   59.64808  -38.58286     4.9560         43 0.0000e+00
     150280   6261.611   1596.000   1574.970     3.4814     3.4803  32.710074  32.708838     2.0532   59.64808  -38.58286     4.9560         43 0.0000e+00
     150327   6263.592   1594.000   1573.004     3.4812     3.4801  32.709043  32.707872     2.0545   59.64808  -38.58286     4.9560         53 0.0000e+00
     150382   6265.880   1592.000   1571.038     3.4809     3.4797  32.707756  32.706805     2.0556   59.64808  -38.58286     4.9560         54 0.0000e+00
     150430   6267.888   1590.000   1569.072     3.4803     3.4793  32.706157  32.705728     2.0565   59.64808  -38.58286     4.9560         43 0.0000e+00
     150473   6269.672   1588.000   1567.105     3.4799     3.4789  32.704725  32.704667     2.0574   59.64808  -38.58286     4.9560         44 0.0000e+00
     150517   6271.498   1586.000   1565.139     3.4794     3.4784  32.703240  32.703532     2.0578   59.64808  -38.58286     4.9560         43 0.0000e+00
     150564   6273.448   1584.000   1563.173     3.4789     3.4780  32.701840  32.702363     2.0584   59.64808  -38.58286     4.9560         51 0.0000e+00
     150618   6275.708   1582.000   1561.206     3.4787     3.4776  32.700660  32.701039     2.0593   59.64808  -38.58286     4.9560         52 0.0000e+00
     150664   6277.630   1580.000   1559.240     3.4785     3.4773  32.699349  32.699830     2.0595   59.64808  -38.58286     4.9560         43 0.0000e+00
     150708   6279.449   1578.000   1557.274     3.4784     3.4772  32.698336  32.698497     2.0600   59.64808  -38.58286     4.9560         45 0.0000e+00
     150754   6281.390   1576.000   1555.308     3.4785     3.4772  32.697482  32.697192     2.0609   59.64808  -38.58286     4.9560         49 0.0000e+00
