Example_Files/SBE_Processing_Files/Processed_SBE_cast_files/upcasts/uar69-01_009.cnv
* Sea-Bird SBE 9 Data File:
* FileName = D:\data\ar69-01_009.hex
* Software Version Seasave V 7.26.7.107
* Temperature SN = 4491
* Conductivity SN = 3009
* Number of Bytes Per Scan = 44
* Number of Voltage Words = 5
* Number of Scans Averaged by the Deck Unit = 1
* NMEA Latitude = 59 49.00 N
* NMEA Longitude = 039 06.78 W
* NMEA UTC (Time) = Jun 28 2022  17:49:02
** Cruise ID: AR69-01
** Chief Sci:
** Station #: 009
** Site ID: Glider release (acoustic release test)
# nquan = 14
# nvalues = 506                         
# units = specified
# name 0 = scan: Scan Count
# name 1 = timeS: Time, Elapsed [seconds]
# name 2 = prDM: Pressure, Digiquartz [db]
# name 3 = depSM: Depth [salt water, m]
# name 4 = t090C: Temperature [ITS-90, deg C]
# name 5 = t190C: Temperature, 2 [ITS-90, deg C]
# name 6 = c0mS/cm: Conductivity [mS/cm]
# name 7 = c1mS/cm: Conductivity, 2 [mS/cm]
# name 8 = sbeox0V: Oxygen raw, SBE 43 [V]
# name 9 = latitude: Latitude [deg]
# name 10 = longitude: Longitude [deg]
# name 11 = v7: Voltage 7
# name 12 = nbin: number of scans per bin
# name 13 = flag: flag
# span 0 =      61813,     102883       
# span 1 =   2575.491,   4286.769       
# span 2 =      4.000,   1014.000       
# span 3 =      3.962,   1002.008       
# span 4 =     3.3909,     6.8503       
# span 5 =     3.3906,     6.8495       
# span 6 =  32.260945,  34.969408       
# span 7 =  32.262269,  34.970571       
# span 8 =     2.2376,     2.8537       
# span 9 =   59.81660,   59.81662       
# span 10 =  -39.11300,  -39.11296      
# span 11 =     4.9561,     4.9568      
# span 12 =         29,        115      
# span 13 = 0.0000e+00, 0.0000e+00      
# interval = decibars: 2                
# start_time = Jun 28 2022 17:49:02 [NMEA time, first data scan]
# bad_flag = -9.990e-29
*END*
[from data line 413]
      94230   3926.192    188.000    186.146     3.8580     3.8585  32.407112  32.409246     2.5112   59.81660  -39.11298     4.9565         48 0.0000e+00
      94281   3928.328    186.000    184.166     3.8587     3.8599  32.406819  32.409485     2.5117   59.81660  -39.11298     4.9564         51 0.0000e+00
      94326   3930.190    184.000    182.187     3.8629     3.8622  32.409323  32.410386     2.5125   59.81661  -39.11298     4.9566         38 0.0000e+00
      94365   3931.819    182.000    180.207     3.8624     3.8616  32.407917  32.409068     2.5143   59.81661  -39.11298     4.9567         44 0.0000e+00
      94423   3934.234    180.000    178.228     3.8626     3.8623  32.407009  32.408314     2.5171   59.81660  -39.11298     4.9567         65 0.0000e+00
      94475   3936.407    178.000    176.248     3.8698     3.8683  32.412317  32.412354     2.5181   59.81660  -39.11298     4.9567         39 0.0000e+00
      94509   3937.852    176.000    174.269     3.8769     3.8772  32.418193  32.419766     2.5180   59.81660  -39.11298     4.9564         34 0.0000e+00
      94550   3939.525    174.000    172.289     3.8806     3.8806  32.420894  32.422336     2.5180   59.81661  -39.11298     4.9564         51 0.0000e+00
      94609   3942.002    172.000    170.310     3.8854     3.8839  32.424051  32.424886     2.5190   59.81661  -39.11298     4.9566         57 0.0000e+00
      94658   3944.050    170.000    168.330     3.8888     3.8867  32.426297  32.425904     2.5204   59.81660  -39.11298     4.9566         48 0.0000e+00
      94707   3946.068    168.000    166.351     3.8902     3.8903  32.426575  32.428303     2.5206   59.81660  -39.11298     4.9565         46 0.0000e+00
      94747   3947.746    166.000    164.371     3.8968     3.8952  32.431902  32.431694     2.5207   59.81660  -39.11298     4.9565         36 0.0000e+00
      94785   3949.342    164.000    162.392     3.9035     3.8994  32.437278  32.435146     2.5213   59.81661  -39.11298     4.9565         44 0.0000e+00
      94840   3951.636    162.000    160.412     3.9044     3.9064  32.437445  32.441187     2.5204   59.81661  -39.11298     4.9566         62 0.0000e+00
      94892   3953.786    160.000    158.432     3.9125     3.9103  32.444124  32.443092     2.5190   59.81660  -39.11298     4.9566         42 0.0000e+00
      94937   3955.654    158.000    156.453     3.9201     3.9200  32.450205  32.451332     2.5194   59.81660  -39.11298     4.9565         50 0.0000e+00
      94987   3957.735    156.000    154.473     3.9252     3.9238  32.454053  32.454199     2.5193   59.81660  -39.11298     4.9565         44 0.0000e+00
      95028   3959.440    154.000    152.494     3.9321     3.9316  32.459753  32.460747     2.5191   59.81660  -39.11298     4.9564         42 0.0000e+00
      95075   3961.409    152.000    150.514     3.9364     3.9355  32.462839  32.463340     2.5191   59.81660  -39.11298     4.9563         49 0.0000e+00
      95120   3963.296    150.000    148.534     3.9442     3.9426  32.469351  32.469519     2.5195   59.81660  -39.11298     4.9565         44 0.0000e+00
      95173   3965.509    148.000    146.554     3.9466     3.9451  32.470936  32.471029     2.5196   59.81660  -39.11298     4.9566         61 0.0000e+00
      95225   3967.658    146.000    144.575     3.9538     3.9537  32.476631  32.477841     2.5197   59.81660  -39.11298     4.9566         40 0.0000e+00
      95262   3969.198    144.000    142.595     3.9568     3.9561  32.478233  32.479220     2.5209   59.81660  -39.11298     4.9565         38 0.0000e+00
      95305   3970.995    142.000    140.615     3.9572     3.9570  32.477416  32.478916     2.5231   59.81660  -39.11298     4.9564         50 0.0000e+00
      95362   3973.390    140.000    138.635     3.9575     3.9563  32.476336  32.477555     2.5266   59.81660  -39.11298     4.9566         58 0.0000e+00
      95410   3975.378    138.000    136.655     3.9576     3.9571  32.474696  32.476096     2.5288   59.81660  -39.11298     4.9565         40 0.0000e+00
      95451   3977.078    136.000    134.675     3.9566     3.9558  32.472419  32.473285     2.5315   59.81660  -39.11298     4.9565         44 0.0000e+00
      95495   3978.921    134.000    132.695     3.9564     3.9558  32.470640  32.471762     2.5334   59.81662  -39.11298     4.9566         43 0.0000e+00
      95543   3980.918    132.000    130.716     3.9589     3.9589  32.471686  32.473384     2.5353   59.81660  -39.11298     4.9564         60 0.0000e+00
      95608   3983.623    130.000    128.736     3.9660     3.9633  32.476948  32.476284     2.5385   59.81660  -39.11300     4.9565         51 0.0000e+00
      95643   3985.085    128.000    126.756     3.9759     3.9744  32.485102  32.484677     2.5397   59.81660  -39.11298     4.9566         30 0.0000e+00
      95676   3986.445    126.000    124.776     3.9774     3.9763  32.485584  32.486171     2.5406   59.81660  -39.11298     4.9565         39 0.0000e+00
      95731   3988.762    124.000    122.796     3.9796     3.9784  32.486567  32.487329     2.5421   59.81660  -39.11298     4.9565         70 0.0000e+00
      95791   3991.253    122.000    120.816     3.9814     3.9798  32.487073  32.487385     2.5424   59.81660  -39.11298     4.9564         45 0.0000e+00
      95829   3992.824    120.000    118.836     3.9849     3.9838  32.489110  32.489779     2.5437   59.81660  -39.11298     4.9565         35 0.0000e+00
      95869   3994.485    118.000    116.856     3.9861     3.9866  32.488965  32.490996     2.5452   59.81660  -39.11298     4.9565         48 0.0000e+00
      95925   3996.826    116.000    114.876     3.9876     3.9868  32.488982  32.490152     2.5466   59.81660  -39.11298     4.9565         57 0.0000e+00
      95973   3998.833    114.000    112.895     3.9889     3.9882  32.488867  32.489960     2.5491   59.81660  -39.11298     4.9566         41 0.0000e+00
      96017   4000.669    112.000    110.916     3.9871     3.9859  32.485758  32.486713     2.5508   59.81660  -39.11298     4.9566         53 0.0000e+00
      96085   4003.499    110.000    108.935     3.9798     3.9808  32.476821  32.480305     2.5541   59.81660  -39.11298     4.9565         90 0.0000e+00
      96171   4007.088    108.000    106.955     3.9723     3.9736  32.467223  32.470775     2.5587   59.81660  -39.11299     4.9564         59 0.0000e+00
      96301   4012.517    106.000    104.975     3.9725     3.9733  32.465202  32.468427     2.5600   59.81661  -39.11298     4.9565         86 0.0000e+00
      97127   4046.922    104.000    102.995     3.9820     3.9808  32.471810  32.472501     2.5653   59.81662  -39.11298     4.9566         62 0.0000e+00
      97351   4056.256    102.000    101.015     3.9871     3.9882  32.475768  32.478571     2.5659   59.81661  -39.11298     4.9565         78 0.0000e+00
      97439   4059.909    100.000     99.035     3.9973     3.9964  32.484148  32.484704     2.5667   59.81661  -39.11298     4.9566         61 0.0000e+00
      97509   4062.818     98.000     97.054     4.0100     4.0058  32.494794  32.492341     2.5670   59.81662  -39.11298     4.9565         72 0.0000e+00
      97592   4066.287     96.000     95.074     4.0241     4.0217  32.507379  32.506806     2.5681   59.81660  -39.11298     4.9565        109 0.0000e+00
      97687   4070.267     94.000     93.094     4.0495     4.0437  32.528594  32.524612     2.5690   59.81662  -39.11298     4.9566         59 0.0000e+00
      97737   4072.342     92.000     91.114     4.0821     4.0736  32.558417  32.551555     2.5698   59.81662  -39.11298     4.9565         60 0.0000e+00
      97852   4077.105     90.000     89.133     4.0979     4.0890  32.571996  32.565818     2.5704   59.81660  -39.11298     4.9566         59 0.0000e+00
      97902   4079.213     88.000     87.153     4.1144     4.1075  32.585491  32.580041     2.5711   59.81662  -39.11298     4.9565         42 0.0000e+00
      97990   4082.868     86.000     85.173     4.1315     4.1268  32.600346  32.598093     2.5729   59.81661  -39.11299     4.9565         83 0.0000e+00
      98083   4086.738     84.000     83.192     4.1461     4.1422  32.611845  32.609364     2.5772   59.81661  -39.11299     4.9566         60 0.0000e+00
      98139   4089.101     82.000     81.212     4.1916     4.1837  32.651209  32.644899     2.5795   59.81662  -39.11298     4.9566         74 0.0000e+00
      98233   4093.013     80.000     79.231     4.2226     4.2016  32.677273  32.661440     2.5848   59.81661  -39.11299     4.9566         90 0.0000e+00
      98319   4096.595     78.000     77.251     4.2520     4.2674  32.701326  32.714727     2.5921   59.81661  -39.11298     4.9565         79 0.0000e+00
      98376   4098.967     76.000     75.271     4.3131     4.3068  32.754727  32.749933     2.5945   59.81662  -39.11298     4.9566         52 0.0000e+00
      98490   4103.707     74.000     73.290     4.3427     4.3558  32.780565  32.792448     2.6050   59.81660  -39.11300     4.9566         63 0.0000e+00
      98542   4105.864     72.000     71.310     4.4161     4.4055  32.840689  32.829420     2.6089   59.81662  -39.11299     4.9566         50 0.0000e+00
      98620   4109.126     70.000     69.329     4.4623     4.4504  32.881986  32.872637     2.6172   59.81662  -39.11299     4.9567        101 0.0000e+00
      98734   4113.865     68.000     67.349     4.5269     4.4822  32.933271  32.895269     2.6340   59.81660  -39.11300     4.9566         67 0.0000e+00
      98781   4115.830     66.000     65.368     4.7186     4.7103  33.102789  33.088370     2.6364   59.81661  -39.11299     4.9567         40 0.0000e+00
      98864   4119.276     64.000     63.388     4.7775     4.7696  33.155495  33.149224     2.6424   59.81661  -39.11299     4.9566         73 0.0000e+00
      98971   4123.753     62.000     61.407     4.8268     4.8053  33.197388  33.173423     2.6600   59.81660  -39.11300     4.9566         56 0.0000e+00
      99020   4125.798     60.000     59.427     4.9902     4.9884  33.340924  33.335679     2.6650   59.81661  -39.11300     4.9566         50 0.0000e+00
      99110   4129.559     58.000     57.446     5.0996     5.0490  33.445121  33.399411     2.6746   59.81661  -39.11299     4.9566         72 0.0000e+00
      99215   4133.916     56.000     55.465     5.2737     5.2171  33.602086  33.544268     2.6843   59.81661  -39.11300     4.9566         46 0.0000e+00
      99663   4152.563     54.000     53.485     5.6220     5.4805  33.922229  33.785862     2.7047   59.81661  -39.11299     4.9567         72 0.0000e+00
     100080   4169.938     52.000     51.504     5.8019     5.6393  34.090398  33.932086     2.7441   59.81660  -39.11298     4.9567         96 0.0000e+00
     100144   4172.644     50.000     49.523     5.9889     5.9506  34.253574  34.208440     2.7629   59.81660  -39.11298     4.9566         64 0.0000e+00
     100236   4176.440     48.000     47.543     6.1355     6.1427  34.392747  34.402650     2.7842   59.81660  -39.11298     4.9567        113 0.0000e+00
     100322   4180.027     46.000     45.562     6.2465     6.2204  34.482186  34.461442     2.8010   59.81660  -39.11298     4.9567         56 0.0000e+00
     100390   4182.860     44.000     43.581     6.3441     6.3134  34.564527  34.540246     2.8066   59.81660  -39.11298     4.9567         99 0.0000e+00
     100492   4187.138     42.000     41.600     6.3681     6.3699  34.576139  34.579244     2.8079   59.81660  -39.11298     4.9567         88 0.0000e+00
     100562   4190.022     40.000     39.620     6.5030     6.4919  34.669479  34.660779     2.8046   59.81660  -39.11298     4.9566         57 0.0000e+00
     100650   4193.697     38.000     37.639     6.5124     6.5104  34.676754  34.676245     2.8080   59.81660  -39.11298     4.9567         86 0.0000e+00
     100727   4196.903     36.000     35.658     6.5255     6.5210  34.683624  34.681729     2.8101   59.81660  -39.11298     4.9567         70 0.0000e+00
     101186   4216.037     34.000     33.677     6.5373     6.5331  34.693144  34.691791     2.8158   59.81660  -39.11298     4.9567         83 0.0000e+00
     101517   4229.825     32.000     31.696     6.5525     6.5446  34.706263  34.700624     2.8255   59.81660  -39.11298     4.9567         57 0.0000e+00
     101576   4232.310     30.000     29.715     6.6033     6.5959  34.752278  34.745885     2.8285   59.81662  -39.11298     4.9567         76 0.0000e+00
     101681   4236.682     28.000     27.734     6.6455     6.6365  34.791529  34.784670     2.8352   59.81662  -39.11298     4.9567        101 0.0000e+00
     101764   4240.133     26.000     25.753     6.7211     6.7222  34.858722  34.859210     2.8392   59.81660  -39.11298     4.9567         78 0.0000e+00
     101836   4243.143     24.000     23.773     6.7427     6.7474  34.879718  34.884657     2.8420   59.81661  -39.11298     4.9568         71 0.0000e+00
     101934   4247.215     22.000     21.792     6.7602     6.7637  34.895445  34.900596     2.8426   59.81661  -39.11298     4.9566        114 0.0000e+00
     102017   4250.678     20.000     19.811     6.7700     6.7682  34.902571  34.902874     2.8452   59.81660  -39.11298     4.9567         56 0.0000e+00
     102092   4253.797     18.000     17.830     6.7761     6.7827  34.907778  34.914775     2.8474   59.81661  -39.11298     4.9567        103 0.0000e+00
     102193   4257.984     16.000     15.849     6.8108     6.7996  34.938152  34.929054     2.8481   59.81660  -39.11298     4.9567         83 0.0000e+00
     102258   4260.707     14.000     13.868     6.8223     6.8198  34.948117  34.947460     2.8489   59.81661  -39.11298     4.9567         66 0.0000e+00
     102366   4265.219     12.000     11.887     6.8263     6.8245  34.950540  34.950790     2.8502   59.81660  -39.11299     4.9566         66 0.0000e+00
     102431   4267.907     10.000      9.906     6.8423     6.8356  34.964369  34.960041     2.8524   59.81661  -39.11298     4.9567         73 0.0000e+00
     102528   4271.948      8.000      7.925     6.8460     6.8453  34.966986  34.968261     2.8537   59.81660  -39.11298     4.9567        115 0.0000e+00
     102618   4275.716      6.000      5.943     6.8503     6.8492  34.969408  34.970571     2.8527   59.81660  -39.11298     4.9567         62 0.0000e+00
     102883   4286.769      4.000      3.962     6.8503     6.8495  34.968872  34.970280     2.8525   59.81661  -39.11298     4.9567         79 0.0000e+00
