Example_Files/SBE_Processing_Files/Processed_SBE_cast_files/upcasts/uar69-01_018.cnv
* Sea-Bird SBE 9 Data File:
* FileName = D:\data\ar69-01_018.hex
* Software Version Seasave V 7.26.7.107
* Temperature SN = 4491
* Conductivity SN = 3009
* Number of Bytes Per Scan = 44
* Number of Voltage Words = 5
* Number of Scans Averaged by the Deck Unit = 1
* NMEA Latitude = 59 56.25 N
* NMEA Longitude = 041 08.20 W
* NMEA UTC (Time) = Jul 05 2022  14:07:42
** Cruise ID: AR69-01
** Chief Sci:
** Station #: 018
** Site ID: M1 OSNAP microcats + optodes (post cal dip)
# nquan = 14
# nvalues = 1013                        
# units = specified
# name 0 = scan: Scan Count
# name 1 = timeS: Time, Elapsed [seconds]
# name 2 = prDM: Pressure, Digiquartz [db]
# name 3 = depSM: Depth [salt water, m]
# name 4 = t090C: Temperature [ITS-90, deg C]
# name 5 = t190C: Temperature, 2 [ITS-90, deg C]
# name 6 = c0mS/cm: Conductivity [mS/cm]
# name 7 = c1mS/cm: Conductivity, 2 [mS/cm]
# name 8 = sbeox0V: Oxygen raw, SBE 43 [V]
# name 9 = latitude: Latitude [deg]
# name 10 = longitude: Longitude [deg]
# name 11 = v7: Voltage 7
# name 12 = nbin: number of scans per bin
# name 13 = flag: flag
# span 0 =      63310,     208611       
# span 1 =   2637.884,   8692.063       
# span 2 =      4.000,   2028.000       
# span 3 =      3.962,   1999.200       
# span 4 =     2.1946,     7.8777       
# span 5 =     2.1942,     7.8554       
# span 6 =  31.730489,  35.941541       
# span 7 =  31.730991,  35.923597       
# span 8 =     1.9466,     2.8222       
# span 9 =   59.93398,   59.93631       
# span 10 =  -41.18056,  -41.14812      
# span 11 =     4.9560,     4.9568      
# span 12 =         27,        125      
# span 13 = 0.0000e+00, 0.0000e+00      
# interval = decibars: 2                
# start_time = Jul 05 2022 14:07:43 [NMEA time, first data scan]
# bad_flag = -9.990e-29
*END*
[from data line 517]
     163228   6801.122    994.000    982.282     3.4528     3.4530  32.406956  32.408448     2.2292   59.93414  -41.16792     4.9560         34 0.0000e+00
     163285   6803.484    992.000    980.311     3.4534     3.4528  32.406633  32.407346     2.2296   59.93412  -41.16794     4.9560         70 0.0000e+00
     163351   6806.251    990.000    978.339     3.4542     3.4539  32.406211  32.406988     2.2303   59.93412  -41.16794     4.9560         39 0.0000e+00
     163384   6807.645    988.000    976.367     3.4546     3.4542  32.405473  32.406444     2.2305   59.93412  -41.16796     4.9560         33 0.0000e+00
     163419   6809.089    986.000    974.395     3.4550     3.4546  32.404910  32.405969     2.2310   59.93412  -41.16797     4.9560         37 0.0000e+00
     163462   6810.885    984.000    972.423     3.4559     3.4548  32.404916  32.405360     2.2315   59.93412  -41.16799     4.9560         53 0.0000e+00
     163534   6813.869    982.000    970.451     3.4585     3.4570  32.406622  32.406579     2.2318   59.93412  -41.16800     4.9560         71 0.0000e+00
     163582   6815.864    980.000    968.480     3.4597     3.4597  32.406942  32.407916     2.2315   59.93412  -41.16801     4.9560         36 0.0000e+00
     163617   6817.345    978.000    966.508     3.4609     3.4606  32.407199  32.408178     2.2321   59.93412  -41.16802     4.9560         37 0.0000e+00
     163659   6819.087    976.000    964.536     3.4610     3.4606  32.406535  32.407440     2.2328   59.93412  -41.16804     4.9560         47 0.0000e+00
     163714   6821.394    974.000    962.564     3.4613     3.4611  32.406065  32.407155     2.2334   59.93412  -41.16805     4.9560         64 0.0000e+00
     163772   6823.773    972.000    960.592     3.4625     3.4620  32.406062  32.406716     2.2336   59.93412  -41.16806     4.9560         43 0.0000e+00
     163807   6825.264    970.000    958.620     3.4646     3.4641  32.407144  32.407740     2.2339   59.93412  -41.16806     4.9560         33 0.0000e+00
     163844   6826.787    968.000    956.648     3.4656     3.4652  32.407279  32.408151     2.2344   59.93412  -41.16809     4.9560         45 0.0000e+00
     163909   6829.481    966.000    954.676     3.4691     3.4672  32.409891  32.409314     2.2341   59.93412  -41.16810     4.9560         68 0.0000e+00
     163955   6831.411    964.000    952.704     3.4764     3.4745  32.416304  32.414705     2.2333   59.93412  -41.16810     4.9560         36 0.0000e+00
     163993   6832.982    962.000    950.732     3.4825     3.4824  32.421262  32.422324     2.2332   59.93412  -41.16812     4.9560         43 0.0000e+00
     164044   6835.125    960.000    948.760     3.4858     3.4860  32.423888  32.425574     2.2327   59.93412  -41.16815     4.9560         57 0.0000e+00
     164097   6837.326    958.000    946.788     3.4897     3.4879  32.426590  32.426085     2.2328   59.93412  -41.16816     4.9560         48 0.0000e+00
     164142   6839.211    956.000    944.816     3.4910     3.4901  32.426899  32.427254     2.2332   59.93412  -41.16816     4.9560         44 0.0000e+00
     164190   6841.189    954.000    942.844     3.4909     3.4903  32.425809  32.426670     2.2336   59.93412  -41.16818     4.9560         50 0.0000e+00
     164235   6843.103    952.000    940.872     3.4907     3.4901  32.424573  32.425306     2.2340   59.93412  -41.16820     4.9560         41 0.0000e+00
     164281   6844.979    950.000    938.899     3.4921     3.4913  32.425240  32.425680     2.2346   59.93412  -41.16820     4.9560         54 0.0000e+00
     164335   6847.242    948.000    936.927     3.4932     3.4923  32.425217  32.425609     2.2348   59.93412  -41.16822     4.9560         46 0.0000e+00
     164376   6848.942    946.000    934.955     3.4981     3.4968  32.429037  32.428809     2.2348   59.93412  -41.16823     4.9560         41 0.0000e+00
     164421   6850.849    944.000    932.983     3.4986     3.4970  32.428720  32.428407     2.2349   59.93412  -41.16824     4.9560         50 0.0000e+00
     164470   6852.878    942.000    931.011     3.5001     3.4990  32.429237  32.429413     2.2354   59.93412  -41.16826     4.9560         48 0.0000e+00
     164523   6855.091    940.000    929.038     3.5006     3.5001  32.428899  32.429718     2.2360   59.93412  -41.16827     4.9560         56 0.0000e+00
     164570   6857.031    938.000    927.066     3.5022     3.5016  32.429340  32.429817     2.2360   59.93412  -41.16828     4.9560         37 0.0000e+00
     164610   6858.698    936.000    925.094     3.5039     3.5031  32.430039  32.430612     2.2368   59.93412  -41.16829     4.9560         52 0.0000e+00
     164674   6861.365    934.000    923.122     3.5056     3.5041  32.430694  32.430667     2.2372   59.93412  -41.16831     4.9560         58 0.0000e+00
     164719   6863.239    932.000    921.149     3.5057     3.5053  32.429984  32.430843     2.2375   59.93412  -41.16832     4.9560         40 0.0000e+00
     164755   6864.743    930.000    919.177     3.5065     3.5059  32.429827  32.430401     2.2375   59.93412  -41.16833     4.9560         34 0.0000e+00
     164791   6866.239    928.000    917.205     3.5093     3.5077  32.431630  32.431419     2.2373   59.93412  -41.16834     4.9560         44 0.0000e+00
     164867   6869.426    926.000    915.232     3.5131     3.5119  32.434737  32.434685     2.2374   59.93412  -41.16836     4.9560         62 0.0000e+00
     164910   6871.228    924.000    913.260     3.5161     3.5155  32.436572  32.436901     2.2372   59.93412  -41.16836     4.9560         31 0.0000e+00
     164941   6872.479    922.000    911.287     3.5185     3.5178  32.437932  32.438429     2.2371   59.93412  -41.16838     4.9560         31 0.0000e+00
     164984   6874.279    920.000    909.315     3.5189     3.5185  32.437484  32.438390     2.2372   59.93412  -41.16840     4.9560         63 0.0000e+00
     165055   6877.234    918.000    907.343     3.5198     3.5194  32.437310  32.438283     2.2380   59.93412  -41.16840     4.9560         65 0.0000e+00
     165104   6879.305    916.000    905.370     3.5175     3.5176  32.433719  32.435368     2.2395   59.93412  -41.16842     4.9560         37 0.0000e+00
     165138   6880.728    914.000    903.398     3.5139     3.5137  32.428967  32.430282     2.2399   59.93412  -41.16843     4.9560         35 0.0000e+00
     165178   6882.383    912.000    901.425     3.5142     3.5137  32.428452  32.429275     2.2410   59.93412  -41.16844     4.9560         45 0.0000e+00
     165233   6884.686    910.000    899.453     3.5152     3.5151  32.428516  32.429663     2.2414   59.93412  -41.16846     4.9560         67 0.0000e+00
     165292   6887.123    908.000    897.480     3.5258     3.5230  32.437796  32.435952     2.2409   59.93412  -41.16846     4.9560         42 0.0000e+00
     165327   6888.601    906.000    895.508     3.5342     3.5329  32.445447  32.445314     2.2414   59.93412  -41.16848     4.9560         35 0.0000e+00
     165374   6890.531    904.000    893.535     3.5364     3.5351  32.446863  32.446888     2.2408   59.93412  -41.16849     4.9560         59 0.0000e+00
     165428   6892.774    902.000    891.562     3.5383     3.5373  32.447709  32.447996     2.2408   59.93412  -41.16850     4.9560         43 0.0000e+00
     165470   6894.522    900.000    889.590     3.5408     3.5400  32.449255  32.449642     2.2405   59.93412  -41.16851     4.9560         47 0.0000e+00
     165522   6896.726    898.000    887.617     3.5424     3.5422  32.449802  32.450738     2.2407   59.93412  -41.16852     4.9560         53 0.0000e+00
     165569   6898.683    896.000    885.645     3.5459     3.5450  32.451894  32.452209     2.2414   59.93412  -41.16854     4.9560         48 0.0000e+00
     165628   6901.120    894.000    883.672     3.5481     3.5472  32.452946  32.453428     2.2419   59.93412  -41.16854     4.9560         57 0.0000e+00
     165668   6902.803    892.000    881.699     3.5506     3.5500  32.454058  32.454680     2.2419   59.93412  -41.16855     4.9560         31 0.0000e+00
     165699   6904.073    890.000    879.727     3.5502     3.5499  32.452763  32.453682     2.2419   59.93412  -41.16857     4.9560         32 0.0000e+00
     165759   6906.585    888.000    877.754     3.5499     3.5496  32.451559  32.452641     2.2425   59.93412  -41.16858     4.9560         62 0.0000e+00
     165816   6908.949    886.000    875.781     3.5511     3.5508  32.451650  32.452440     2.2431   59.93410  -41.16858     4.9560         36 0.0000e+00
     165852   6910.446    884.000    873.808     3.5533     3.5527  32.452918  32.453559     2.2438   59.93410  -41.16860     4.9560         38 0.0000e+00
     165896   6912.311    882.000    871.836     3.5536     3.5527  32.452297  32.452775     2.2442   59.93410  -41.16861     4.9560         53 0.0000e+00
     165955   6914.746    880.000    869.863     3.5562     3.5536  32.454165  32.452736     2.2443   59.93410  -41.16863     4.9560         57 0.0000e+00
     166000   6916.644    878.000    867.890     3.5612     3.5598  32.457969  32.457510     2.2443   59.93410  -41.16864     4.9560         37 0.0000e+00
     166040   6918.292    876.000    865.917     3.5622     3.5620  32.457966  32.459135     2.2443   59.93410  -41.16865     4.9560         48 0.0000e+00
     166098   6920.688    874.000    863.944     3.5635     3.5630  32.458180  32.459079     2.2445   59.93410  -41.16867     4.9560         56 0.0000e+00
     166143   6922.596    872.000    861.971     3.5635     3.5621  32.457227  32.457285     2.2454   59.93410  -41.16868     4.9560         43 0.0000e+00
     166191   6924.566    870.000    859.998     3.5595     3.5583  32.452375  32.452408     2.2461   59.93410  -41.16868     4.9560         49 0.0000e+00
     166235   6926.406    868.000    858.025     3.5559     3.5569  32.447102  32.449550     2.2465   59.93410  -41.16870     4.9560         40 0.0000e+00
     166280   6928.293    866.000    856.053     3.5595     3.5585  32.449515  32.450068     2.2478   59.93410  -41.16871     4.9560         55 0.0000e+00
     166336   6930.633    864.000    854.080     3.5582     3.5578  32.447499  32.448416     2.2492   59.93410  -41.16872     4.9560         49 0.0000e+00
     166378   6932.375    862.000    852.107     3.5578     3.5575  32.446184  32.447155     2.2492   59.93410  -41.16872     4.9560         39 0.0000e+00
     166419   6934.095    860.000    850.134     3.5596     3.5598  32.447077  32.448310     2.2493   59.93410  -41.16874     4.9560         46 0.0000e+00
     166474   6936.365    858.000    848.161     3.5625     3.5617  32.448651  32.449609     2.2499   59.93410  -41.16876     4.9560         59 0.0000e+00
     166532   6938.771    856.000    846.188     3.5639     3.5630  32.449036  32.449601     2.2504   59.93410  -41.16877     4.9560         53 0.0000e+00
     166575   6940.590    854.000    844.215     3.5648     3.5645  32.448917  32.449906     2.2503   59.93410  -41.16878     4.9560         36 0.0000e+00
     166612   6942.107    852.000    842.242     3.5650     3.5645  32.448225  32.449024     2.2507   59.93410  -41.16879     4.9560         41 0.0000e+00
     166662   6944.212    850.000    840.269     3.5652     3.5646  32.447544  32.448348     2.2519   59.93408  -41.16881     4.9560         56 0.0000e+00
     166713   6946.317    848.000    838.296     3.5642     3.5636  32.445594  32.446516     2.2532   59.93408  -41.16882     4.9560         47 0.0000e+00
     166761   6948.328    846.000    836.323     3.5630     3.5625  32.443389  32.444301     2.2542   59.93408  -41.16883     4.9560         48 0.0000e+00
     166808   6950.284    844.000    834.349     3.5631     3.5625  32.442462  32.443265     2.2546   59.93408  -41.16884     4.9560         49 0.0000e+00
     166860   6952.468    842.000    832.376     3.5621     3.5620  32.440479  32.441859     2.2549   59.93408  -41.16886     4.9560         49 0.0000e+00
     166901   6954.162    840.000    830.403     3.5664     3.5658  32.443666  32.443952     2.2554   59.93408  -41.16887     4.9560         36 0.0000e+00
     166945   6956.001    838.000    828.430     3.5691     3.5698  32.445479  32.447176     2.2562   59.93408  -41.16888     4.9560         61 0.0000e+00
     167008   6958.637    836.000    826.456     3.5732     3.5731  32.448175  32.449235     2.2571   59.93408  -41.16890     4.9560         49 0.0000e+00
     167048   6960.278    834.000    824.483     3.5813     3.5802  32.455008  32.454591     2.2574   59.93408  -41.16890     4.9560         39 0.0000e+00
     167091   6962.084    832.000    822.510     3.5831     3.5811  32.455743  32.455264     2.2582   59.93408  -41.16892     4.9560         49 0.0000e+00
     167147   6964.409    830.000    820.537     3.5839     3.5834  32.455848  32.456505     2.2588   59.93408  -41.16893     4.9560         58 0.0000e+00
     167195   6966.435    828.000    818.564     3.5908     3.5897  32.461063  32.460875     2.2588   59.93408  -41.16894     4.9560         40 0.0000e+00
     167233   6967.984    826.000    816.590     3.5994     3.5984  32.468540  32.468302     2.2584   59.93408  -41.16895     4.9560         36 0.0000e+00
     167269   6969.519    824.000    814.617     3.6064     3.6027  32.474243  32.471833     2.2582   59.93408  -41.16897     4.9560         39 0.0000e+00
     167330   6972.025    822.000    812.644     3.6094     3.6085  32.476455  32.477015     2.2578   59.93408  -41.16898     4.9560         85 0.0000e+00
     167397   6974.846    820.000    810.670     3.6206     3.6159  32.486536  32.482619     2.2572   59.93408  -41.16899     4.9560         40 0.0000e+00
     167431   6976.254    818.000    808.697     3.6273     3.6261  32.492287  32.492292     2.2573   59.93408  -41.16900     4.9560         33 0.0000e+00
     167465   6977.674    816.000    806.723     3.6266     3.6258  32.490556  32.491011     2.2572   59.93408  -41.16902     4.9560         37 0.0000e+00
     167512   6979.611    814.000    804.750     3.6260     3.6252  32.488877  32.489628     2.2578   59.93408  -41.16903     4.9560         59 0.0000e+00
     167577   6982.314    812.000    802.777     3.6272     3.6260  32.488890  32.489161     2.2601   59.93407  -41.16904     4.9560         64 0.0000e+00
     167632   6984.607    810.000    800.803     3.6258     3.6265  32.486159  32.488225     2.2611   59.93407  -41.16906     4.9560         42 0.0000e+00
     167666   6986.028    808.000    798.830     3.6300     3.6297  32.489439  32.490120     2.2608   59.93408  -41.16906     4.9560         32 0.0000e+00
     167699   6987.416    806.000    796.856     3.6328     3.6330  32.491241  32.492724     2.2612   59.93407  -41.16908     4.9560         39 0.0000e+00
     167757   6989.815    804.000    794.883     3.6341     3.6333  32.491687  32.492357     2.2618   59.93406  -41.16910     4.9560         69 0.0000e+00
     167816   6992.278    802.000    792.909     3.6357     3.6349  32.492307  32.492852     2.2616   59.93406  -41.16910     4.9560         50 0.0000e+00
     167860   6994.135    800.000    790.936     3.6378     3.6369  32.493634  32.493932     2.2616   59.93406  -41.16911     4.9560         40 0.0000e+00
     167897   6995.679    798.000    788.962     3.6379     3.6375  32.492749  32.493655     2.2615   59.93406  -41.16913     4.9560         36 0.0000e+00
     167947   6997.741    796.000    786.988     3.6378     3.6376  32.491799  32.492905     2.2618   59.93406  -41.16914     4.9560         70 0.0000e+00
     168011   7000.399    794.000    785.015     3.6379     3.6377  32.490904  32.491878     2.2630   59.93406  -41.16916     4.9560         45 0.0000e+00
     168050   7002.034    792.000    783.041     3.6380     3.6376  32.490024  32.490978     2.2636   59.93406  -41.16916     4.9560         40 0.0000e+00
