Example_Files/SBE_Processing_Files/Processed_SBE_cast_files/upcasts/uar69-01_014.cnv
* Sea-Bird SBE 9 Data File:
* FileName = D:\data\ar69-01_014.hex
* Software Version Seasave V 7.26.7.107
* Temperature SN = 4491
* Conductivity SN = 3009
* Number of Bytes Per Scan = 44
* Number of Voltage Words = 5
* Number of Scans Averaged by the Deck Unit = 1
* NMEA Latitude = 59 43.02 N
* NMEA Longitude = 039 20.16 W
* NMEA UTC (Time) = Jul 02 2022  14:08:39
** Cruise ID: AR69-01
** Chief Sci:
** Station #: 014
** Site ID: Irminger FLMB (OSNAP acoustic release test)
# nquan = 14
# nvalues = 1420                        
# units = specified
# name 0 = scan: Scan Count
# name 1 = timeS: Time, Elapsed [seconds]
# name 2 = prDM: Pressure, Digiquartz [db]
# name 3 = depSM: Depth [salt water, m]
# name 4 = t090C: Temperature [ITS-90, deg C]
# name 5 = t190C: Temperature, 2 [ITS-90, deg C]
# name 6 = c0mS/cm: Conductivity [mS/cm]
# name 7 = c1mS/cm: Conductivity, 2 [mS/cm]
# name 8 = sbeox0V: Oxygen raw, SBE 43 [V]
# name 9 = latitude: Latitude [deg]
# name 10 = longitude: Longitude [deg]
# name 11 = v7: Voltage 7
# name 12 = nbin: number of scans per bin
# name 13 = flag: flag
# span 0 =     101299,     206023       
# span 1 =   4220.752,   8584.257       
# span 2 =      6.000,   2844.000       
# span 3 =      5.943,   2798.342       
# span 4 =     1.4594,     7.2888       
# span 5 =     1.4596,     7.2507       
# span 6 =  31.398937,  35.355736       
# span 7 =  31.399873,  35.326857       
# span 8 =     1.8121,     2.8204       
# span 9 =   59.71706,   59.71708       
# span 10 =  -39.33594,  -39.33588      
# span 11 =     4.9560,     4.9568      
# span 12 =         30,        143      
# span 13 = 0.0000e+00, 0.0000e+00      
# interval = decibars: 2                
# start_time = Jul 02 2022 14:08:39 [NMEA time, first data scan]
# bad_flag = -9.990e-29
*END*
[from data line 1136]
     169621   7067.509    572.000    565.838     3.6000     3.5995  32.344836  32.348637     2.3924   59.71708  -39.33594     4.9560         40 0.0000e+00
     169665   7069.346    570.000    563.862     3.6014     3.6004  32.345308  32.348651     2.3927   59.71708  -39.33593     4.9560         47 0.0000e+00
     169711   7071.255    568.000    561.887     3.6026     3.6020  32.345560  32.349195     2.3934   59.71708  -39.33594     4.9560         45 0.0000e+00
     169760   7073.292    566.000    559.911     3.6025     3.6020  32.344443  32.348360     2.3948   59.71708  -39.33594     4.9560         54 0.0000e+00
     169811   7075.415    564.000    557.935     3.6019     3.6018  32.342750  32.347136     2.3961   59.71708  -39.33593     4.9560         44 0.0000e+00
     169852   7077.114    562.000    555.959     3.6000     3.6002  32.339886  32.344656     2.3970   59.71708  -39.33594     4.9560         44 0.0000e+00
     169908   7079.468    560.000    553.983     3.5985     3.5983  32.337371  32.341668     2.3990   59.71708  -39.33594     4.9562         60 0.0000e+00
     169956   7081.474    558.000    552.007     3.5976     3.5975  32.335462  32.339714     2.4000   59.71708  -39.33594     4.9562         41 0.0000e+00
     170002   7083.378    556.000    550.032     3.5980     3.5976  32.334918  32.338890     2.4016   59.71708  -39.33592     4.9562         53 0.0000e+00
     170052   7085.479    554.000    548.055     3.5989     3.5983  32.334865  32.338567     2.4036   59.71708  -39.33592     4.9560         43 0.0000e+00
     170094   7087.227    552.000    546.080     3.5981     3.5979  32.333063  32.337328     2.4052   59.71708  -39.33592     4.9560         46 0.0000e+00
     170143   7089.242    550.000    544.104     3.5981     3.5976  32.331961  32.336017     2.4070   59.71708  -39.33592     4.9560         47 0.0000e+00
     170188   7091.112    548.000    542.128     3.5986     3.5979  32.331602  32.335188     2.4077   59.71708  -39.33592     4.9560         45 0.0000e+00
     170235   7093.095    546.000    540.152     3.6009     3.6003  32.332929  32.336518     2.4073   59.71708  -39.33592     4.9560         50 0.0000e+00
     170285   7095.159    544.000    538.176     3.6019     3.6012  32.332956  32.336681     2.4058   59.71708  -39.33592     4.9560         50 0.0000e+00
     170339   7097.402    542.000    536.200     3.6009     3.6005  32.331040  32.335025     2.4049   59.71708  -39.33592     4.9560         56 0.0000e+00
     170391   7099.592    540.000    534.224     3.6001     3.5999  32.329353  32.333438     2.4054   59.71708  -39.33593     4.9560         49 0.0000e+00
     170461   7102.481    538.000    532.248     3.5987     3.5992  32.326980  32.332023     2.4058   59.71708  -39.33592     4.9560         87 0.0000e+00
     170533   7105.518    536.000    530.272     3.5895     3.5911  32.316801  32.323020     2.4059   59.71708  -39.33592     4.9560         60 0.0000e+00
     170644   7110.129    534.000    528.296     3.5825     3.5844  32.309250  32.315886     2.4084   59.71708  -39.33593     4.9560         74 0.0000e+00
     170730   7113.691    532.000    526.319     3.5581     3.5641  32.284083  32.294385     2.4120   59.71708  -39.33593     4.9560        111 0.0000e+00
     170836   7118.109    530.000    524.343     3.5454     3.5492  32.269324  32.277227     2.4143   59.71708  -39.33592     4.9560         74 0.0000e+00
     170918   7121.557    528.000    522.367     3.5450     3.5462  32.267730  32.273365     2.4152   59.71708  -39.33593     4.9560         86 0.0000e+00
     171024   7125.974    526.000    520.391     3.5428     3.5433  32.264858  32.269778     2.4162   59.71708  -39.33592     4.9560         88 0.0000e+00
     171112   7129.619    524.000    518.415     3.5308     3.5362  32.251521  32.261628     2.4180   59.71707  -39.33592     4.9562         79 0.0000e+00
     171206   7133.537    522.000    516.439     3.5216     3.5227  32.241461  32.247185     2.4192   59.71707  -39.33592     4.9561         88 0.0000e+00
     171307   7137.730    520.000    514.462     3.5173     3.5192  32.236021  32.242348     2.4205   59.71708  -39.33592     4.9562         96 0.0000e+00
     171408   7141.943    518.000    512.486     3.5154     3.5161  32.233322  32.238260     2.4227   59.71707  -39.33591     4.9561         80 0.0000e+00
     171503   7145.905    516.000    510.510     3.5137     3.5148  32.230642  32.236002     2.4241   59.71707  -39.33591     4.9560         68 0.0000e+00
     171590   7149.528    514.000    508.534     3.5130     3.5128  32.228821  32.233077     2.4255   59.71708  -39.33591     4.9561         70 0.0000e+00
     171706   7154.396    512.000    506.557     3.5120     3.5118  32.227013  32.231217     2.4257   59.71708  -39.33590     4.9563         77 0.0000e+00
     172785   7199.336    510.000    504.581     3.5103     3.5106  32.224239  32.228914     2.4237   59.71708  -39.33592     4.9560        124 0.0000e+00
     173448   7226.952    508.000    502.605     3.5138     3.5130  32.226573  32.230053     2.4246   59.71708  -39.33593     4.9560         85 0.0000e+00
     173480   7228.290    506.000    500.628     3.5145     3.5140  32.226402  32.230160     2.4246   59.71708  -39.33594     4.9560         44 0.0000e+00
     173524   7230.107    504.000    498.652     3.5143     3.5140  32.225324  32.229348     2.4254   59.71708  -39.33592     4.9560         49 0.0000e+00
     173579   7232.425    502.000    496.676     3.5131     3.5118  32.223149  32.226345     2.4265   59.71708  -39.33593     4.9560         57 0.0000e+00
     173628   7234.471    500.000    494.699     3.5096     3.5099  32.218590  32.223370     2.4276   59.71708  -39.33594     4.9563         42 0.0000e+00
     173669   7236.156    498.000    492.723     3.5093     3.5091  32.217252  32.221397     2.4281   59.71708  -39.33592     4.9562         42 0.0000e+00
     173717   7238.156    496.000    490.746     3.5085     3.5084  32.215577  32.219950     2.4292   59.71707  -39.33593     4.9561         57 0.0000e+00
     173779   7240.737    494.000    488.770     3.5076     3.5075  32.213691  32.217923     2.4312   59.71707  -39.33593     4.9560         55 0.0000e+00
     173823   7242.584    492.000    486.793     3.5079     3.5075  32.212929  32.216800     2.4322   59.71708  -39.33592     4.9560         40 0.0000e+00
     173863   7244.245    490.000    484.817     3.5086     3.5084  32.212709  32.216636     2.4330   59.71708  -39.33592     4.9560         42 0.0000e+00
     173910   7246.192    488.000    482.840     3.5094     3.5092  32.212502  32.216592     2.4338   59.71708  -39.33592     4.9560         53 0.0000e+00
     173965   7248.482    486.000    480.864     3.5118     3.5107  32.213698  32.217054     2.4348   59.71708  -39.33592     4.9560         50 0.0000e+00
     174005   7250.180    484.000    478.887     3.5140     3.5131  32.215075  32.218329     2.4351   59.71708  -39.33592     4.9560         36 0.0000e+00
     174046   7251.871    482.000    476.911     3.5147     3.5140  32.214776  32.218441     2.4360   59.71708  -39.33592     4.9560         49 0.0000e+00
     174103   7254.260    480.000    474.934     3.5160     3.5149  32.215055  32.218302     2.4376   59.71708  -39.33592     4.9560         58 0.0000e+00
     174154   7256.365    478.000    472.958     3.5189     3.5177  32.216879  32.219892     2.4386   59.71708  -39.33592     4.9560         46 0.0000e+00
     174202   7258.356    476.000    470.981     3.5230     3.5216  32.220052  32.222816     2.4388   59.71708  -39.33591     4.9560         48 0.0000e+00
     174244   7260.124    474.000    469.004     3.5248     3.5239  32.220986  32.224269     2.4388   59.71708  -39.33590     4.9560         38 0.0000e+00
     174288   7261.944    472.000    467.027     3.5265     3.5252  32.221954  32.224895     2.4393   59.71708  -39.33591     4.9560         56 0.0000e+00
     174349   7264.496    470.000    465.051     3.5288     3.5273  32.223312  32.225907     2.4400   59.71708  -39.33591     4.9560         54 0.0000e+00
     174391   7266.269    468.000    463.074     3.5348     3.5339  32.228092  32.231087     2.4410   59.71708  -39.33590     4.9560         37 0.0000e+00
     174430   7267.889    466.000    461.097     3.5346     3.5341  32.227060  32.230790     2.4414   59.71708  -39.33590     4.9560         43 0.0000e+00
     174476   7269.791    464.000    459.121     3.5335     3.5337  32.224878  32.229369     2.4422   59.71708  -39.33590     4.9560         46 0.0000e+00
     174531   7272.082    462.000    457.144     3.5300     3.5311  32.220668  32.226169     2.4435   59.71708  -39.33590     4.9562         66 0.0000e+00
     174584   7274.297    460.000    455.167     3.5257     3.5255  32.215113  32.219496     2.4435   59.71708  -39.33590     4.9563         36 0.0000e+00
     174618   7275.701    458.000    453.190     3.5320     3.5352  32.220622  32.227296     2.4436   59.71708  -39.33590     4.9560         38 0.0000e+00
     174675   7278.099    456.000    451.213     3.5497     3.5496  32.237292  32.241411     2.4444   59.71708  -39.33590     4.9560         65 0.0000e+00
     174722   7280.029    454.000    449.237     3.5533     3.5504  32.240095  32.241040     2.4452   59.71708  -39.33590     4.9560         37 0.0000e+00
     174765   7281.819    452.000    447.260     3.5516     3.5512  32.237430  32.241481     2.4450   59.71708  -39.33590     4.9560         52 0.0000e+00
     174819   7284.071    450.000    445.283     3.5482     3.5478  32.232796  32.237020     2.4456   59.71708  -39.33592     4.9560         49 0.0000e+00
     174864   7285.961    448.000    443.306     3.5469     3.5464  32.230471  32.234435     2.4463   59.71708  -39.33590     4.9560         44 0.0000e+00
     174909   7287.850    446.000    441.329     3.5435     3.5426  32.226259  32.229649     2.4472   59.71708  -39.33590     4.9560         45 0.0000e+00
     174954   7289.718    444.000    439.352     3.5416     3.5413  32.223234  32.227311     2.4487   59.71706  -39.33592     4.9560         47 0.0000e+00
     175005   7291.842    442.000    437.375     3.5414     3.5413  32.222098  32.226365     2.4494   59.71708  -39.33591     4.9560         51 0.0000e+00
     175050   7293.698    440.000    435.398     3.5426     3.5424  32.222390  32.226344     2.4498   59.71706  -39.33590     4.9560         42 0.0000e+00
     175098   7295.729    438.000    433.421     3.5450     3.5442  32.223839  32.227185     2.4508   59.71706  -39.33591     4.9560         53 0.0000e+00
     175148   7297.778    436.000    431.444     3.5482     3.5472  32.226161  32.229113     2.4513   59.71707  -39.33591     4.9560         46 0.0000e+00
     175195   7299.730    434.000    429.467     3.5506     3.5497  32.227581  32.231036     2.4516   59.71707  -39.33591     4.9561         49 0.0000e+00
     175245   7301.835    432.000    427.490     3.5509     3.5509  32.227108  32.231398     2.4519   59.71706  -39.33592     4.9564         51 0.0000e+00
     175294   7303.871    430.000    425.513     3.5515     3.5513  32.226778  32.230800     2.4512   59.71707  -39.33590     4.9563         45 0.0000e+00
     175336   7305.630    428.000    423.536     3.5532     3.5528  32.227530  32.231097     2.4517   59.71708  -39.33590     4.9560         41 0.0000e+00
     175381   7307.507    426.000    421.559     3.5560     3.5547  32.229270  32.232385     2.4521   59.71706  -39.33592     4.9560         54 0.0000e+00
     175437   7309.827    424.000    419.582     3.5587     3.5572  32.230953  32.233801     2.4525   59.71708  -39.33590     4.9560         49 0.0000e+00
     175479   7311.564    422.000    417.604     3.5651     3.5641  32.236598  32.239489     2.4522   59.71708  -39.33590     4.9560         38 0.0000e+00
     175522   7313.357    420.000    415.627     3.5674     3.5667  32.237945  32.241420     2.4525   59.71706  -39.33590     4.9560         50 0.0000e+00
     175577   7315.670    418.000    413.650     3.5705     3.5698  32.239989  32.243307     2.4539   59.71707  -39.33590     4.9560         54 0.0000e+00
     175624   7317.641    416.000    411.673     3.5735     3.5724  32.242104  32.245180     2.4544   59.71708  -39.33590     4.9560         44 0.0000e+00
     175671   7319.584    414.000    409.696     3.5749     3.5741  32.242658  32.245995     2.4547   59.71707  -39.33590     4.9560         49 0.0000e+00
     175719   7321.590    412.000    407.719     3.5765     3.5761  32.243263  32.247038     2.4551   59.71707  -39.33590     4.9560         48 0.0000e+00
     175767   7323.585    410.000    405.741     3.5780     3.5776  32.243866  32.247687     2.4560   59.71708  -39.33590     4.9560         48 0.0000e+00
     175817   7325.651    408.000    403.764     3.5793     3.5788  32.244271  32.247947     2.4567   59.71708  -39.33590     4.9560         49 0.0000e+00
     175862   7327.521    406.000    401.787     3.5794     3.5791  32.243498  32.247539     2.4566   59.71708  -39.33590     4.9560         42 0.0000e+00
     175907   7329.426    404.000    399.809     3.5787     3.5779  32.242001  32.245525     2.4571   59.71708  -39.33590     4.9563         51 0.0000e+00
     175959   7331.572    402.000    397.832     3.5760     3.5759  32.238408  32.242572     2.4589   59.71708  -39.33590     4.9563         48 0.0000e+00
     176003   7333.428    400.000    395.855     3.5768     3.5762  32.237993  32.241593     2.4598   59.71708  -39.33590     4.9561         44 0.0000e+00
     176048   7335.297    398.000    393.877     3.5857     3.5856  32.246065  32.249111     2.4603   59.71708  -39.33590     4.9560         45 0.0000e+00
     176097   7337.329    396.000    391.900     3.5905     3.5906  32.249678  32.254033     2.4602   59.71708  -39.33590     4.9560         57 0.0000e+00
     176157   7339.848    394.000    389.922     3.5987     3.5978  32.256964  32.260706     2.4603   59.71708  -39.33590     4.9560         52 0.0000e+00
     176198   7341.547    392.000    387.945     3.6077     3.6059  32.265057  32.267186     2.4603   59.71708  -39.33590     4.9560         37 0.0000e+00
     176242   7343.363    390.000    385.968     3.6097     3.6083  32.266386  32.269181     2.4597   59.71708  -39.33592     4.9560         53 0.0000e+00
     176295   7345.572    388.000    383.990     3.6149     3.6137  32.270395  32.273084     2.4578   59.71708  -39.33592     4.9560         49 0.0000e+00
     176353   7348.011    386.000    382.013     3.6221     3.6210  32.276568  32.279624     2.4569   59.71708  -39.33592     4.9560         80 0.0000e+00
     176448   7351.955    384.000    380.035     3.6263     3.6251  32.279600  32.282745     2.4565   59.71708  -39.33592     4.9560         81 0.0000e+00
     176530   7355.388    382.000    378.058     3.6237     3.6232  32.276097  32.280004     2.4576   59.71708  -39.33592     4.9560         78 0.0000e+00
     176621   7359.177    380.000    376.080     3.6233     3.6229  32.274769  32.278765     2.4580   59.71708  -39.33592     4.9562         77 0.0000e+00
     176720   7363.285    378.000    374.102     3.6231     3.6228  32.273733  32.277746     2.4595   59.71708  -39.33592     4.9563        106 0.0000e+00
     176823   7367.592    376.000    372.125     3.6206     3.6201  32.270310  32.274146     2.4587   59.71708  -39.33592     4.9561        102 0.0000e+00
     176904   7370.976    374.000    370.147     3.6154     3.6180  32.263819  32.270977     2.4616   59.71708  -39.33592     4.9562         66 0.0000e+00
     177007   7375.266    372.000    368.170     3.5865     3.5910  32.233405  32.243322     2.4667   59.71708  -39.33592     4.9561         83 0.0000e+00
     177097   7378.992    370.000    366.192     3.5861     3.5864  32.232170  32.236813     2.4677   59.71708  -39.33592     4.9560         96 0.0000e+00
