Example_Files/SBE_Processing_Files/Processed_SBE_cast_files/upcasts/uar69-01_022.cnv
* Sea-Bird SBE 9 Data File:
* FileName = D:\data\ar69-01_022.hex
* Software Version Seasave V 7.26.7.107
* Temperature SN = 4491
* Conductivity SN = 3009
* Number of Bytes Per Scan = 44
* Number of Voltage Words = 5
* Number of Scans Averaged by the Deck Unit = 1
* NMEA Latitude = 59 55.83 N
* NMEA Longitude = 039 28.98 W
* NMEA UTC (Time) = Jul 12 2022  09:36:48
** Cruise ID: AR69-01
** Chief Sci:
** Station #: 022
** Site ID: OOI cal dip - CTDMOs (SUMO area)
# nquan = 14
# nvalues = 1319                        
# units = specified
# name 0 = scan: Scan Count
# name 1 = timeS: Time, Elapsed [seconds]
# name 2 = prDM: Pressure, Digiquartz [db]
# name 3 = depSM: Depth [salt water, m]
# name 4 = t090C: Temperature [ITS-90, deg C]
# name 5 = t190C: Temperature, 2 [ITS-90, deg C]
# name 6 = c0mS/cm: Conductivity [mS/cm]
# name 7 = c1mS/cm: Conductivity, 2 [mS/cm]
# name 8 = sbeox0V: Oxygen raw, SBE 43 [V]
# name 9 = latitude: Latitude [deg]
# name 10 = longitude: Longitude [deg]
# name 11 = v7: Voltage 7
# name 12 = nbin: number of scans per bin
# name 13 = flag: flag
# span 0 =      79085,     196416       
# span 1 =   3295.148,   8183.944       
# span 2 =      2.000,   2638.000       
# span 3 =      1.981,   2596.843       
# span 4 =     1.7268,     7.7898       
# span 5 =     1.7270,     7.7899       
# span 6 =  31.555236,  35.806758       
# span 7 =  31.555354,  35.806655       
# span 8 =     1.8586,     2.8477       
# span 9 =   59.93050,   59.93056       
# span 10 =  -39.48300,  -39.48289      
# span 11 =     4.9560,     4.9569      
# span 12 =         22,        119      
# span 13 = 0.0000e+00, 0.0000e+00      
# interval = decibars: 2                
# start_time = Jul 12 2022 09:36:48 [NMEA time, first data scan]
# bad_flag = -9.990e-29
*END*
[from data line 1239]
     188905   7871.009    160.000    158.431     4.1535     4.1560  32.671964  32.676187     2.4655   59.93052  -39.48295     4.9567         42 0.0000e+00
     188945   7872.658    158.000    156.451     4.1476     4.1467  32.664409  32.664985     2.4684   59.93052  -39.48294     4.9568         39 0.0000e+00
     188987   7874.419    156.000    154.472     4.1469     4.1458  32.662652  32.662530     2.4716   59.93052  -39.48296     4.9566         48 0.0000e+00
     189045   7876.823    154.000    152.492     4.1457     4.1468  32.659740  32.661689     2.4751   59.93052  -39.48296     4.9564         63 0.0000e+00
     189098   7879.061    152.000    150.512     4.1553     4.1520  32.667219  32.664693     2.4754   59.93052  -39.48295     4.9565         42 0.0000e+00
     189136   7880.621    150.000    148.533     4.1665     4.1657  32.677084  32.676988     2.4768   59.93052  -39.48296     4.9567         38 0.0000e+00
     189181   7882.495    148.000    146.553     4.1669     4.1651  32.676558  32.676007     2.4789   59.93052  -39.48298     4.9566         54 0.0000e+00
     189237   7884.853    146.000    144.573     4.1687     4.1703  32.677055  32.679102     2.4807   59.93052  -39.48295     4.9569         51 0.0000e+00
     189281   7886.675    144.000    142.593     4.1781     4.1763  32.684566  32.683597     2.4808   59.93052  -39.48295     4.9566         41 0.0000e+00
     189325   7888.493    142.000    140.614     4.1834     4.1792  32.688575  32.685809     2.4816   59.93052  -39.48296     4.9566         50 0.0000e+00
     189383   7890.902    140.000    138.634     4.1887     4.1886  32.693104  32.693628     2.4809   59.93052  -39.48296     4.9563         58 0.0000e+00
     189430   7892.894    138.000    136.654     4.2032     4.2007  32.705822  32.703622     2.4797   59.93052  -39.48296     4.9566         41 0.0000e+00
     189471   7894.596    136.000    134.674     4.2145     4.2107  32.715763  32.712656     2.4797   59.93052  -39.48296     4.9564         44 0.0000e+00
     189523   7896.765    134.000    132.694     4.2194     4.2191  32.720622  32.720421     2.4787   59.93052  -39.48296     4.9567         56 0.0000e+00
     189572   7898.804    132.000    130.714     4.2397     4.2343  32.738492  32.732958     2.4783   59.93052  -39.48296     4.9567         41 0.0000e+00
     189611   7900.432    130.000    128.735     4.2532     4.2502  32.751104  32.748975     2.4781   59.93052  -39.48296     4.9565         40 0.0000e+00
     189657   7902.344    128.000    126.755     4.2576     4.2560  32.754195  32.753843     2.4788   59.93052  -39.48296     4.9567         54 0.0000e+00
     189717   7904.833    126.000    124.775     4.2630     4.2616  32.758342  32.757856     2.4802   59.93052  -39.48296     4.9567         63 0.0000e+00
     189774   7907.197    124.000    122.795     4.2793     4.2727  32.771289  32.765321     2.4803   59.93052  -39.48296     4.9568         46 0.0000e+00
     189812   7908.774    122.000    120.815     4.3048     4.3034  32.794566  32.793559     2.4800   59.93052  -39.48296     4.9567         33 0.0000e+00
     189845   7910.166    120.000    118.835     4.3086     4.3069  32.797649  32.796799     2.4809   59.93052  -39.48296     4.9564         36 0.0000e+00
     189900   7912.457    118.000    116.855     4.3115     4.3119  32.799609  32.800962     2.4820   59.93052  -39.48296     4.9565         79 0.0000e+00
     189971   7915.436    116.000    114.875     4.3136     4.3138  32.800375  32.801542     2.4835   59.93052  -39.48296     4.9566         49 0.0000e+00
     190008   7916.958    114.000    112.895     4.3167     4.3159  32.802441  32.802530     2.4842   59.93052  -39.48296     4.9567         32 0.0000e+00
     190041   7918.340    112.000    110.915     4.3151     4.3142  32.799958  32.799876     2.4859   59.93052  -39.48296     4.9569         37 0.0000e+00
     190094   7920.549    110.000    108.935     4.3101     4.3092  32.793353  32.793695     2.4888   59.93052  -39.48297     4.9567         79 0.0000e+00
     190193   7924.659    108.000    106.954     4.3035     4.2931  32.784858  32.776087     2.4940   59.93052  -39.48296     4.9567        107 0.0000e+00
     190661   7944.182    106.000    104.974     4.2623     4.2561  32.739163  32.733178     2.5228   59.93052  -39.48297     4.9565         50 0.0000e+00
     190991   7957.917    104.000    102.994     4.2505     4.2502  32.724246  32.724690     2.5361   59.93052  -39.48298     4.9568         90 0.0000e+00
     191134   7963.874    102.000    101.014     4.2572     4.2588  32.728611  32.730464     2.5400   59.93052  -39.48298     4.9567         95 0.0000e+00
     191249   7968.679    100.000     99.034     4.2682     4.2706  32.736764  32.739345     2.5440   59.93052  -39.48298     4.9567        103 0.0000e+00
     191364   7973.439     98.000     97.054     4.2754     4.2774  32.741457  32.743816     2.5484   59.93052  -39.48298     4.9566         99 0.0000e+00
     191462   7977.545     96.000     95.073     4.2942     4.2977  32.754959  32.758822     2.5530   59.93052  -39.48298     4.9567        111 0.0000e+00
     191557   7981.521     94.000     93.093     4.3143     4.3152  32.771816  32.772279     2.5587   59.93052  -39.48298     4.9566         76 0.0000e+00
     191645   7985.169     92.000     91.113     4.3264     4.3364  32.781442  32.789685     2.5626   59.93052  -39.48298     4.9565        103 0.0000e+00
     191736   7988.956     90.000     89.132     4.3575     4.3678  32.805957  32.814675     2.5669   59.93052  -39.48298     4.9567         80 0.0000e+00
     191819   7992.413     88.000     87.152     4.3900     4.3880  32.833443  32.832126     2.5722   59.93052  -39.48298     4.9566         86 0.0000e+00
     191905   7995.982     86.000     85.172     4.4134     4.4166  32.852112  32.855448     2.5775   59.93052  -39.48298     4.9567         92 0.0000e+00
     192005   8000.186     84.000     83.192     4.4422     4.4601  32.877027  32.891107     2.5854   59.93052  -39.48298     4.9566         85 0.0000e+00
     192089   8003.687     82.000     81.211     4.5046     4.5083  32.929798  32.932761     2.5906   59.93052  -39.48298     4.9568        100 0.0000e+00
     192182   8007.554     80.000     79.231     4.5299     4.5364  32.950943  32.956776     2.5961   59.93052  -39.48298     4.9569         85 0.0000e+00
     192275   8011.400     78.000     77.250     4.5549     4.5527  32.971457  32.967969     2.5978   59.93052  -39.48297     4.9566         96 0.0000e+00
     192366   8015.191     76.000     75.270     4.5685     4.5676  32.982182  32.981189     2.6001   59.93052  -39.48297     4.9567         97 0.0000e+00
     192473   8019.652     74.000     73.289     4.5874     4.6028  32.997764  33.010452     2.6052   59.93053  -39.48296     4.9565        105 0.0000e+00
     192575   8023.915     72.000     71.309     4.6471     4.6502  33.047276  33.050718     2.6101   59.93052  -39.48296     4.9566         87 0.0000e+00
     192653   8027.181     70.000     69.329     4.6662     4.6675  33.063408  33.065345     2.6121   59.93053  -39.48296     4.9566         97 0.0000e+00
     192753   8031.334     68.000     67.348     4.6783     4.6859  33.072510  33.078859     2.6137   59.93052  -39.48296     4.9567         85 0.0000e+00
     192832   8034.633     66.000     65.368     4.7159     4.7120  33.103373  33.099573     2.6170   59.93053  -39.48297     4.9568         87 0.0000e+00
     192927   8038.588     64.000     63.387     4.7456     4.7624  33.130097  33.140375     2.6238   59.93052  -39.48297     4.9568         82 0.0000e+00
     193006   8041.891     62.000     61.407     4.9574     4.9759  33.311613  33.326414     2.6297   59.93052  -39.48297     4.9567        104 0.0000e+00
     193117   8046.492     60.000     59.426     5.1044     5.2179  33.443579  33.540970     2.6471   59.93053  -39.48296     4.9566         87 0.0000e+00
     193195   8049.768     58.000     57.445     5.4217     5.4213  33.712340  33.723015     2.6545   59.93052  -39.48297     4.9568         85 0.0000e+00
     193284   8053.449     56.000     55.465     5.4840     5.5246  33.780404  33.817718     2.6615   59.93052  -39.48296     4.9567        100 0.0000e+00
     193387   8057.765     54.000     53.484     5.5556     5.6127  33.844013  33.893535     2.6785   59.93052  -39.48297     4.9568        100 0.0000e+00
     193473   8061.327     52.000     51.503     5.7035     5.7399  33.972024  33.998804     2.7031   59.93052  -39.48296     4.9565         65 0.0000e+00
     193566   8065.192     50.000     49.523     5.9551     5.9716  34.196380  34.200506     2.7237   59.93052  -39.48297     4.9567         87 0.0000e+00
     193659   8069.090     48.000     47.542     6.0986     6.1619  34.325443  34.379805     2.7453   59.93052  -39.48296     4.9567        100 0.0000e+00
     193757   8073.185     46.000     45.561     6.2426     6.3376  34.448684  34.533785     2.7761   59.93052  -39.48297     4.9567         66 0.0000e+00
     193833   8076.314     44.000     43.581     6.4766     6.4633  34.657192  34.647610     2.7886   59.93052  -39.48296     4.9567         73 0.0000e+00
     193954   8081.375     42.000     41.600     6.5452     6.5279  34.716415  34.700599     2.8129   59.93052  -39.48296     4.9565         60 0.0000e+00
     194019   8084.086     40.000     39.619     6.7089     6.7029  34.858290  34.854352     2.8216   59.93052  -39.48295     4.9567         97 0.0000e+00
     194130   8088.725     38.000     37.639     6.7867     6.8030  34.929791  34.943131     2.8356   59.93052  -39.48294     4.9567         92 0.0000e+00
     194219   8092.411     36.000     35.658     6.9364     7.0020  35.060248  35.115234     2.8437   59.93052  -39.48294     4.9566        103 0.0000e+00
     194315   8096.422     34.000     33.677     7.0509     7.0933  35.157595  35.193584     2.8441   59.93052  -39.48294     4.9567         81 0.0000e+00
     194402   8100.051     32.000     31.696     7.2263     7.2479  35.315440  35.335108     2.8477   59.93052  -39.48294     4.9567        106 0.0000e+00
     194504   8104.278     30.000     29.715     7.4154     7.5509  35.485233  35.591379     2.8331   59.93052  -39.48293     4.9567         87 0.0000e+00
     194600   8108.289     28.000     27.734     7.6896     7.7152  35.727677  35.748682     2.8243   59.93053  -39.48294     4.9567        104 0.0000e+00
     194689   8111.984     26.000     25.753     7.7247     7.7355  35.758861  35.766840     2.8214   59.93052  -39.48292     4.9567         91 0.0000e+00
     194798   8116.562     24.000     23.772     7.7588     7.7613  35.786296  35.788694     2.8180   59.93053  -39.48293     4.9567        110 0.0000e+00
     194885   8120.186     22.000     21.791     7.7748     7.7750  35.796756  35.797945     2.8184   59.93052  -39.48294     4.9566         78 0.0000e+00
     194991   8124.583     20.000     19.811     7.7808     7.7818  35.801982  35.803960     2.8190   59.93052  -39.48293     4.9567        106 0.0000e+00
     195086   8128.545     18.000     17.830     7.7826     7.7835  35.802883  35.804264     2.8193   59.93053  -39.48293     4.9567         79 0.0000e+00
     195184   8132.611     16.000     15.849     7.7867     7.7838  35.805468  35.803722     2.8196   59.93053  -39.48294     4.9567         63 0.0000e+00
     195299   8137.406     14.000     13.868     7.7888     7.7868  35.806758  35.806229     2.8222   59.93052  -39.48294     4.9567         85 0.0000e+00
     195424   8142.615     12.000     11.887     7.7890     7.7883  35.806149  35.806625     2.8228   59.93052  -39.48295     4.9566         88 0.0000e+00
     195621   8150.829     10.000      9.906     7.7878     7.7890  35.804413  35.806655     2.8231   59.93053  -39.48294     4.9567        113 0.0000e+00
     195880   8161.617      8.000      7.925     7.7873     7.7881  35.803306  35.805096     2.8244   59.93054  -39.48292     4.9568         71 0.0000e+00
     196108   8171.130      6.000      5.943     7.7892     7.7888  35.804263  35.805009     2.8238   59.93054  -39.48291     4.9567         81 0.0000e+00
     196301   8179.176      4.000      3.962     7.7893     7.7899  35.803701  35.805404     2.8244   59.93055  -39.48291     4.9568         89 0.0000e+00
     196416   8183.944      2.000      1.981     7.7898     7.7897  35.802843  35.804176     2.8248   59.93053  -39.48289     4.9567         22 0.0000e+00
