Example_Files/SBE_Processing_Files/Processed_SBE_cast_files/upcasts/uar69-01_023.cnv
* Sea-Bird SBE 9 Data File:
* FileName = D:\data\ar69-01_023.hex
* Software Version Seasave V 7.26.7.107
* Temperature SN = 4491
* Conductivity SN = 3009
* Number of Bytes Per Scan = 44
* Number of Voltage Words = 5
* Number of Scans Averaged by the Deck Unit = 1
* NMEA Latitude = 61 38.10 N
* NMEA Longitude = 032 53.76 W
* NMEA UTC (Time) = Jul 13 2022  09:38:05
** Cruise ID: AR69-01
** Chief Sci:
** Station #: 023
** Site ID: LADCP test
# nquan = 14
# nvalues = 505                         
# units = specified
# name 0 = scan: Scan Count
# name 1 = timeS: Time, Elapsed [seconds]
# name 2 = prDM: Pressure, Digiquartz [db]
# name 3 = depSM: Depth [salt water, m]
# name 4 = t090C: Temperature [ITS-90, deg C]
# name 5 = t190C: Temperature, 2 [ITS-90, deg C]
# name 6 = c0mS/cm: Conductivity [mS/cm]
# name 7 = c1mS/cm: Conductivity, 2 [mS/cm]
# name 8 = sbeox0V: Oxygen raw, SBE 43 [V]
# name 9 = latitude: Latitude [deg]
# name 10 = longitude: Longitude [deg]
# name 11 = v7: Voltage 7
# name 12 = nbin: number of scans per bin
# name 13 = flag: flag
# span 0 =      30839,      58864       
# span 1 =   1284.912,   2452.622       
# span 2 =      2.000,   1010.000       
# span 3 =      1.981,    997.922       
# span 4 =     3.4827,     9.4991       
# span 5 =     3.4821,     9.4966       
# span 6 =  32.424261,  37.462534       
# span 7 =  32.424605,  37.463177       
# span 8 =     2.2159,     2.7955       
# span 9 =   61.63299,   61.63373       
# span 10 =  -32.89374,  -32.89258      
# span 11 =     4.9562,     4.9573      
# span 12 =         17,        127      
# span 13 = 0.0000e+00, 0.0000e+00      
# interval = decibars: 2                
# start_time = Jul 13 2022 09:38:05 [NMEA time, first data scan]
# bad_flag = -9.990e-29
*END*
      30900   1287.454   1010.000    997.922     3.5018     3.5019  32.456601  32.457562     2.2159   61.63373  -32.89373     4.9568         90 0.0000e+00
      30839   1284.912   1008.000    995.951     3.4981     3.4986  32.451584  32.453405     2.2167   61.63373  -32.89374     4.9569         39 0.0000e+00
      30879   1286.598   1006.000    993.979     3.4926     3.4934  32.445160  32.447443     2.2181   61.63372  -32.89374     4.9569         48 0.0000e+00
      30940   1289.138   1004.000    992.008     3.4857     3.4878  32.437262  32.440335     2.2202   61.63372  -32.89373     4.9569         63 0.0000e+00
      30989   1291.165   1002.000    990.037     3.4835     3.4844  32.433926  32.436132     2.2213   61.63372  -32.89374     4.9567         40 0.0000e+00
      31030   1292.857   1000.000    988.065     3.4827     3.4825  32.432175  32.433225     2.2224   61.63372  -32.89373     4.9569         44 0.0000e+00
      31080   1294.960    998.000    986.094     3.4827     3.4821  32.431401  32.431693     2.2228   61.63372  -32.89372     4.9568         55 0.0000e+00
      31130   1297.059    996.000    984.122     3.4843     3.4833  32.431973  32.431762     2.2233   61.63372  -32.89372     4.9568         44 0.0000e+00
      31173   1298.813    994.000    982.151     3.4867     3.4858  32.433413  32.433195     2.2235   61.63372  -32.89372     4.9569         43 0.0000e+00
      31220   1300.803    992.000    980.179     3.4883     3.4873  32.434280  32.434090     2.2237   61.63372  -32.89372     4.9568         52 0.0000e+00
      31273   1303.003    990.000    978.208     3.4894     3.4890  32.434323  32.434853     2.2242   61.63370  -32.89371     4.9568         51 0.0000e+00
      31319   1304.916    988.000    976.236     3.4900     3.4895  32.433933  32.434353     2.2249   61.63370  -32.89370     4.9568         42 0.0000e+00
      31361   1306.666    986.000    974.265     3.4902     3.4898  32.433360  32.433804     2.2251   61.63370  -32.89370     4.9567         44 0.0000e+00
      31415   1308.915    984.000    972.293     3.4905     3.4898  32.432809  32.433049     2.2253   61.63370  -32.89370     4.9569         66 0.0000e+00
      31472   1311.279    982.000    970.321     3.4915     3.4909  32.432755  32.432897     2.2251   61.63370  -32.89368     4.9568         40 0.0000e+00
      31507   1312.740    980.000    968.350     3.4948     3.4938  32.435167  32.434975     2.2252   61.63370  -32.89368     4.9566         35 0.0000e+00
      31548   1314.466    978.000    966.379     3.4957     3.4951  32.435270  32.435460     2.2256   61.63370  -32.89369     4.9567         50 0.0000e+00
      31602   1316.712    976.000    964.407     3.4962     3.4962  32.434849  32.435713     2.2266   61.63370  -32.89368     4.9567         57 0.0000e+00
      31657   1319.008    974.000    962.435     3.4964     3.4962  32.433993  32.434732     2.2274   61.63370  -32.89368     4.9569         47 0.0000e+00
      31696   1320.625    972.000    960.464     3.4970     3.4965  32.433609  32.433920     2.2272   61.63370  -32.89368     4.9567         36 0.0000e+00
      31740   1322.470    970.000    958.492     3.4974     3.4966  32.433221  32.433327     2.2276   61.63368  -32.89367     4.9568         55 0.0000e+00
      31796   1324.804    968.000    956.520     3.4982     3.4977  32.432938  32.433318     2.2283   61.63368  -32.89366     4.9566         52 0.0000e+00
      31847   1326.900    966.000    954.548     3.5005     3.5000  32.434234  32.434507     2.2286   61.63368  -32.89366     4.9569         49 0.0000e+00
      31890   1328.728    964.000    952.577     3.5022     3.5020  32.435039  32.435452     2.2285   61.63368  -32.89366     4.9568         39 0.0000e+00
      31930   1330.388    962.000    950.605     3.5043     3.5037  32.436408  32.436466     2.2285   61.63368  -32.89366     4.9566         44 0.0000e+00
      31982   1332.556    960.000    948.633     3.5062     3.5053  32.437428  32.437398     2.2293   61.63368  -32.89364     4.9568         57 0.0000e+00
      32036   1334.791    958.000    946.661     3.5068     3.5066  32.436836  32.437587     2.2304   61.63368  -32.89364     4.9567         50 0.0000e+00
      32082   1336.722    956.000    944.689     3.5071     3.5068  32.436127  32.436561     2.2309   61.63367  -32.89364     4.9567         42 0.0000e+00
      32121   1338.327    954.000    942.717     3.5077     3.5073  32.435696  32.436199     2.2309   61.63366  -32.89364     4.9565         37 0.0000e+00
      32171   1340.422    952.000    940.746     3.5089     3.5080  32.436100  32.436150     2.2306   61.63366  -32.89364     4.9566         70 0.0000e+00
      32234   1343.046    950.000    938.774     3.5107     3.5107  32.436740  32.437574     2.2299   61.63366  -32.89362     4.9569         44 0.0000e+00
      32270   1344.536    948.000    936.802     3.5148     3.5144  32.439942  32.440194     2.2300   61.63366  -32.89362     4.9567         33 0.0000e+00
      32305   1346.003    946.000    934.830     3.5157     3.5151  32.439887  32.440206     2.2305   61.63366  -32.89362     4.9568         39 0.0000e+00
      32359   1348.257    944.000    932.858     3.5161     3.5154  32.439453  32.439764     2.2309   61.63366  -32.89362     4.9567         71 0.0000e+00
      32424   1350.949    942.000    930.886     3.5167     3.5166  32.439032  32.439799     2.2316   61.63366  -32.89362     4.9567         49 0.0000e+00
      32466   1352.688    940.000    928.914     3.5206     3.5199  32.441810  32.441866     2.2321   61.63366  -32.89361     4.9564         39 0.0000e+00
      32504   1354.287    938.000    926.942     3.5230     3.5241  32.443421  32.444981     2.2324   61.63365  -32.89360     4.9562         39 0.0000e+00
      32546   1356.059    936.000    924.970     3.5287     3.5266  32.448193  32.447013     2.2324   61.63364  -32.89360     4.9566         49 0.0000e+00
      32606   1358.536    934.000    922.998     3.5315     3.5326  32.450229  32.452010     2.2325   61.63364  -32.89360     4.9568         63 0.0000e+00
      32655   1360.581    932.000    921.026     3.5373     3.5373  32.455028  32.455457     2.2311   61.63364  -32.89359     4.9567         37 0.0000e+00
      32688   1361.971    930.000    919.054     3.5439     3.5429  32.460568  32.460202     2.2305   61.63364  -32.89358     4.9567         33 0.0000e+00
      32742   1364.222    928.000    917.082     3.5456     3.5448  32.461684  32.461610     2.2303   61.63364  -32.89358     4.9568         69 0.0000e+00
      32810   1367.049    926.000    915.110     3.5465     3.5462  32.461399  32.461958     2.2314   61.63364  -32.89358     4.9567         41 0.0000e+00
      32845   1368.488    924.000    913.138     3.5449     3.5443  32.458676  32.459106     2.2320   61.63364  -32.89356     4.9568         32 0.0000e+00
      32879   1369.910    922.000    911.166     3.5431     3.5431  32.455921  32.456839     2.2325   61.63364  -32.89356     4.9569         39 0.0000e+00
      32936   1372.290    920.000    909.193     3.5431     3.5423  32.454926  32.455126     2.2335   61.63364  -32.89357     4.9569         72 0.0000e+00
      32995   1374.737    918.000    907.221     3.5447     3.5449  32.455528  32.456354     2.2337   61.63364  -32.89356     4.9569         42 0.0000e+00
      33030   1376.221    916.000    905.249     3.5490     3.5483  32.459000  32.459130     2.2337   61.63363  -32.89354     4.9569         34 0.0000e+00
      33068   1377.809    914.000    903.277     3.5465     3.5465  32.455704  32.456622     2.2334   61.63362  -32.89354     4.9567         47 0.0000e+00
      33130   1380.384    912.000    901.305     3.5486     3.5487  32.456879  32.457830     2.2339   61.63362  -32.89356     4.9567         68 0.0000e+00
      33186   1382.695    910.000    899.332     3.5520     3.5539  32.459062  32.461507     2.2340   61.63362  -32.89354     4.9567         42 0.0000e+00
      33221   1384.151    908.000    897.360     3.5590     3.5587  32.464992  32.465361     2.2340   61.63362  -32.89354     4.9568         33 0.0000e+00
      33263   1385.930    906.000    895.388     3.5605     3.5598  32.465635  32.465810     2.2344   61.63362  -32.89354     4.9566         59 0.0000e+00
      33324   1388.476    904.000    893.415     3.5610     3.5615  32.465191  32.466471     2.2347   61.63362  -32.89353     4.9568         48 0.0000e+00
      33364   1390.107    902.000    891.443     3.5634     3.5626  32.466450  32.466592     2.2355   61.63362  -32.89354     4.9567         40 0.0000e+00
      33418   1392.362    900.000    889.471     3.5620     3.5619  32.464034  32.464930     2.2365   61.63362  -32.89354     4.9569         68 0.0000e+00
      33474   1394.693    898.000    887.498     3.5637     3.5648  32.464633  32.466305     2.2363   61.63362  -32.89354     4.9569         38 0.0000e+00
      33507   1396.082    896.000    885.526     3.5799     3.5782  32.479770  32.478120     2.2353   61.63362  -32.89352     4.9567         33 0.0000e+00
      33546   1397.715    894.000    883.554     3.5849     3.5844  32.484185  32.484038     2.2339   61.63360  -32.89353     4.9567         51 0.0000e+00
      33604   1400.123    892.000    881.581     3.5896     3.5913  32.487737  32.490259     2.2337   61.63360  -32.89353     4.9567         54 0.0000e+00
      33656   1402.280    890.000    879.609     3.5900     3.5899  32.487312  32.488176     2.2343   61.63360  -32.89352     4.9568         57 0.0000e+00
      33708   1404.476    888.000    877.636     3.5872     3.5859  32.483269  32.483249     2.2352   61.63360  -32.89352     4.9566         41 0.0000e+00
      33744   1405.949    886.000    875.664     3.5822     3.5820  32.477105  32.477990     2.2358   61.63360  -32.89352     4.9568         35 0.0000e+00
      33784   1407.615    884.000    873.691     3.5810     3.5806  32.474940  32.475617     2.2366   61.63360  -32.89352     4.9568         49 0.0000e+00
      33848   1410.312    882.000    871.719     3.5809     3.5807  32.474067  32.474644     2.2377   61.63358  -32.89352     4.9567         70 0.0000e+00
      33901   1412.518    880.000    869.746     3.5847     3.5852  32.476696  32.477823     2.2376   61.63358  -32.89352     4.9568         39 0.0000e+00
      33938   1414.056    878.000    867.774     3.5899     3.5894  32.480971  32.481194     2.2378   61.63358  -32.89352     4.9567         39 0.0000e+00
      33983   1415.907    876.000    865.801     3.5907     3.5902  32.481029  32.481369     2.2378   61.63358  -32.89352     4.9567         50 0.0000e+00
      34033   1417.993    874.000    863.829     3.5912     3.5909  32.480551  32.481069     2.2381   61.63358  -32.89352     4.9568         47 0.0000e+00
      34077   1419.854    872.000    861.856     3.5910     3.5910  32.479401  32.480195     2.2384   61.63358  -32.89352     4.9568         44 0.0000e+00
      34126   1421.882    870.000    859.884     3.5963     3.5946  32.483700  32.482751     2.2383   61.63357  -32.89350     4.9568         56 0.0000e+00
      34180   1424.130    868.000    857.911     3.5986     3.5989  32.485009  32.486036     2.2382   61.63356  -32.89350     4.9569         45 0.0000e+00
      34220   1425.775    866.000    855.938     3.6016     3.6014  32.486974  32.487529     2.2385   61.63358  -32.89351     4.9568         40 0.0000e+00
      34268   1427.797    864.000    853.965     3.6058     3.6038  32.490399  32.489461     2.2389   61.63358  -32.89352     4.9570         54 0.0000e+00
      34318   1429.859    862.000    851.993     3.6099     3.6103  32.493582  32.494464     2.2392   61.63357  -32.89350     4.9568         47 0.0000e+00
      34371   1432.090    860.000    850.020     3.6145     3.6137  32.497466  32.497302     2.2387   61.63356  -32.89350     4.9567         56 0.0000e+00
      34418   1434.040    858.000    848.047     3.6181     3.6184  32.499917  32.501179     2.2390   61.63356  -32.89350     4.9566         39 0.0000e+00
      34455   1435.581    856.000    846.075     3.6191     3.6182  32.500053  32.500084     2.2394   61.63356  -32.89350     4.9568         39 0.0000e+00
      34512   1437.953    854.000    844.102     3.6182     3.6176  32.498014  32.498491     2.2405   61.63356  -32.89350     4.9567         73 0.0000e+00
      34569   1440.344    852.000    842.129     3.6178     3.6171  32.496472  32.496607     2.2410   61.63356  -32.89347     4.9567         38 0.0000e+00
      34601   1441.662    850.000    840.156     3.6177     3.6172  32.494926  32.495471     2.2410   61.63356  -32.89346     4.9568         29 0.0000e+00
      34631   1442.928    848.000    838.183     3.6178     3.6173  32.494127  32.494559     2.2418   61.63356  -32.89348     4.9567         34 0.0000e+00
      34698   1445.728    846.000    836.210     3.6178     3.6172  32.493213  32.493578     2.2439   61.63356  -32.89347     4.9568         63 0.0000e+00
      34762   1448.360    844.000    834.238     3.6181     3.6176  32.492504  32.492875     2.2455   61.63356  -32.89346     4.9567         37 0.0000e+00
      34796   1449.794    842.000    832.265     3.6180     3.6174  32.491368  32.491732     2.2463   61.63356  -32.89346     4.9568         36 0.0000e+00
      34838   1451.534    840.000    830.292     3.6174     3.6170  32.489853  32.490553     2.2473   61.63356  -32.89346     4.9567         50 0.0000e+00
      34893   1453.820    838.000    828.319     3.6170     3.6162  32.488443  32.488695     2.2487   61.63356  -32.89344     4.9567         54 0.0000e+00
      34943   1455.917    836.000    826.346     3.6159     3.6153  32.486098  32.486556     2.2507   61.63356  -32.89344     4.9567         48 0.0000e+00
      34989   1457.835    834.000    824.373     3.6151     3.6146  32.484304  32.484795     2.2521   61.63356  -32.89345     4.9567         45 0.0000e+00
      35032   1459.625    832.000    822.400     3.6147     3.6142  32.482958  32.483314     2.2535   61.63356  -32.89344     4.9568         40 0.0000e+00
      35072   1461.300    830.000    820.427     3.6150     3.6144  32.482170  32.482588     2.2551   61.63354  -32.89344     4.9566         44 0.0000e+00
      35133   1463.815    828.000    818.454     3.6157     3.6152  32.481969  32.482374     2.2570   61.63354  -32.89344     4.9568         69 0.0000e+00
      35186   1466.044    826.000    816.481     3.6171     3.6172  32.482098  32.483067     2.2582   61.63354  -32.89342     4.9567         40 0.0000e+00
      35223   1467.582    824.000    814.508     3.6188     3.6188  32.482739  32.483614     2.2586   61.63354  -32.89342     4.9567         37 0.0000e+00
      35265   1469.349    822.000    812.535     3.6197     3.6192  32.482847  32.483300     2.2594   61.63354  -32.89342     4.9567         51 0.0000e+00
      35323   1471.743    820.000    810.562     3.6205     3.6200  32.482603  32.483044     2.2603   61.63354  -32.89342     4.9566         58 0.0000e+00
      35375   1473.919    818.000    808.589     3.6231     3.6236  32.484240  32.485164     2.2600   61.63354  -32.89342     4.9567         47 0.0000e+00
      35419   1475.748    816.000    806.615     3.6309     3.6306  32.490677  32.490972     2.2605   61.63354  -32.89340     4.9567         42 0.0000e+00
      35461   1477.516    814.000    804.642     3.6336     3.6338  32.492512  32.493443     2.2610   61.63354  -32.89342     4.9568         46 0.0000e+00
      35512   1479.643    812.000    802.669     3.6347     3.6343  32.492645  32.493133     2.2618   61.63352  -32.89342     4.9566         50 0.0000e+00
      35554   1481.394    810.000    800.696     3.6365     3.6362  32.493168  32.493815     2.2619   61.63352  -32.89340     4.9568         36 0.0000e+00
      35601   1483.318    808.000    798.723     3.6361     3.6357  32.491918  32.492573     2.2623   61.63352  -32.89340     4.9567         68 0.0000e+00
      35669   1486.186    806.000    796.750     3.6360     3.6353  32.490842  32.491184     2.2657   61.63352  -32.89342     4.9567         47 0.0000e+00
