Example_Files/SBE_Processing_Files/Processed_SBE_cast_files/upcasts/uar69-01_013.cnv
* Sea-Bird SBE 9 Data File:
* FileName = D:\data\ar69-01_013.hex
* Software Version Seasave V 7.26.7.107
* Temperature SN = 4491
* Conductivity SN = 3009
* Number of Bytes Per Scan = 44
* Number of Voltage Words = 5
* Number of Scans Averaged by the Deck Unit = 1
* NMEA Latitude = 59 58.35 N
* NMEA Longitude = 039 30.42 W
* NMEA UTC (Time) = Jul 01 2022  16:41:48
** Cruise ID: AR69-01
** Chief Sci:
** Station #: 013
** Site ID: Irminger HYPM
# nquan = 14
# nvalues = 1318                        
# units = specified
# name 0 = scan: Scan Count
# name 1 = timeS: Time, Elapsed [seconds]
# name 2 = prDM: Pressure, Digiquartz [db]
# name 3 = depSM: Depth [salt water, m]
# name 4 = t090C: Temperature [ITS-90, deg C]
# name 5 = t190C: Temperature, 2 [ITS-90, deg C]
# name 6 = c0mS/cm: Conductivity [mS/cm]
# name 7 = c1mS/cm: Conductivity, 2 [mS/cm]
# name 8 = sbeox0V: Oxygen raw, SBE 43 [V]
# name 9 = latitude: Latitude [deg]
# name 10 = longitude: Longitude [deg]
# name 11 = v7: Voltage 7
# name 12 = nbin: number of scans per bin
# name 13 = flag: flag
# span 0 =      72276,     153763       
# span 1 =   3011.454,   6406.747       
# span 2 =      6.000,   2640.000       
# span 3 =      5.943,   2598.791       
# span 4 =     1.6169,     7.0695       
# span 5 =     1.6169,     7.0681       
# span 6 =  31.461446,  35.140655       
# span 7 =  31.462020,  35.142066       
# span 8 =     1.8567,     2.8376       
# span 9 =   59.97241,   59.97304       
# span 10 =  -39.50760,  -39.50674      
# span 11 =     4.9560,     4.9568      
# span 12 =         24,        119      
# span 13 = 0.0000e+00, 0.0000e+00      
# interval = decibars: 2                
# start_time = Jul 01 2022 16:41:48 [NMEA time, first data scan]
# bad_flag = -9.990e-29
*END*
[from data line 310]
      90194   3758.022   2020.000   1991.345     3.1145     3.1137  32.574986  32.575080     1.9235   59.97284  -39.50738     4.9560         40 0.0000e+00
      90240   3759.945   2018.000   1989.383     3.1167     3.1159  32.576384  32.576661     1.9238   59.97284  -39.50738     4.9560         57 0.0000e+00
      90305   3762.655   2016.000   1987.420     3.1197     3.1164  32.578630  32.576092     1.9240   59.97284  -39.50738     4.9560         63 0.0000e+00
      90356   3764.788   2014.000   1985.458     3.1228     3.1220  32.580652  32.580798     1.9243   59.97284  -39.50736     4.9560         41 0.0000e+00
      90392   3766.287   2012.000   1983.496     3.1232     3.1227  32.580293  32.580793     1.9244   59.97284  -39.50736     4.9560         34 0.0000e+00
      90425   3767.686   2010.000   1981.533     3.1237     3.1234  32.579820  32.580517     1.9243   59.97284  -39.50737     4.9560         36 0.0000e+00
      90484   3770.123   2008.000   1979.571     3.1241     3.1235  32.579336  32.579953     1.9251   59.97284  -39.50737     4.9560         75 0.0000e+00
      90546   3772.721   2006.000   1977.608     3.1248     3.1243  32.578791  32.579462     1.9258   59.97284  -39.50734     4.9560         34 0.0000e+00
      90576   3773.957   2004.000   1975.646     3.1266     3.1264  32.579187  32.579991     1.9259   59.97284  -39.50735     4.9560         29 0.0000e+00
      90609   3775.324   2002.000   1973.683     3.1278     3.1274  32.579500  32.580125     1.9263   59.97284  -39.50736     4.9560         40 0.0000e+00
      90684   3778.446   2000.000   1971.721     3.1291     3.1283  32.579920  32.580161     1.9276   59.97285  -39.50735     4.9560         60 0.0000e+00
      90731   3780.407   1998.000   1969.758     3.1310     3.1303  32.580705  32.580899     1.9278   59.97284  -39.50734     4.9560         30 0.0000e+00
      90759   3781.603   1996.000   1967.796     3.1328     3.1326  32.581574  32.582206     1.9276   59.97284  -39.50734     4.9560         29 0.0000e+00
      90797   3783.163   1994.000   1965.833     3.1337     3.1328  32.581509  32.581798     1.9275   59.97284  -39.50734     4.9560         48 0.0000e+00
      90896   3787.296   1992.000   1963.871     3.1342     3.1340  32.581163  32.581929     1.9290   59.97285  -39.50732     4.9560         44 0.0000e+00
      90920   3788.289   1990.000   1961.908     3.1380     3.1371  32.583662  32.583829     1.9291   59.97284  -39.50732     4.9560         27 0.0000e+00
      90947   3789.430   1988.000   1959.946     3.1400     3.1395  32.584723  32.585315     1.9294   59.97284  -39.50732     4.9560         29 0.0000e+00
      90996   3791.469   1986.000   1957.983     3.1426     3.1418  32.586551  32.586694     1.9303   59.97285  -39.50731     4.9560         75 0.0000e+00
      91060   3794.113   1984.000   1956.021     3.1458     3.1449  32.588668  32.588545     1.9304   59.97286  -39.50732     4.9560         39 0.0000e+00
      91096   3795.628   1982.000   1954.058     3.1500     3.1492  32.591821  32.592024     1.9309   59.97284  -39.50732     4.9560         41 0.0000e+00
      91147   3797.748   1980.000   1952.095     3.1520     3.1498  32.592911  32.591890     1.9313   59.97285  -39.50730     4.9560         57 0.0000e+00
      91193   3799.684   1978.000   1950.132     3.1551     3.1540  32.594921  32.594668     1.9313   59.97286  -39.50730     4.9560         37 0.0000e+00
      91233   3801.321   1976.000   1948.170     3.1573     3.1562  32.596280  32.596254     1.9313   59.97286  -39.50731     4.9560         46 0.0000e+00
      91293   3803.817   1974.000   1946.207     3.1595     3.1572  32.597483  32.596266     1.9315   59.97284  -39.50730     4.9560         64 0.0000e+00
      91344   3805.958   1972.000   1944.244     3.1615     3.1609  32.598447  32.598710     1.9322   59.97286  -39.50730     4.9560         43 0.0000e+00
      91382   3807.551   1970.000   1942.282     3.1638     3.1633  32.599614  32.600026     1.9323   59.97286  -39.50730     4.9560         35 0.0000e+00
      91419   3809.080   1968.000   1940.319     3.1649     3.1644  32.599689  32.600251     1.9329   59.97286  -39.50730     4.9560         41 0.0000e+00
      91482   3811.725   1966.000   1938.356     3.1656     3.1648  32.599491  32.599836     1.9341   59.97286  -39.50730     4.9560         79 0.0000e+00
      91537   3814.012   1964.000   1936.393     3.1682     3.1674  32.600857  32.600897     1.9345   59.97286  -39.50728     4.9560         32 0.0000e+00
      91567   3815.240   1962.000   1934.431     3.1700     3.1692  32.601735  32.602103     1.9348   59.97285  -39.50729     4.9560         30 0.0000e+00
      91607   3816.937   1960.000   1932.468     3.1711     3.1704  32.602131  32.602507     1.9355   59.97284  -39.50730     4.9560         60 0.0000e+00
      91678   3819.874   1958.000   1930.505     3.1726     3.1718  32.602637  32.602928     1.9358   59.97284  -39.50730     4.9560         56 0.0000e+00
      91717   3821.505   1956.000   1928.542     3.1748     3.1741  32.603949  32.604140     1.9361   59.97284  -39.50730     4.9560         38 0.0000e+00
      91757   3823.172   1954.000   1926.579     3.1753     3.1748  32.603497  32.604140     1.9362   59.97284  -39.50731     4.9560         43 0.0000e+00
      91806   3825.210   1952.000   1924.616     3.1756     3.1751  32.602723  32.603297     1.9367   59.97284  -39.50732     4.9560         53 0.0000e+00
      91856   3827.312   1950.000   1922.653     3.1760     3.1756  32.602018  32.602795     1.9373   59.97284  -39.50731     4.9560         47 0.0000e+00
      91904   3829.278   1948.000   1920.690     3.1769     3.1768  32.601846  32.602716     1.9376   59.97284  -39.50730     4.9560         48 0.0000e+00
      91951   3831.255   1946.000   1918.728     3.1778     3.1775  32.601795  32.602529     1.9383   59.97284  -39.50732     4.9560         48 0.0000e+00
      92000   3833.281   1944.000   1916.765     3.1788     3.1787  32.601907  32.602693     1.9387   59.97284  -39.50734     4.9560         47 0.0000e+00
      92044   3835.122   1942.000   1914.801     3.1819     3.1818  32.603873  32.604636     1.9391   59.97284  -39.50731     4.9560         43 0.0000e+00
      92086   3836.878   1940.000   1912.839     3.1834     3.1830  32.604144  32.604744     1.9397   59.97283  -39.50731     4.9560         41 0.0000e+00
      92129   3838.647   1938.000   1910.876     3.1831     3.1827  32.602760  32.603536     1.9403   59.97282  -39.50732     4.9560         46 0.0000e+00
      92190   3841.205   1936.000   1908.912     3.1850     3.1825  32.603656  32.602607     1.9407   59.97284  -39.50732     4.9560         72 0.0000e+00
      92243   3843.434   1934.000   1906.949     3.1891     3.1888  32.606734  32.607207     1.9407   59.97284  -39.50732     4.9560         35 0.0000e+00
      92275   3844.757   1932.000   1904.986     3.1919     3.1911  32.608459  32.608601     1.9408   59.97282  -39.50732     4.9560         32 0.0000e+00
      92324   3846.789   1930.000   1903.023     3.1933     3.1923  32.609020  32.609165     1.9414   59.97282  -39.50732     4.9560         77 0.0000e+00
      92394   3849.693   1928.000   1901.060     3.1944     3.1936  32.609058  32.609279     1.9422   59.97282  -39.50730     4.9560         42 0.0000e+00
      92427   3851.068   1926.000   1899.097     3.1980     3.1971  32.611455  32.611546     1.9423   59.97282  -39.50732     4.9560         32 0.0000e+00
      92461   3852.520   1924.000   1897.134     3.2002     3.1995  32.612675  32.612981     1.9424   59.97282  -39.50732     4.9560         40 0.0000e+00
      92514   3854.723   1922.000   1895.171     3.2021     3.1997  32.613602  32.612571     1.9432   59.97282  -39.50730     4.9560         66 0.0000e+00
      92573   3857.152   1920.000   1893.207     3.2040     3.2033  32.614411  32.614676     1.9444   59.97282  -39.50732     4.9560         44 0.0000e+00
      92612   3858.778   1918.000   1891.244     3.2061     3.2051  32.615623  32.615703     1.9448   59.97282  -39.50732     4.9560         38 0.0000e+00
      92654   3860.543   1916.000   1889.281     3.2075     3.2066  32.616253  32.616440     1.9449   59.97282  -39.50731     4.9560         49 0.0000e+00
      92708   3862.786   1914.000   1887.318     3.2088     3.2072  32.616576  32.616102     1.9452   59.97280  -39.50732     4.9560         55 0.0000e+00
      92760   3864.957   1912.000   1885.354     3.2081     3.2077  32.614992  32.615699     1.9456   59.97282  -39.50732     4.9560         52 0.0000e+00
      92812   3867.112   1910.000   1883.391     3.2075     3.2072  32.613280  32.613982     1.9461   59.97282  -39.50732     4.9560         48 0.0000e+00
      92853   3868.847   1908.000   1881.428     3.2072     3.2068  32.611693  32.612573     1.9465   59.97281  -39.50732     4.9560         37 0.0000e+00
      92892   3870.448   1906.000   1879.465     3.2072     3.2069  32.610654  32.611571     1.9473   59.97280  -39.50732     4.9560         43 0.0000e+00
      92944   3872.641   1904.000   1877.501     3.2100     3.2075  32.612513  32.611289     1.9481   59.97280  -39.50732     4.9560         58 0.0000e+00
      92993   3874.666   1902.000   1875.538     3.2184     3.2168  32.620122  32.618887     1.9485   59.97281  -39.50732     4.9560         40 0.0000e+00
      93034   3876.356   1900.000   1873.575     3.2244     3.2227  32.625303  32.624252     1.9481   59.97280  -39.50732     4.9560         43 0.0000e+00
      93084   3878.454   1898.000   1871.611     3.2283     3.2267  32.628281  32.627772     1.9484   59.97280  -39.50732     4.9560         61 0.0000e+00
      93146   3881.038   1896.000   1869.648     3.2315     3.2276  32.630575  32.627659     1.9487   59.97280  -39.50733     4.9560         51 0.0000e+00
      93185   3882.684   1894.000   1867.684     3.2333     3.2327  32.631692  32.631884     1.9486   59.97280  -39.50734     4.9560         35 0.0000e+00
      93221   3884.161   1892.000   1865.721     3.2348     3.2342  32.632379  32.632687     1.9483   59.97280  -39.50732     4.9560         39 0.0000e+00
      93272   3886.284   1890.000   1863.757     3.2353     3.2339  32.631978  32.631670     1.9490   59.97280  -39.50734     4.9560         64 0.0000e+00
      93333   3888.816   1888.000   1861.794     3.2343     3.2332  32.629899  32.630176     1.9500   59.97280  -39.50734     4.9560         50 0.0000e+00
      93375   3890.568   1886.000   1859.830     3.2310     3.2310  32.625377  32.626760     1.9509   59.97280  -39.50734     4.9560         39 0.0000e+00
      93416   3892.279   1884.000   1857.867     3.2285     3.2288  32.621790  32.623387     1.9513   59.97280  -39.50734     4.9560         44 0.0000e+00
      93464   3894.290   1882.000   1855.903     3.2290     3.2289  32.621209  32.622285     1.9516   59.97280  -39.50734     4.9560         51 0.0000e+00
      93512   3896.311   1880.000   1853.940     3.2317     3.2314  32.622910  32.623594     1.9522   59.97280  -39.50734     4.9560         45 0.0000e+00
      93557   3898.161   1878.000   1851.976     3.2319     3.2313  32.622136  32.622611     1.9528   59.97280  -39.50734     4.9560         43 0.0000e+00
      93602   3900.038   1876.000   1850.013     3.2321     3.2321  32.621335  32.622260     1.9533   59.97280  -39.50734     4.9560         47 0.0000e+00
      93651   3902.100   1874.000   1848.049     3.2330     3.2330  32.621298  32.622343     1.9538   59.97280  -39.50734     4.9560         51 0.0000e+00
      93702   3904.216   1872.000   1846.085     3.2323     3.2321  32.619501  32.620326     1.9547   59.97279  -39.50736     4.9560         52 0.0000e+00
      93755   3906.419   1870.000   1844.122     3.2322     3.2319  32.618253  32.619175     1.9556   59.97279  -39.50736     4.9560         51 0.0000e+00
      93801   3908.313   1868.000   1842.158     3.2354     3.2359  32.620501  32.621523     1.9559   59.97280  -39.50734     4.9560         41 0.0000e+00
      93839   3909.915   1866.000   1840.194     3.2416     3.2408  32.625785  32.625809     1.9557   59.97280  -39.50735     4.9560         37 0.0000e+00
      93880   3911.641   1864.000   1838.231     3.2451     3.2442  32.628432  32.628262     1.9559   59.97278  -39.50736     4.9560         48 0.0000e+00
      93944   3914.280   1862.000   1836.267     3.2473     3.2437  32.629772  32.627075     1.9565   59.97280  -39.50734     4.9560         67 0.0000e+00
      93993   3916.344   1860.000   1834.303     3.2521     3.2512  32.633286  32.632983     1.9566   59.97280  -39.50734     4.9560         36 0.0000e+00
      94026   3917.702   1858.000   1832.340     3.2570     3.2563  32.637068  32.637170     1.9568   59.97280  -39.50734     4.9560         33 0.0000e+00
      94065   3919.318   1856.000   1830.376     3.2590     3.2578  32.638065  32.638130     1.9570   59.97279  -39.50734     4.9560         52 0.0000e+00
      94143   3922.568   1854.000   1828.412     3.2600     3.2593  32.638098  32.638466     1.9579   59.97280  -39.50734     4.9560         72 0.0000e+00
      94183   3924.264   1852.000   1826.448     3.2612     3.2604  32.638151  32.638286     1.9580   59.97280  -39.50733     4.9560         31 0.0000e+00
      94212   3925.467   1850.000   1824.484     3.2634     3.2631  32.639392  32.640142     1.9584   59.97280  -39.50732     4.9560         30 0.0000e+00
      94252   3927.140   1848.000   1822.520     3.2643     3.2635  32.639320  32.639756     1.9588   59.97278  -39.50734     4.9560         50 0.0000e+00
      94343   3930.924   1846.000   1820.557     3.2648     3.2641  32.638855  32.639443     1.9599   59.97280  -39.50732     4.9560         43 0.0000e+00
      94371   3932.063   1844.000   1818.593     3.2677     3.2670  32.640673  32.640913     1.9601   59.97280  -39.50732     4.9560         29 0.0000e+00
      94400   3933.285   1842.000   1816.628     3.2684     3.2678  32.640308  32.640945     1.9604   59.97280  -39.50732     4.9560         31 0.0000e+00
      94446   3935.191   1840.000   1814.665     3.2684     3.2681  32.639297  32.640154     1.9611   59.97280  -39.50732     4.9560         71 0.0000e+00
      94514   3938.032   1838.000   1812.701     3.2688     3.2683  32.638324  32.639210     1.9622   59.97280  -39.50732     4.9560         45 0.0000e+00
      94549   3939.498   1836.000   1810.737     3.2693     3.2690  32.637916  32.638717     1.9626   59.97280  -39.50732     4.9560         35 0.0000e+00
      94588   3941.144   1834.000   1808.773     3.2701     3.2697  32.637709  32.638448     1.9630   59.97280  -39.50732     4.9560         47 0.0000e+00
      94652   3943.793   1832.000   1806.809     3.2708     3.2698  32.637503  32.637766     1.9638   59.97280  -39.50732     4.9560         74 0.0000e+00
      94710   3946.206   1830.000   1804.845     3.2724     3.2720  32.638227  32.638866     1.9635   59.97280  -39.50732     4.9560         42 0.0000e+00
      94767   3948.570   1828.000   1802.881     3.2741     3.2735  32.638873  32.639355     1.9636   59.97280  -39.50732     4.9560         53 0.0000e+00
      95376   3973.966   1826.000   1800.917     3.2758     3.2751  32.639755  32.640151     1.9640   59.97280  -39.50732     4.9560         83 0.0000e+00
      96346   4014.357   1824.000   1798.953     3.2794     3.2787  32.642347  32.642763     1.9656   59.97282  -39.50731     4.9560         68 0.0000e+00
      96394   4016.356   1822.000   1796.989     3.2795     3.2793  32.641683  32.642527     1.9666   59.97283  -39.50730     4.9560         62 0.0000e+00
      96450   4018.706   1820.000   1795.024     3.2838     3.2835  32.644811  32.645310     1.9676   59.97284  -39.50730     4.9560         47 0.0000e+00
      96492   4020.458   1818.000   1793.060     3.2891     3.2891  32.649105  32.649884     1.9675   59.97284  -39.50730     4.9560         39 0.0000e+00
