Example_Files/SBE_Processing_Files/Processed_SBE_cast_files/upcasts/uar69-01_006.cnv
* Sea-Bird SBE 9 Data File:
* FileName = D:\data\ar69-01_006.hex
* Software Version Seasave V 7.26.7.107
* Temperature SN = 4491
* Conductivity SN = 3009
* Number of Bytes Per Scan = 44
* Number of Voltage Words = 5
* Number of Scans Averaged by the Deck Unit = 1
* NMEA Latitude = 53 37.21 N
* NMEA Longitude = 045 39.53 W
* NMEA UTC (Time) = Jun 26 2022  10:51:22
** Cruise ID: AR69-01
** Chief Sci:
** Station #: 006
** Site ID: Transit - acoustic release test
# nquan = 14
# nvalues = 1522                        
# units = specified
# name 0 = scan: Scan Count
# name 1 = timeS: Time, Elapsed [seconds]
# name 2 = prDM: Pressure, Digiquartz [db]
# name 3 = depSM: Depth [salt water, m]
# name 4 = t090C: Temperature [ITS-90, deg C]
# name 5 = t190C: Temperature, 2 [ITS-90, deg C]
# name 6 = c0mS/cm: Conductivity [mS/cm]
# name 7 = c1mS/cm: Conductivity, 2 [mS/cm]
# name 8 = sbeox0V: Oxygen raw, SBE 43 [V]
# name 9 = latitude: Latitude [deg]
# name 10 = longitude: Longitude [deg]
# name 11 = v7: Voltage 7
# name 12 = nbin: number of scans per bin
# name 13 = flag: flag
# span 0 =      93291,     183018       
# span 1 =   3887.103,   7625.720       
# span 2 =      6.000,   3048.000       
# span 3 =      5.946,   2999.203       
# span 4 =     2.6749,     9.1560       
# span 5 =     2.6750,     9.1426       
# span 6 =  32.415702,  36.907018       
# span 7 =  32.420019,  36.895557       
# span 8 =     1.7254,     2.9034       
# span 9 =   53.62024,   53.62268       
# span 10 =  -45.65878,  -45.65610      
# span 11 =     4.9560,     4.9567      
# span 12 =         24,        122      
# span 13 = 0.0000e+00, 0.0000e+00      
# interval = decibars: 2                
# start_time = Jun 26 2022 10:51:22 [NMEA time, first data scan]
# bad_flag = -9.990e-29
*END*
[from data line 517]
     132639   5526.570   2014.000   1986.523     3.3768     3.3765  32.798593  32.799418     1.9351   53.62150  -45.65718     4.9560         36 0.0000e+00
     132678   5528.217   2012.000   1984.560     3.3770     3.3768  32.798045  32.799074     1.9355   53.62150  -45.65716     4.9560         49 0.0000e+00
     132750   5531.206   2010.000   1982.596     3.3777     3.3774  32.797650  32.798694     1.9365   53.62150  -45.65716     4.9560         71 0.0000e+00
     132793   5533.002   2008.000   1980.633     3.3789     3.3791  32.797711  32.798981     1.9366   53.62150  -45.65717     4.9560         31 0.0000e+00
     132822   5534.219   2006.000   1978.669     3.3807     3.3806  32.798333  32.799431     1.9371   53.62150  -45.65716     4.9560         30 0.0000e+00
     132871   5536.266   2004.000   1976.706     3.3807     3.3804  32.797645  32.798799     1.9380   53.62151  -45.65716     4.9560         59 0.0000e+00
     132944   5539.277   2002.000   1974.742     3.3811     3.3812  32.796983  32.798221     1.9393   53.62150  -45.65716     4.9560         34 0.0000e+00
     132971   5540.404   2000.000   1972.779     3.3845     3.3845  32.799392  32.800379     1.9392   53.62150  -45.65716     4.9560         29 0.0000e+00
     133012   5542.125   1998.000   1970.815     3.3861     3.3853  32.800223  32.800820     1.9397   53.62150  -45.65716     4.9560         66 0.0000e+00
     133082   5545.021   1996.000   1968.852     3.3871     3.3868  32.800279  32.801088     1.9404   53.62152  -45.65716     4.9560         47 0.0000e+00
     133115   5546.435   1994.000   1966.888     3.3904     3.3903  32.802377  32.803431     1.9407   53.62152  -45.65716     4.9560         35 0.0000e+00
     133157   5548.163   1992.000   1964.925     3.3915     3.3913  32.802456  32.803620     1.9410   53.62150  -45.65716     4.9560         48 0.0000e+00
     133206   5550.224   1990.000   1962.961     3.3914     3.3908  32.801367  32.802264     1.9415   53.62151  -45.65716     4.9560         53 0.0000e+00
     133268   5552.799   1988.000   1960.998     3.3907     3.3890  32.799945  32.799285     1.9424   53.62152  -45.65716     4.9560         60 0.0000e+00
     133312   5554.630   1986.000   1959.034     3.3888     3.3885  32.796598  32.797676     1.9435   53.62152  -45.65715     4.9560         33 0.0000e+00
     133343   5555.915   1984.000   1957.070     3.3877     3.3877  32.794479  32.795874     1.9441   53.62152  -45.65716     4.9560         31 0.0000e+00
     133380   5557.444   1982.000   1955.106     3.3875     3.3873  32.793439  32.794687     1.9447   53.62152  -45.65716     4.9560         48 0.0000e+00
     133457   5560.647   1980.000   1953.143     3.3878     3.3876  32.792785  32.793966     1.9461   53.62152  -45.65715     4.9560         80 0.0000e+00
     133505   5562.680   1978.000   1951.179     3.3896     3.3899  32.793385  32.794960     1.9466   53.62152  -45.65714     4.9560         36 0.0000e+00
     133541   5564.147   1976.000   1949.215     3.3918     3.3916  32.794644  32.795629     1.9471   53.62152  -45.65714     4.9560         36 0.0000e+00
     133581   5565.813   1974.000   1947.252     3.3921     3.3919  32.794072  32.795138     1.9476   53.62152  -45.65716     4.9560         47 0.0000e+00
     133634   5568.042   1972.000   1945.288     3.3930     3.3923  32.793863  32.794696     1.9485   53.62152  -45.65716     4.9560         55 0.0000e+00
     133683   5570.102   1970.000   1943.324     3.3939     3.3947  32.793736  32.795539     1.9492   53.62152  -45.65714     4.9560         45 0.0000e+00
     133731   5572.087   1968.000   1941.360     3.3961     3.3955  32.794631  32.795552     1.9499   53.62152  -45.65714     4.9560         52 0.0000e+00
     133783   5574.237   1966.000   1939.396     3.3975     3.3971  32.795011  32.795751     1.9507   53.62152  -45.65715     4.9560         47 0.0000e+00
     133824   5575.963   1964.000   1937.432     3.4004     3.4004  32.796772  32.797919     1.9512   53.62152  -45.65714     4.9560         39 0.0000e+00
     133865   5577.680   1962.000   1935.468     3.4028     3.4016  32.798127  32.798500     1.9518   53.62152  -45.65716     4.9560         46 0.0000e+00
     133916   5579.812   1960.000   1933.505     3.4032     3.4029  32.797693  32.798754     1.9522   53.62152  -45.65715     4.9560         51 0.0000e+00
     133964   5581.793   1958.000   1931.541     3.4054     3.4051  32.798780  32.799795     1.9527   53.62153  -45.65714     4.9560         49 0.0000e+00
     134023   5584.240   1956.000   1929.577     3.4058     3.4055  32.798272  32.799367     1.9531   53.62154  -45.65714     4.9560         63 0.0000e+00
     134071   5586.241   1954.000   1927.613     3.4064     3.4066  32.797785  32.799156     1.9534   53.62153  -45.65714     4.9560         34 0.0000e+00
     134103   5587.600   1952.000   1925.649     3.4069     3.4069  32.797384  32.798640     1.9540   53.62152  -45.65716     4.9560         35 0.0000e+00
     134149   5589.486   1950.000   1923.685     3.4074     3.4068  32.797011  32.798012     1.9549   53.62152  -45.65715     4.9560         59 0.0000e+00
     134208   5591.960   1948.000   1921.721     3.4087     3.4090  32.797264  32.798757     1.9560   53.62154  -45.65714     4.9560         52 0.0000e+00
     134259   5594.064   1946.000   1919.757     3.4114     3.4112  32.798758  32.799799     1.9565   53.62154  -45.65714     4.9560         51 0.0000e+00
     134303   5595.919   1944.000   1917.793     3.4133     3.4128  32.799601  32.800292     1.9568   53.62153  -45.65714     4.9560         36 0.0000e+00
     134336   5597.282   1942.000   1915.829     3.4142     3.4139  32.799536  32.800534     1.9571   53.62152  -45.65714     4.9560         33 0.0000e+00
     134384   5599.298   1940.000   1913.865     3.4146     3.4145  32.799157  32.800464     1.9582   53.62154  -45.65714     4.9560         62 0.0000e+00
     134459   5602.432   1938.000   1911.901     3.4157     3.4155  32.799116  32.800146     1.9593   53.62154  -45.65714     4.9560         40 0.0000e+00
     134490   5603.721   1936.000   1909.936     3.4174     3.4172  32.799793  32.800834     1.9596   53.62154  -45.65714     4.9560         33 0.0000e+00
     134530   5605.383   1934.000   1907.973     3.4177     3.4176  32.799360  32.800535     1.9600   53.62154  -45.65714     4.9560         48 0.0000e+00
     134580   5607.463   1932.000   1906.008     3.4180     3.4183  32.798730  32.800326     1.9601   53.62154  -45.65714     4.9560         50 0.0000e+00
     134634   5609.713   1930.000   1904.044     3.4187     3.4188  32.798529  32.799890     1.9608   53.62154  -45.65714     4.9560         57 0.0000e+00
     134684   5611.772   1928.000   1902.080     3.4202     3.4201  32.798872  32.800078     1.9612   53.62154  -45.65714     4.9560         40 0.0000e+00
     134720   5613.290   1926.000   1900.116     3.4211     3.4208  32.798783  32.799811     1.9621   53.62154  -45.65714     4.9560         36 0.0000e+00
     134766   5615.216   1924.000   1898.152     3.4216     3.4212  32.798431  32.799547     1.9629   53.62154  -45.65714     4.9560         60 0.0000e+00
     134826   5617.706   1922.000   1896.188     3.4225     3.4224  32.798247  32.799496     1.9638   53.62154  -45.65714     4.9560         48 0.0000e+00
     134866   5619.394   1920.000   1894.223     3.4253     3.4253  32.799716  32.801023     1.9641   53.62154  -45.65714     4.9560         40 0.0000e+00
     134910   5621.191   1918.000   1892.259     3.4258     3.4256  32.799395  32.800599     1.9644   53.62154  -45.65714     4.9560         47 0.0000e+00
     134960   5623.282   1916.000   1890.295     3.4269     3.4268  32.799415  32.800626     1.9649   53.62154  -45.65714     4.9560         53 0.0000e+00
     135014   5625.556   1914.000   1888.330     3.4275     3.4275  32.799158  32.800391     1.9657   53.62154  -45.65714     4.9560         53 0.0000e+00
     135061   5627.483   1912.000   1886.366     3.4284     3.4282  32.798932  32.800075     1.9661   53.62154  -45.65714     4.9560         39 0.0000e+00
     135100   5629.122   1910.000   1884.402     3.4293     3.4291  32.798898  32.800047     1.9666   53.62154  -45.65714     4.9560         43 0.0000e+00
     135153   5631.335   1908.000   1882.437     3.4296     3.4295  32.798300  32.799643     1.9675   53.62154  -45.65714     4.9560         61 0.0000e+00
     135204   5633.441   1906.000   1880.473     3.4309     3.4309  32.798521  32.799722     1.9680   53.62154  -45.65714     4.9560         38 0.0000e+00
     135240   5634.941   1904.000   1878.508     3.4324     3.4320  32.798899  32.799897     1.9682   53.62154  -45.65714     4.9560         37 0.0000e+00
     135282   5636.704   1902.000   1876.544     3.4330     3.4328  32.798713  32.799875     1.9687   53.62155  -45.65714     4.9560         51 0.0000e+00
     135351   5639.583   1900.000   1874.580     3.4335     3.4333  32.798529  32.799620     1.9698   53.62155  -45.65713     4.9560         75 0.0000e+00
     135402   5641.696   1898.000   1872.615     3.4353     3.4353  32.799040  32.800225     1.9703   53.62154  -45.65714     4.9560         32 0.0000e+00
     135431   5642.901   1896.000   1870.651     3.4364     3.4362  32.799166  32.800271     1.9707   53.62155  -45.65714     4.9560         29 0.0000e+00
     135466   5644.378   1894.000   1868.686     3.4373     3.4369  32.799092  32.800096     1.9710   53.62156  -45.65714     4.9560         49 0.0000e+00
     135547   5647.746   1892.000   1866.722     3.4382     3.4379  32.799116  32.800169     1.9719   53.62156  -45.65713     4.9560         58 0.0000e+00
     135586   5649.389   1890.000   1864.757     3.4401     3.4404  32.799827  32.801265     1.9724   53.62156  -45.65714     4.9560         34 0.0000e+00
     135622   5650.864   1888.000   1862.793     3.4418     3.4413  32.800497  32.801462     1.9726   53.62156  -45.65714     4.9560         38 0.0000e+00
     135665   5652.677   1886.000   1860.828     3.4422     3.4422  32.800077  32.801251     1.9730   53.62156  -45.65712     4.9560         48 0.0000e+00
     135714   5654.707   1884.000   1858.864     3.4428     3.4429  32.799744  32.801196     1.9736   53.62156  -45.65714     4.9560         51 0.0000e+00
     135769   5656.995   1882.000   1856.899     3.4439     3.4437  32.799854  32.800925     1.9743   53.62156  -45.65714     4.9560         55 0.0000e+00
     135819   5659.099   1880.000   1854.934     3.4450     3.4449  32.799805  32.801121     1.9752   53.62156  -45.65713     4.9560         46 0.0000e+00
     135862   5660.889   1878.000   1852.970     3.4462     3.4460  32.799998  32.801159     1.9757   53.62156  -45.65712     4.9560         41 0.0000e+00
     135902   5662.558   1876.000   1851.005     3.4462     3.4459  32.799101  32.800302     1.9763   53.62156  -45.65712     4.9560         42 0.0000e+00
     135952   5664.629   1874.000   1849.041     3.4460     3.4458  32.798118  32.799331     1.9768   53.62156  -45.65714     4.9560         57 0.0000e+00
     136010   5667.029   1872.000   1847.076     3.4461     3.4460  32.797327  32.798523     1.9777   53.62156  -45.65712     4.9560         55 0.0000e+00
     136059   5669.092   1870.000   1845.111     3.4465     3.4464  32.796727  32.798000     1.9783   53.62156  -45.65712     4.9560         44 0.0000e+00
     136100   5670.782   1868.000   1843.146     3.4478     3.4475  32.796987  32.798081     1.9788   53.62156  -45.65712     4.9560         39 0.0000e+00
     136142   5672.561   1866.000   1841.182     3.4487     3.4482  32.797015  32.797930     1.9793   53.62156  -45.65712     4.9560         46 0.0000e+00
     136189   5674.506   1864.000   1839.217     3.4493     3.4491  32.796696  32.797819     1.9797   53.62156  -45.65712     4.9560         47 0.0000e+00
     136238   5676.531   1862.000   1837.252     3.4495     3.4493  32.796142  32.797346     1.9803   53.62157  -45.65712     4.9560         52 0.0000e+00
     136291   5678.738   1860.000   1835.287     3.4508     3.4506  32.796372  32.797554     1.9809   53.62156  -45.65712     4.9560         50 0.0000e+00
     136335   5680.599   1858.000   1833.323     3.4526     3.4524  32.797290  32.798428     1.9810   53.62156  -45.65712     4.9560         42 0.0000e+00
     136379   5682.416   1856.000   1831.358     3.4536     3.4533  32.797472  32.798440     1.9809   53.62157  -45.65712     4.9560         45 0.0000e+00
     136426   5684.356   1854.000   1829.393     3.4546     3.4542  32.797493  32.798537     1.9817   53.62157  -45.65712     4.9560         49 0.0000e+00
     136477   5686.520   1852.000   1827.428     3.4543     3.4544  32.796346  32.797771     1.9823   53.62157  -45.65712     4.9560         55 0.0000e+00
     136531   5688.759   1850.000   1825.463     3.4552     3.4550  32.796147  32.797352     1.9832   53.62158  -45.65712     4.9560         48 0.0000e+00
     136574   5690.547   1848.000   1823.498     3.4547     3.4544  32.794579  32.795853     1.9835   53.62158  -45.65712     4.9560         40 0.0000e+00
     136613   5692.158   1846.000   1821.533     3.4553     3.4550  32.794273  32.795377     1.9841   53.62158  -45.65712     4.9560         39 0.0000e+00
     136661   5694.163   1844.000   1819.568     3.4555     3.4553  32.793660  32.794930     1.9847   53.62158  -45.65712     4.9560         63 0.0000e+00
     136725   5696.822   1842.000   1817.603     3.4563     3.4567  32.793545  32.795360     1.9852   53.62158  -45.65712     4.9560         48 0.0000e+00
     136761   5698.326   1840.000   1815.638     3.4579     3.4576  32.794272  32.795371     1.9852   53.62158  -45.65711     4.9560         32 0.0000e+00
     136795   5699.744   1838.000   1813.673     3.4579     3.4576  32.793428  32.794613     1.9855   53.62158  -45.65710     4.9560         39 0.0000e+00
     136853   5702.182   1836.000   1811.708     3.4580     3.4577  32.792778  32.793945     1.9862   53.62158  -45.65712     4.9560         72 0.0000e+00
     136908   5704.473   1834.000   1809.743     3.4597     3.4596  32.793244  32.794409     1.9868   53.62158  -45.65712     4.9560         40 0.0000e+00
     136952   5706.278   1832.000   1807.778     3.4609     3.4606  32.793566  32.794646     1.9875   53.62159  -45.65710     4.9560         52 0.0000e+00
     137004   5708.477   1830.000   1805.813     3.4615     3.4612  32.793096  32.794168     1.9882   53.62159  -45.65710     4.9560         44 0.0000e+00
     137040   5709.955   1828.000   1803.848     3.4631     3.4629  32.793579  32.794688     1.9886   53.62158  -45.65712     4.9560         32 0.0000e+00
     137074   5711.373   1826.000   1801.883     3.4641     3.4638  32.793750  32.794848     1.9890   53.62158  -45.65711     4.9560         42 0.0000e+00
     137162   5715.046   1824.000   1799.918     3.4646     3.4641  32.793356  32.794275     1.9906   53.62160  -45.65709     4.9560         49 0.0000e+00
     137196   5716.446   1822.000   1797.953     3.4658     3.4657  32.793395  32.794598     1.9907   53.62160  -45.65710     4.9560         26 0.0000e+00
     137223   5717.582   1820.000   1795.988     3.4674     3.4669  32.793944  32.794875     1.9911   53.62158  -45.65710     4.9560         30 0.0000e+00
     137259   5719.088   1818.000   1794.022     3.4674     3.4670  32.793159  32.794135     1.9914   53.62159  -45.65710     4.9560         46 0.0000e+00
     137333   5722.163   1816.000   1792.057     3.4675     3.4673  32.792426  32.793651     1.9924   53.62160  -45.65708     4.9560         90 0.0000e+00
     137393   5724.668   1814.000   1790.092     3.4683     3.4682  32.792077  32.793320     1.9930   53.62160  -45.65710     4.9560         34 0.0000e+00
     137423   5725.906   1812.000   1788.127     3.4696     3.4690  32.792413  32.793297     1.9933   53.62160  -45.65710     4.9560         29 0.0000e+00
