Example_Files/SBE_Processing_Files/Processed_SBE_cast_files/upcasts/uar69-01_023.cnv
* Sea-Bird SBE 9 Data File:
* FileName = D:\data\ar69-01_023.hex
* Software Version Seasave V 7.26.7.107
* Temperature SN = 4491
* Conductivity SN = 3009
* Number of Bytes Per Scan = 44
* Number of Voltage Words = 5
* Number of Scans Averaged by the Deck Unit = 1
* NMEA Latitude = 61 38.10 N
* NMEA Longitude = 032 53.76 W
* NMEA UTC (Time) = Jul 13 2022  09:38:05
** Cruise ID: AR69-01
** Chief Sci:
** Station #: 023
** Site ID: LADCP test
# nquan = 14
# nvalues = 505                         
# units = specified
# name 0 = scan: Scan Count
# name 1 = timeS: Time, Elapsed [seconds]
# name 2 = prDM: Pressure, Digiquartz [db]
# name 3 = depSM: Depth [salt water, m]
# name 4 = t090C: Temperature [ITS-90, deg C]
# name 5 = t190C: Temperature, 2 [ITS-90, deg C]
# name 6 = c0mS/cm: Conductivity [mS/cm]
# name 7 = c1mS/cm: Conductivity, 2 [mS/cm]
# name 8 = sbeox0V: Oxygen raw, SBE 43 [V]
# name 9 = latitude: Latitude [deg]
# name 10 = longitude: Longitude [deg]
# name 11 = v7: Voltage 7
# name 12 = nbin: number of scans per bin
# name 13 = flag: flag
# span 0 =      30839,      58864       
# span 1 =   1284.912,   2452.622       
# span 2 =      2.000,   1010.000       
# span 3 =      1.981,    997.922       
# span 4 =     3.4827,     9.4991       
# span 5 =     3.4821,     9.4966       
# span 6 =  32.424261,  37.462534       
# span 7 =  32.424605,  37.463177       
# span 8 =     2.2159,     2.7955       
# span 9 =   61.63299,   61.63373       
# span 10 =  -32.89374,  -32.89258      
# span 11 =     4.9562,     4.9573      
# span 12 =         17,        127      
# span 13 = 0.0000e+00, 0.0000e+00      
# interval = decibars: 2                
# start_time = Jul 13 2022 09:38:05 [NMEA time, first data scan]
# bad_flag = -9.990e-29
*END*
[from data line 310]
      45596   1899.812    390.000    385.909     4.2156     4.2172  32.851212  32.853250     2.3273   61.63334  -32.89315     4.9567         48 0.0000e+00
      45638   1901.522    388.000    383.932     4.2291     4.2278  32.863196  32.862475     2.3260   61.63334  -32.89314     4.9568         38 0.0000e+00
      45680   1903.275    386.000    381.955     4.2346     4.2328  32.867693  32.866803     2.3255   61.63334  -32.89315     4.9567         51 0.0000e+00
      45738   1905.697    384.000    379.978     4.2391     4.2383  32.871188  32.871235     2.3251   61.63334  -32.89315     4.9567         56 0.0000e+00
      45784   1907.627    382.000    378.001     4.2450     4.2457  32.875763  32.877059     2.3250   61.63334  -32.89314     4.9569         41 0.0000e+00
      45826   1909.378    380.000    376.023     4.2491     4.2482  32.879027  32.878996     2.3249   61.63334  -32.89314     4.9567         45 0.0000e+00
      45875   1911.410    378.000    374.046     4.2495     4.2491  32.878558  32.879107     2.3253   61.63334  -32.89314     4.9567         51 0.0000e+00
      45925   1913.510    376.000    372.069     4.2509     4.2505  32.878868  32.879418     2.3258   61.63334  -32.89314     4.9567         48 0.0000e+00
      45972   1915.442    374.000    370.091     4.2527     4.2522  32.879541  32.879993     2.3259   61.63334  -32.89312     4.9566         45 0.0000e+00
      46025   1917.654    372.000    368.114     4.2531     4.2523  32.878996  32.879404     2.3289   61.63334  -32.89313     4.9567         60 0.0000e+00
      46077   1919.852    370.000    366.137     4.2467     4.2433  32.870863  32.869383     2.3354   61.63334  -32.89313     4.9569         42 0.0000e+00
      46115   1921.428    368.000    364.159     4.2246     4.2258  32.846160  32.849189     2.3416   61.63334  -32.89312     4.9567         38 0.0000e+00
      46156   1923.128    366.000    362.182     4.2116     4.2094  32.832230  32.831465     2.3485   61.63333  -32.89312     4.9567         46 0.0000e+00
      46212   1925.454    364.000    360.205     4.1968     4.2027  32.814556  32.822302     2.3576   61.63332  -32.89312     4.9567         62 0.0000e+00
      46264   1927.627    362.000    358.227     4.1877     4.1828  32.803530  32.800066     2.3647   61.63332  -32.89312     4.9567         40 0.0000e+00
      46302   1929.188    360.000    356.250     4.1800     4.1794  32.793795  32.794535     2.3676   61.63332  -32.89310     4.9566         40 0.0000e+00
      46356   1931.443    358.000    354.272     4.1783     4.1776  32.791084  32.791635     2.3706   61.63332  -32.89310     4.9567         69 0.0000e+00
      46418   1934.024    356.000    352.295     4.1785     4.1781  32.790261  32.790731     2.3739   61.63332  -32.89310     4.9567         46 0.0000e+00
      46455   1935.582    354.000    350.317     4.1799     4.1795  32.790362  32.790901     2.3750   61.63332  -32.89310     4.9566         34 0.0000e+00
      46491   1937.066    352.000    348.340     4.1801     4.1799  32.789673  32.790348     2.3762   61.63332  -32.89310     4.9568         41 0.0000e+00
      46551   1939.591    350.000    346.362     4.1825     4.1820  32.790864  32.791264     2.3768   61.63332  -32.89310     4.9568         71 0.0000e+00
      46602   1941.694    348.000    344.385     4.1904     4.1927  32.797289  32.799757     2.3753   61.63332  -32.89310     4.9566         34 0.0000e+00
      46633   1943.021    346.000    342.407     4.2047     4.2065  32.810538  32.812790     2.3740   61.63332  -32.89310     4.9568         34 0.0000e+00
      46685   1945.165    344.000    340.429     4.2224     4.2187  32.827475  32.824199     2.3730   61.63332  -32.89308     4.9567         71 0.0000e+00
      46749   1947.835    342.000    338.452     4.2306     4.2320  32.834184  32.836227     2.3714   61.63332  -32.89308     4.9566         48 0.0000e+00
      46789   1949.487    340.000    336.474     4.2406     4.2400  32.843374  32.843241     2.3705   61.63332  -32.89308     4.9568         36 0.0000e+00
      46828   1951.133    338.000    334.497     4.2440     4.2437  32.846019  32.846358     2.3707   61.63332  -32.89308     4.9567         45 0.0000e+00
      46881   1953.351    336.000    332.519     4.2475     4.2497  32.848685  32.851254     2.3690   61.63332  -32.89308     4.9568         58 0.0000e+00
      46936   1955.643    334.000    330.541     4.2653     4.2709  32.864925  32.869961     2.3643   61.63332  -32.89307     4.9570         49 0.0000e+00
      46980   1957.451    332.000    328.564     4.2924     4.2927  32.891035  32.891047     2.3618   61.63331  -32.89306     4.9566         40 0.0000e+00
      47022   1959.229    330.000    326.586     4.3009     4.2992  32.898561  32.897318     2.3615   61.63330  -32.89306     4.9567         51 0.0000e+00
      47081   1961.671    328.000    324.608     4.3074     4.3053  32.903444  32.902712     2.3613   61.63331  -32.89306     4.9566         55 0.0000e+00
      47124   1963.466    326.000    322.630     4.3131     4.3129  32.908063  32.908683     2.3608   61.63330  -32.89306     4.9565         37 0.0000e+00
      47162   1965.029    324.000    320.653     4.3163     4.3163  32.910149  32.910961     2.3611   61.63330  -32.89306     4.9569         40 0.0000e+00
      47208   1966.973    322.000    318.675     4.3183     4.3175  32.911059  32.911192     2.3622   61.63330  -32.89306     4.9567         55 0.0000e+00
      47268   1969.440    320.000    316.697     4.3190     4.3183  32.910275  32.910460     2.3660   61.63330  -32.89306     4.9565         56 0.0000e+00
      47316   1971.438    318.000    314.719     4.3114     4.3103  32.900410  32.901189     2.3704   61.63330  -32.89305     4.9565         43 0.0000e+00
      47359   1973.268    316.000    312.741     4.3031     4.3017  32.890721  32.891077     2.3749   61.63330  -32.89306     4.9567         47 0.0000e+00
      47409   1975.322    314.000    310.763     4.2969     4.2941  32.882657  32.881199     2.3798   61.63330  -32.89306     4.9570         49 0.0000e+00
      47455   1977.256    312.000    308.785     4.2899     4.2898  32.873742  32.875141     2.3836   61.63330  -32.89305     4.9567         47 0.0000e+00
      47508   1979.476    310.000    306.808     4.2887     4.2878  32.871614  32.871647     2.3859   61.63330  -32.89304     4.9569         55 0.0000e+00
      47554   1981.374    308.000    304.830     4.2946     4.2947  32.875565  32.876073     2.3864   61.63329  -32.89306     4.9565         37 0.0000e+00
      47589   1982.849    306.000    302.852     4.3056     4.3063  32.885082  32.886126     2.3869   61.63328  -32.89306     4.9568         37 0.0000e+00
      47637   1984.813    304.000    300.874     4.3117     4.3103  32.890346  32.889760     2.3870   61.63329  -32.89304     4.9572         62 0.0000e+00
      47704   1987.607    302.000    298.896     4.3153     4.3172  32.892863  32.895225     2.3880   61.63329  -32.89305     4.9572         58 0.0000e+00
      47747   1989.411    300.000    296.918     4.3224     4.3227  32.898801  32.899906     2.3901   61.63328  -32.89304     4.9565         35 0.0000e+00
      47781   1990.823    298.000    294.940     4.3231     4.3224  32.898282  32.898585     2.3914   61.63328  -32.89304     4.9563         35 0.0000e+00
      47831   1992.899    296.000    292.962     4.3236     4.3229  32.897512  32.897870     2.3929   61.63329  -32.89304     4.9570         75 0.0000e+00
      47909   1996.168    294.000    290.983     4.3244     4.3247  32.896990  32.898069     2.3958   61.63329  -32.89305     4.9566         53 0.0000e+00
      47940   1997.469    292.000    289.006     4.3321     4.3328  32.903023  32.904197     2.3966   61.63328  -32.89303     4.9566         26 0.0000e+00
      47966   1998.535    290.000    287.027     4.3365     4.3355  32.906061  32.905793     2.3972   61.63328  -32.89302     4.9569         27 0.0000e+00
      48014   2000.557    288.000    285.049     4.3394     4.3387  32.907615  32.907990     2.3984   61.63328  -32.89303     4.9568         62 0.0000e+00
      48095   2003.914    286.000    283.071     4.3398     4.3394  32.906908  32.907357     2.4019   61.63330  -32.89304     4.9569         42 0.0000e+00
      48126   2005.223    284.000    281.093     4.3435     4.3425  32.908913  32.909025     2.4026   61.63329  -32.89302     4.9566         31 0.0000e+00
      48159   2006.567    282.000    279.115     4.3454     4.3444  32.909819  32.909923     2.4029   61.63328  -32.89301     4.9567         36 0.0000e+00
      48207   2008.563    280.000    277.137     4.3480     4.3471  32.911473  32.911599     2.4036   61.63328  -32.89300     4.9569         64 0.0000e+00
      48281   2011.653    278.000    275.158     4.3518     4.3550  32.913914  32.917761     2.4056   61.63328  -32.89302     4.9567         66 0.0000e+00
      48325   2013.499    276.000    273.180     4.3551     4.3550  32.915636  32.916515     2.4076   61.63328  -32.89302     4.9568         33 0.0000e+00
      48357   2014.813    274.000    271.202     4.3566     4.3561  32.915869  32.916301     2.4087   61.63328  -32.89302     4.9568         33 0.0000e+00
      48400   2016.625    272.000    269.223     4.3579     4.3570  32.916109  32.916256     2.4095   61.63328  -32.89300     4.9566         56 0.0000e+00
      48459   2019.068    270.000    267.245     4.3593     4.3587  32.916254  32.916679     2.4124   61.63327  -32.89300     4.9568         55 0.0000e+00
      48508   2021.131    268.000    265.267     4.3597     4.3588  32.915004  32.915360     2.4159   61.63328  -32.89300     4.9566         47 0.0000e+00
      48556   2023.138    266.000    263.289     4.3599     4.3593  32.914090  32.914508     2.4177   61.63328  -32.89300     4.9567         48 0.0000e+00
      48600   2024.957    264.000    261.310     4.3587     4.3582  32.911403  32.912224     2.4197   61.63328  -32.89300     4.9566         42 0.0000e+00
      48644   2026.810    262.000    259.332     4.3579     4.3562  32.909318  32.908793     2.4227   61.63328  -32.89300     4.9565         47 0.0000e+00
      48692   2028.795    260.000    257.354     4.3547     4.3535  32.904374  32.904415     2.4262   61.63328  -32.89298     4.9567         47 0.0000e+00
      48739   2030.729    258.000    255.375     4.3521     4.3516  32.900452  32.901238     2.4286   61.63326  -32.89298     4.9565         48 0.0000e+00
      48794   2033.044    256.000    253.397     4.3509     4.3504  32.898199  32.898855     2.4316   61.63326  -32.89299     4.9566         59 0.0000e+00
      48845   2035.182    254.000    251.418     4.3503     4.3496  32.896197  32.896604     2.4348   61.63326  -32.89298     4.9568         45 0.0000e+00
      48889   2036.995    252.000    249.440     4.3512     4.3509  32.895834  32.896428     2.4372   61.63326  -32.89298     4.9570         42 0.0000e+00
      48930   2038.717    250.000    247.461     4.3540     4.3537  32.897258  32.897840     2.4388   61.63326  -32.89298     4.9565         42 0.0000e+00
      48977   2040.667    248.000    245.483     4.3577     4.3555  32.899589  32.898676     2.4399   61.63326  -32.89298     4.9567         53 0.0000e+00
      49031   2042.898    246.000    243.504     4.3666     4.3742  32.907114  32.914212     2.4386   61.63326  -32.89298     4.9569         50 0.0000e+00
      49076   2044.812    244.000    241.526     4.3902     4.3925  32.929416  32.931281     2.4366   61.63326  -32.89298     4.9565         44 0.0000e+00
      49120   2046.630    242.000    239.547     4.4021     4.4037  32.940419  32.941999     2.4353   61.63326  -32.89298     4.9568         44 0.0000e+00
      49169   2048.646    240.000    237.569     4.4073     4.4092  32.944097  32.946949     2.4343   61.63326  -32.89298     4.9568         53 0.0000e+00
      49222   2050.885    238.000    235.590     4.4188     4.4189  32.954459  32.955323     2.4338   61.63326  -32.89298     4.9566         55 0.0000e+00
      49276   2053.108    236.000    233.611     4.4297     4.4305  32.964200  32.965202     2.4321   61.63326  -32.89297     4.9567         47 0.0000e+00
      49315   2054.770    234.000    231.633     4.4415     4.4405  32.975104  32.974703     2.4320   61.63325  -32.89296     4.9567         36 0.0000e+00
      49356   2056.464    232.000    229.654     4.4450     4.4445  32.977619  32.977889     2.4327   61.63324  -32.89297     4.9567         49 0.0000e+00
      49412   2058.808    230.000    227.675     4.4482     4.4483  32.979834  32.980871     2.4338   61.63324  -32.89297     4.9567         56 0.0000e+00
      49459   2060.757    228.000    225.697     4.4574     4.4581  32.987041  32.988354     2.4341   61.63324  -32.89296     4.9568         41 0.0000e+00
      49500   2062.438    226.000    223.718     4.4605     4.4604  32.989037  32.989566     2.4353   61.63324  -32.89298     4.9569         42 0.0000e+00
      49550   2064.542    224.000    221.739     4.4615     4.4605  32.988755  32.988930     2.4365   61.63324  -32.89297     4.9567         60 0.0000e+00
      49608   2066.962    222.000    219.761     4.4614     4.4613  32.987241  32.987992     2.4387   61.63324  -32.89294     4.9568         48 0.0000e+00
      49649   2068.677    220.000    217.782     4.4671     4.4662  32.991235  32.991351     2.4400   61.63324  -32.89296     4.9568         41 0.0000e+00
      49695   2070.592    218.000    215.803     4.4676     4.4677  32.991037  32.991934     2.4417   61.63324  -32.89296     4.9567         49 0.0000e+00
      49742   2072.534    216.000    213.824     4.4668     4.4647  32.988514  32.987817     2.4430   61.63324  -32.89295     4.9566         42 0.0000e+00
      49787   2074.437    214.000    211.845     4.4605     4.4591  32.980653  32.980601     2.4455   61.63322  -32.89294     4.9567         54 0.0000e+00
      49850   2077.025    212.000    209.867     4.4548     4.4559  32.973662  32.976105     2.4509   61.63322  -32.89294     4.9566         58 0.0000e+00
      49891   2078.766    210.000    207.887     4.4417     4.4389  32.958219  32.957353     2.4542   61.63322  -32.89294     4.9566         34 0.0000e+00
      49927   2080.242    208.000    205.909     4.4341     4.4338  32.949459  32.950610     2.4559   61.63322  -32.89294     4.9567         39 0.0000e+00
      49978   2082.361    206.000    203.930     4.4315     4.4313  32.945713  32.946821     2.4581   61.63322  -32.89294     4.9568         64 0.0000e+00
      50039   2084.916    204.000    201.951     4.4321     4.4334  32.945254  32.947096     2.4590   61.63322  -32.89292     4.9568         47 0.0000e+00
      50076   2086.440    202.000    199.972     4.4432     4.4429  32.955158  32.955669     2.4584   61.63322  -32.89292     4.9566         33 0.0000e+00
      50112   2087.961    200.000    197.993     4.4481     4.4472  32.959157  32.958915     2.4581   61.63322  -32.89292     4.9567         45 0.0000e+00
      50173   2090.511    198.000    196.014     4.4544     4.4542  32.963897  32.964768     2.4579   61.63322  -32.89292     4.9567         70 0.0000e+00
      50231   2092.929    196.000    194.035     4.4580     4.4598  32.966113  32.968501     2.4580   61.63322  -32.89292     4.9568         46 0.0000e+00
      50272   2094.608    194.000    192.056     4.4637     4.4634  32.970236  32.970827     2.4575   61.63322  -32.89292     4.9568         38 0.0000e+00
      50311   2096.269    192.000    190.077     4.4675     4.4701  32.972985  32.975848     2.4567   61.63321  -32.89290     4.9568         44 0.0000e+00
      50360   2098.306    190.000    188.098     4.4765     4.4730  32.980927  32.978055     2.4557   61.63320  -32.89290     4.9567         52 0.0000e+00
      50411   2100.420    188.000    186.119     4.4925     4.4959  32.994507  32.998108     2.4535   61.63320  -32.89290     4.9567         48 0.0000e+00
