Example_Files/SBE_Processing_Files/Processed_SBE_cast_files/upcasts/uar69-01_022.cnv
* Sea-Bird SBE 9 Data File:
* FileName = D:\data\ar69-01_022.hex
* Software Version Seasave V 7.26.7.107
* Temperature SN = 4491
* Conductivity SN = 3009
* Number of Bytes Per Scan = 44
* Number of Voltage Words = 5
* Number of Scans Averaged by the Deck Unit = 1
* NMEA Latitude = 59 55.83 N
* NMEA Longitude = 039 28.98 W
* NMEA UTC (Time) = Jul 12 2022  09:36:48
** Cruise ID: AR69-01
** Chief Sci:
** Station #: 022
** Site ID: OOI cal dip - CTDMOs (SUMO area)
# nquan = 14
# nvalues = 1319                        
# units = specified
# name 0 = scan: Scan Count
# name 1 = timeS: Time, Elapsed [seconds]
# name 2 = prDM: Pressure, Digiquartz [db]
# name 3 = depSM: Depth [salt water, m]
# name 4 = t090C: Temperature [ITS-90, deg C]
# name 5 = t190C: Temperature, 2 [ITS-90, deg C]
# name 6 = c0mS/cm: Conductivity [mS/cm]
# name 7 = c1mS/cm: Conductivity, 2 [mS/cm]
# name 8 = sbeox0V: Oxygen raw, SBE 43 [V]
# name 9 = latitude: Latitude [deg]
# name 10 = longitude: Longitude [deg]
# name 11 = v7: Voltage 7
# name 12 = nbin: number of scans per bin
# name 13 = flag: flag
# span 0 =      79085,     196416       
# span 1 =   3295.148,   8183.944       
# span 2 =      2.000,   2638.000       
# span 3 =      1.981,   2596.843       
# span 4 =     1.7268,     7.7898       
# span 5 =     1.7270,     7.7899       
# span 6 =  31.555236,  35.806758       
# span 7 =  31.555354,  35.806655       
# span 8 =     1.8586,     2.8477       
# span 9 =   59.93050,   59.93056       
# span 10 =  -39.48300,  -39.48289      
# span 11 =     4.9560,     4.9569      
# span 12 =         22,        119      
# span 13 = 0.0000e+00, 0.0000e+00      
# interval = decibars: 2                
# start_time = Jul 12 2022 09:36:48 [NMEA time, first data scan]
# bad_flag = -9.990e-29
*END*
[from data line 620]
     159421   6642.487   1398.000   1380.194     3.4718     3.4718  32.619412  32.619919     2.0932   59.93052  -39.48296     4.9565         34 0.0000e+00
     159455   6643.927   1396.000   1378.226     3.4715     3.4714  32.618154  32.618485     2.0938   59.93052  -39.48295     4.9565         38 0.0000e+00
     159510   6646.228   1394.000   1376.258     3.4711     3.4708  32.616936  32.617229     2.0953   59.93052  -39.48294     4.9563         71 0.0000e+00
     159568   6648.643   1392.000   1374.290     3.4712     3.4710  32.615975  32.616159     2.0968   59.93052  -39.48294     4.9565         41 0.0000e+00
     159606   6650.226   1390.000   1372.322     3.4709     3.4709  32.614714  32.615122     2.0972   59.93052  -39.48294     4.9565         39 0.0000e+00
     159649   6651.993   1388.000   1370.354     3.4706     3.4705  32.613718  32.613916     2.0975   59.93052  -39.48294     4.9563         46 0.0000e+00
     159705   6654.331   1386.000   1368.386     3.4705     3.4703  32.612432  32.612771     2.0985   59.93052  -39.48294     4.9564         66 0.0000e+00
     159761   6656.682   1384.000   1366.418     3.4705     3.4706  32.611269  32.611676     2.0998   59.93052  -39.48294     4.9564         43 0.0000e+00
     159800   6658.297   1382.000   1364.449     3.4700     3.4699  32.609547  32.609842     2.1007   59.93052  -39.48294     4.9564         38 0.0000e+00
     159845   6660.153   1380.000   1362.482     3.4695     3.4695  32.608251  32.608828     2.1019   59.93052  -39.48294     4.9564         52 0.0000e+00
     159897   6662.350   1378.000   1360.513     3.4689     3.4685  32.606651  32.606590     2.1029   59.93052  -39.48294     4.9564         48 0.0000e+00
     159940   6664.125   1376.000   1358.545     3.4670     3.4671  32.603377  32.604003     2.1034   59.93052  -39.48296     4.9564         41 0.0000e+00
     159984   6665.974   1374.000   1356.577     3.4669     3.4664  32.602537  32.602512     2.1044   59.93052  -39.48295     4.9563         50 0.0000e+00
     160038   6668.198   1372.000   1354.609     3.4660     3.4660  32.600647  32.601084     2.1055   59.93052  -39.48294     4.9565         53 0.0000e+00
     160089   6670.319   1370.000   1352.641     3.4658     3.4656  32.599343  32.599711     2.1062   59.93052  -39.48294     4.9565         51 0.0000e+00
     160140   6672.443   1368.000   1350.672     3.4657     3.4655  32.598404  32.598753     2.1068   59.93052  -39.48296     4.9564         48 0.0000e+00
     160183   6674.232   1366.000   1348.704     3.4659     3.4658  32.597497  32.597745     2.1071   59.93052  -39.48294     4.9564         40 0.0000e+00
     160224   6675.968   1364.000   1346.736     3.4658     3.4658  32.596522  32.596893     2.1078   59.93052  -39.48294     4.9565         46 0.0000e+00
     160279   6678.232   1362.000   1344.767     3.4658     3.4658  32.595683  32.595995     2.1086   59.93052  -39.48294     4.9564         58 0.0000e+00
     160330   6680.377   1360.000   1342.799     3.4667     3.4666  32.595418  32.595616     2.1095   59.93052  -39.48294     4.9564         45 0.0000e+00
     160372   6682.132   1358.000   1340.830     3.4668     3.4667  32.594407  32.594767     2.1105   59.93052  -39.48294     4.9564         41 0.0000e+00
     160417   6683.989   1356.000   1338.862     3.4665     3.4663  32.593199  32.593505     2.1117   59.93052  -39.48296     4.9564         51 0.0000e+00
     160474   6686.368   1354.000   1336.894     3.4662     3.4660  32.592090  32.592267     2.1129   59.93052  -39.48296     4.9564         55 0.0000e+00
     160517   6688.178   1352.000   1334.926     3.4659     3.4659  32.590390  32.590901     2.1137   59.93052  -39.48294     4.9564         36 0.0000e+00
     160552   6689.619   1350.000   1332.957     3.4652     3.4653  32.588648  32.589177     2.1145   59.93052  -39.48294     4.9563         37 0.0000e+00
     160617   6692.317   1348.000   1330.989     3.4643     3.4642  32.586612  32.587134     2.1160   59.93052  -39.48295     4.9564         67 0.0000e+00
     160675   6694.765   1346.000   1329.020     3.4639     3.4639  32.584976  32.585341     2.1170   59.93052  -39.48296     4.9565         34 0.0000e+00
     160708   6696.110   1344.000   1327.052     3.4632     3.4632  32.583240  32.583607     2.1175   59.93052  -39.48294     4.9565         32 0.0000e+00
     160742   6697.540   1342.000   1325.083     3.4627     3.4625  32.581880  32.582335     2.1183   59.93052  -39.48295     4.9564         38 0.0000e+00
     160795   6699.730   1340.000   1323.115     3.4618     3.4617  32.580144  32.580589     2.1195   59.93052  -39.48296     4.9565         71 0.0000e+00
     160861   6702.510   1338.000   1321.146     3.4613     3.4613  32.578591  32.578939     2.1208   59.93052  -39.48296     4.9565         53 0.0000e+00
     160906   6704.376   1336.000   1319.178     3.4604     3.4604  32.576728  32.577129     2.1216   59.93052  -39.48296     4.9565         40 0.0000e+00
     160943   6705.933   1334.000   1317.209     3.4598     3.4597  32.575013  32.575436     2.1225   59.93052  -39.48296     4.9565         37 0.0000e+00
     160985   6707.673   1332.000   1315.240     3.4594     3.4593  32.573831  32.574369     2.1233   59.93052  -39.48296     4.9564         47 0.0000e+00
     161032   6709.620   1330.000   1313.272     3.4590     3.4590  32.572471  32.572831     2.1240   59.93054  -39.48296     4.9566         44 0.0000e+00
     161080   6711.618   1328.000   1311.303     3.4580     3.4579  32.570367  32.570725     2.1248   59.93052  -39.48296     4.9565         59 0.0000e+00
     161143   6714.231   1326.000   1309.334     3.4578     3.4572  32.569248  32.568943     2.1260   59.93052  -39.48296     4.9566         54 0.0000e+00
     161186   6716.059   1324.000   1307.366     3.4567     3.4566  32.566857  32.567257     2.1267   59.93052  -39.48296     4.9564         40 0.0000e+00
     161226   6717.717   1322.000   1305.397     3.4561     3.4559  32.565332  32.565609     2.1273   59.93052  -39.48296     4.9564         41 0.0000e+00
     161273   6719.660   1320.000   1303.429     3.4555     3.4555  32.563934  32.564374     2.1283   59.93052  -39.48296     4.9565         53 0.0000e+00
     161326   6721.893   1318.000   1301.460     3.4548     3.4545  32.562048  32.562173     2.1295   59.93052  -39.48296     4.9565         51 0.0000e+00
     161374   6723.864   1316.000   1299.491     3.4537     3.4538  32.559851  32.560404     2.1304   59.93052  -39.48296     4.9565         44 0.0000e+00
     161416   6725.611   1314.000   1297.522     3.4534     3.4533  32.558553  32.558891     2.1310   59.93052  -39.48296     4.9565         41 0.0000e+00
     161460   6727.467   1312.000   1295.554     3.4532     3.4529  32.557489  32.557723     2.1320   59.93052  -39.48296     4.9564         50 0.0000e+00
     161513   6729.682   1310.000   1293.585     3.4528     3.4527  32.556207  32.556504     2.1334   59.93052  -39.48296     4.9565         50 0.0000e+00
     161558   6731.546   1308.000   1291.616     3.4522     3.4521  32.554317  32.554766     2.1343   59.93052  -39.48296     4.9564         43 0.0000e+00
     161603   6733.425   1306.000   1289.647     3.4517     3.4516  32.553086  32.553464     2.1350   59.93052  -39.48296     4.9564         48 0.0000e+00
     161653   6735.507   1304.000   1287.678     3.4503     3.4509  32.550512  32.551908     2.1361   59.93052  -39.48296     4.9565         53 0.0000e+00
     161714   6738.033   1302.000   1285.709     3.4496     3.4496  32.548900  32.549511     2.1373   59.93052  -39.48296     4.9565         61 0.0000e+00
     161760   6739.958   1300.000   1283.740     3.4480     3.4482  32.545943  32.546740     2.1385   59.93052  -39.48296     4.9565         35 0.0000e+00
     161792   6741.278   1298.000   1281.772     3.4464     3.4465  32.543323  32.543945     2.1393   59.93052  -39.48296     4.9565         32 0.0000e+00
     161836   6743.136   1296.000   1279.803     3.4459     3.4455  32.541920  32.542170     2.1400   59.93052  -39.48296     4.9565         61 0.0000e+00
     161894   6745.542   1294.000   1277.834     3.4453     3.4450  32.540242  32.540474     2.1405   59.93052  -39.48296     4.9564         45 0.0000e+00
     161938   6747.366   1292.000   1275.865     3.4442     3.4441  32.538093  32.538583     2.1416   59.93052  -39.48296     4.9564         50 0.0000e+00
     161990   6749.547   1290.000   1273.896     3.4435     3.4438  32.536639  32.537401     2.1431   59.93052  -39.48296     4.9564         48 0.0000e+00
     162032   6751.301   1288.000   1271.927     3.4425     3.4425  32.534376  32.534972     2.1438   59.93052  -39.48296     4.9562         41 0.0000e+00
     162083   6753.431   1286.000   1269.958     3.4422     3.4419  32.533215  32.533528     2.1444   59.93052  -39.48296     4.9564         59 0.0000e+00
     162135   6755.584   1284.000   1267.989     3.4415     3.4414  32.531436  32.531824     2.1457   59.93052  -39.48296     4.9563         43 0.0000e+00
     162177   6757.326   1282.000   1266.020     3.4409     3.4408  32.529809  32.530277     2.1464   59.93052  -39.48296     4.9563         44 0.0000e+00
     162226   6759.366   1280.000   1264.051     3.4405     3.4404  32.528606  32.529228     2.1471   59.93052  -39.48296     4.9565         51 0.0000e+00
     162272   6761.311   1278.000   1262.082     3.4401     3.4399  32.527225  32.527560     2.1481   59.93052  -39.48298     4.9566         43 0.0000e+00
     162315   6763.065   1276.000   1260.112     3.4393     3.4394  32.525534  32.526100     2.1491   59.93052  -39.48296     4.9565         44 0.0000e+00
     162362   6765.027   1274.000   1258.143     3.4390     3.4388  32.524342  32.524774     2.1492   59.93052  -39.48295     4.9565         49 0.0000e+00
     162413   6767.169   1272.000   1256.174     3.4383     3.4379  32.522782  32.522906     2.1499   59.93052  -39.48296     4.9564         55 0.0000e+00
     162468   6769.452   1270.000   1254.205     3.4376     3.4374  32.520966  32.521362     2.1505   59.93052  -39.48296     4.9565         50 0.0000e+00
     162513   6771.323   1268.000   1252.236     3.4363     3.4363  32.518514  32.518954     2.1512   59.93052  -39.48294     4.9564         42 0.0000e+00
     162554   6773.029   1266.000   1250.267     3.4357     3.4358  32.516990  32.517662     2.1522   59.93052  -39.48296     4.9564         40 0.0000e+00
     162596   6774.805   1264.000   1248.298     3.4349     3.4350  32.515198  32.515824     2.1534   59.93053  -39.48295     4.9566         49 0.0000e+00
     162654   6777.197   1262.000   1246.328     3.4346     3.4343  32.513932  32.514203     2.1547   59.93054  -39.48294     4.9565         56 0.0000e+00
     162700   6779.128   1260.000   1244.359     3.4336     3.4337  32.511794  32.512404     2.1556   59.93052  -39.48294     4.9565         42 0.0000e+00
     162748   6781.129   1258.000   1242.390     3.4332     3.4329  32.510520  32.510872     2.1565   59.93052  -39.48294     4.9564         54 0.0000e+00
     162800   6783.290   1256.000   1240.420     3.4328     3.4328  32.509210  32.509723     2.1574   59.93054  -39.48294     4.9564         46 0.0000e+00
     162843   6785.091   1254.000   1238.451     3.4324     3.4322  32.507847  32.508297     2.1582   59.93054  -39.48294     4.9565         41 0.0000e+00
     162881   6786.678   1252.000   1236.481     3.4317     3.4317  32.506264  32.506755     2.1586   59.93054  -39.48293     4.9565         36 0.0000e+00
     162925   6788.508   1250.000   1234.512     3.4311     3.4310  32.504648  32.505229     2.1591   59.93054  -39.48292     4.9564         62 0.0000e+00
     162999   6791.563   1248.000   1232.543     3.4307     3.4304  32.503161  32.503403     2.1606   59.93054  -39.48292     4.9565         57 0.0000e+00
     163037   6793.151   1246.000   1230.573     3.4300     3.4301  32.501491  32.502075     2.1613   59.93054  -39.48292     4.9565         36 0.0000e+00
     163073   6794.674   1244.000   1228.604     3.4297     3.4296  32.500504  32.500841     2.1619   59.93054  -39.48292     4.9566         39 0.0000e+00
     163120   6796.625   1242.000   1226.635     3.4295     3.4292  32.499338  32.499670     2.1625   59.93054  -39.48292     4.9565         56 0.0000e+00
     163177   6799.008   1240.000   1224.665     3.4293     3.4290  32.498269  32.498600     2.1632   59.93054  -39.48292     4.9565         54 0.0000e+00
     163229   6801.169   1238.000   1222.696     3.4288     3.4289  32.496899  32.497433     2.1639   59.93054  -39.48292     4.9564         50 0.0000e+00
     163274   6803.049   1236.000   1220.726     3.4285     3.4283  32.495451  32.495902     2.1642   59.93054  -39.48291     4.9563         40 0.0000e+00
     163312   6804.645   1234.000   1218.757     3.4277     3.4277  32.493787  32.494328     2.1646   59.93054  -39.48292     4.9564         39 0.0000e+00
     163355   6806.434   1232.000   1216.787     3.4273     3.4272  32.492481  32.493000     2.1652   59.93054  -39.48292     4.9566         47 0.0000e+00
     163408   6808.628   1230.000   1214.818     3.4266     3.4264  32.490888  32.491332     2.1661   59.93054  -39.48292     4.9564         58 0.0000e+00
     163463   6810.909   1228.000   1212.848     3.4256     3.4257  32.488678  32.489433     2.1679   59.93054  -39.48292     4.9566         49 0.0000e+00
     163507   6812.744   1226.000   1210.879     3.4245     3.4245  32.486348  32.487016     2.1686   59.93054  -39.48292     4.9564         40 0.0000e+00
     163545   6814.352   1224.000   1208.909     3.4239     3.4238  32.484775  32.485187     2.1697   59.93054  -39.48292     4.9565         39 0.0000e+00
     163601   6816.683   1222.000   1206.940     3.4233     3.4230  32.483382  32.483739     2.1707   59.93054  -39.48293     4.9565         76 0.0000e+00
     163665   6819.350   1220.000   1204.970     3.4233     3.4231  32.482316  32.482638     2.1717   59.93054  -39.48294     4.9564         43 0.0000e+00
     163701   6820.831   1218.000   1203.000     3.4228     3.4226  32.480885  32.481275     2.1725   59.93054  -39.48294     4.9564         32 0.0000e+00
     163733   6822.166   1216.000   1201.031     3.4226     3.4224  32.479703  32.480250     2.1731   59.93053  -39.48294     4.9564         34 0.0000e+00
     163776   6823.943   1214.000   1199.061     3.4223     3.4219  32.478615  32.478998     2.1734   59.93052  -39.48294     4.9565         56 0.0000e+00
     163840   6826.630   1212.000   1197.091     3.4219     3.4217  32.477343  32.477610     2.1746   59.93052  -39.48294     4.9565         61 0.0000e+00
     163889   6828.679   1210.000   1195.122     3.4216     3.4216  32.475987  32.476455     2.1753   59.93053  -39.48294     4.9566         41 0.0000e+00
     163928   6830.294   1208.000   1193.152     3.4213     3.4212  32.474697  32.475146     2.1759   59.93052  -39.48296     4.9565         40 0.0000e+00
     163979   6832.406   1206.000   1191.182     3.4209     3.4207  32.473586  32.473857     2.1759   59.93052  -39.48296     4.9565         63 0.0000e+00
     164033   6834.654   1204.000   1189.212     3.4208     3.4207  32.472382  32.472795     2.1765   59.93052  -39.48295     4.9566         38 0.0000e+00
     164066   6836.039   1202.000   1187.243     3.4203     3.4202  32.471098  32.471437     2.1774   59.93052  -39.48296     4.9565         34 0.0000e+00
     164117   6838.167   1200.000   1185.273     3.4199     3.4196  32.469861  32.470175     2.1780   59.93052  -39.48296     4.9564         75 0.0000e+00
     164183   6840.933   1198.000   1183.303     3.4198     3.4197  32.468688  32.468972     2.1789   59.93052  -39.48296     4.9565         43 0.0000e+00
     164218   6842.377   1196.000   1181.333     3.4190     3.4190  32.466949  32.467444     2.1791   59.93052  -39.48297     4.9564         32 0.0000e+00
