Example_Files/SBE_Processing_Files/Processed_SBE_cast_files/upcasts/uar69-01_010.cnv
* Sea-Bird SBE 9 Data File:
* FileName = D:\data\ar69-01_010.hex
* Software Version Seasave V 7.26.7.107
* Temperature SN = 4491
* Conductivity SN = 3009
* Number of Bytes Per Scan = 44
* Number of Voltage Words = 5
* Number of Scans Averaged by the Deck Unit = 1
* NMEA Latitude = 59 48.41 N
* NMEA Longitude = 040 16.60 W
* NMEA UTC (Time) = Jun 29 2022  14:57:01
** Cruise ID: AR69-01
** Chief Sci:
** Station #: 010
** Site ID: M3
# nquan = 14
# nvalues = 1293                        
# units = specified
# name 0 = scan: Scan Count
# name 1 = timeS: Time, Elapsed [seconds]
# name 2 = prDM: Pressure, Digiquartz [db]
# name 3 = depSM: Depth [salt water, m]
# name 4 = t090C: Temperature [ITS-90, deg C]
# name 5 = t190C: Temperature, 2 [ITS-90, deg C]
# name 6 = c0mS/cm: Conductivity [mS/cm]
# name 7 = c1mS/cm: Conductivity, 2 [mS/cm]
# name 8 = sbeox0V: Oxygen raw, SBE 43 [V]
# name 9 = latitude: Latitude [deg]
# name 10 = longitude: Longitude [deg]
# name 11 = v7: Voltage 7
# name 12 = nbin: number of scans per bin
# name 13 = flag: flag
# span 0 =      74435,     180176       
# span 1 =   3101.413,   7507.281       
# span 2 =      6.000,   2590.000       
# span 3 =      5.943,   2549.901       
# span 4 =     1.4940,     7.0067       
# span 5 =     1.4940,     7.0079       
# span 6 =  31.322259,  35.095331       
# span 7 =  31.322908,  35.097620       
# span 8 =     1.8621,     2.8169       
# span 9 =   59.80674,   59.80680       
# span 10 =  -40.27673,  -40.27666      
# span 11 =     4.9560,     4.9569      
# span 12 =         22,        123      
# span 13 = 0.0000e+00, 0.0000e+00      
# interval = decibars: 2                
# start_time = Jun 29 2022 14:57:01 [NMEA time, first data scan]
# bad_flag = -9.990e-29
*END*
      74435   3101.413   2590.000   2549.901     1.4949     1.4951  31.338383  31.339209     1.8621   59.80678  -40.27672     4.9560         46 0.0000e+00
      75409   3141.997   2588.000   2547.944     1.4952     1.4951  31.337887  31.338472     1.8636   59.80674  -40.27671     4.9560         79 0.0000e+00
      75631   3151.243   2586.000   2545.987     1.4951     1.4952  31.336933  31.337800     1.8635   59.80674  -40.27673     4.9560         67 0.0000e+00
      76073   3169.661   2584.000   2544.030     1.4952     1.4953  31.336242  31.336992     1.8642   59.80674  -40.27671     4.9560         46 0.0000e+00
      76151   3172.916   2582.000   2542.072     1.4949     1.4949  31.335214  31.335925     1.8648   59.80675  -40.27671     4.9560         52 0.0000e+00
      76245   3176.838   2580.000   2540.115     1.4947     1.4948  31.334333  31.335075     1.8647   59.80676  -40.27670     4.9560         55 0.0000e+00
      76330   3180.359   2578.000   2538.158     1.4946     1.4947  31.333403  31.334211     1.8653   59.80676  -40.27670     4.9560         46 0.0000e+00
      76436   3184.790   2576.000   2536.200     1.4942     1.4943  31.332379  31.333119     1.8660   59.80676  -40.27670     4.9560         61 0.0000e+00
      76539   3189.102   2574.000   2534.243     1.4940     1.4940  31.331418  31.332136     1.8664   59.80676  -40.27670     4.9560         78 0.0000e+00
      76636   3193.133   2572.000   2532.285     1.4947     1.4953  31.331231  31.332369     1.8660   59.80676  -40.27671     4.9560         97 0.0000e+00
      76770   3198.725   2570.000   2530.328     1.4964     1.4965  31.331902  31.332552     1.8667   59.80676  -40.27670     4.9560         60 0.0000e+00
      76838   3201.533   2568.000   2528.371     1.4979     1.4982  31.332492  31.333344     1.8675   59.80676  -40.27670     4.9560         62 0.0000e+00
      76940   3205.776   2566.000   2526.413     1.4985     1.4987  31.332206  31.332965     1.8678   59.80677  -40.27670     4.9560         64 0.0000e+00
      77043   3210.072   2564.000   2524.456     1.4997     1.5000  31.332356  31.333231     1.8688   59.80678  -40.27671     4.9560         48 0.0000e+00
      77120   3213.301   2562.000   2522.498     1.5007     1.5013  31.332626  31.333720     1.8688   59.80677  -40.27670     4.9560         91 0.0000e+00
      77228   3217.811   2560.000   2520.541     1.5013     1.5010  31.332358  31.332655     1.8692   59.80677  -40.27670     4.9560         92 0.0000e+00
      77321   3221.660   2558.000   2518.584     1.5028     1.5028  31.332787  31.333374     1.8697   59.80677  -40.27670     4.9560         64 0.0000e+00
      77414   3225.539   2556.000   2516.626     1.5032     1.5031  31.332349  31.332941     1.8703   59.80677  -40.27671     4.9560         71 0.0000e+00
      77518   3229.882   2554.000   2514.668     1.5034     1.5033  31.331738  31.332353     1.8705   59.80677  -40.27671     4.9560         72 0.0000e+00
      77618   3234.061   2552.000   2512.711     1.5037     1.5038  31.331236  31.331877     1.8714   59.80676  -40.27670     4.9560         48 0.0000e+00
      77722   3238.382   2550.000   2510.753     1.5037     1.5038  31.330426  31.331181     1.8715   59.80676  -40.27671     4.9560         73 0.0000e+00
      77842   3243.380   2548.000   2508.796     1.5040     1.5041  31.329914  31.330625     1.8719   59.80676  -40.27670     4.9560         40 0.0000e+00
      77921   3246.653   2546.000   2506.838     1.5040     1.5040  31.329160  31.329926     1.8721   59.80676  -40.27671     4.9560         57 0.0000e+00
      78061   3252.505   2544.000   2504.881     1.5040     1.5040  31.328409  31.329109     1.8729   59.80676  -40.27670     4.9560         79 0.0000e+00
      78161   3256.671   2542.000   2502.923     1.5040     1.5041  31.327595  31.328299     1.8737   59.80676  -40.27670     4.9560         74 0.0000e+00
      78296   3262.309   2540.000   2500.965     1.5041     1.5041  31.326819  31.327465     1.8736   59.80676  -40.27668     4.9560         58 0.0000e+00
      78356   3264.808   2538.000   2499.008     1.5039     1.5039  31.326010  31.326714     1.8741   59.80676  -40.27670     4.9560         90 0.0000e+00
      78458   3269.033   2536.000   2497.050     1.5039     1.5038  31.325214  31.325816     1.8746   59.80676  -40.27669     4.9560         82 0.0000e+00
      78517   3271.480   2534.000   2495.092     1.5041     1.5042  31.324662  31.325390     1.8746   59.80676  -40.27670     4.9560         59 0.0000e+00
      78648   3276.963   2532.000   2493.135     1.5042     1.5041  31.323839  31.324496     1.8753   59.80676  -40.27668     4.9560         62 0.0000e+00
      78694   3278.878   2530.000   2491.177     1.5045     1.5045  31.323359  31.324055     1.8755   59.80676  -40.27669     4.9560         40 0.0000e+00
      78781   3282.509   2528.000   2489.219     1.5047     1.5046  31.322795  31.323371     1.8755   59.80676  -40.27669     4.9560         61 0.0000e+00
      78880   3286.642   2526.000   2487.261     1.5052     1.5053  31.322454  31.323163     1.8760   59.80676  -40.27668     4.9560         46 0.0000e+00
      78947   3289.425   2524.000   2485.304     1.5058     1.5063  31.322259  31.323395     1.8763   59.80676  -40.27668     4.9560         90 0.0000e+00
      79053   3293.830   2522.000   2483.346     1.5092     1.5067  31.324486  31.322908     1.8773   59.80678  -40.27669     4.9560        101 0.0000e+00
      79146   3297.724   2520.000   2481.388     1.5176     1.5152  31.331130  31.329174     1.8786   59.80677  -40.27668     4.9560         87 0.0000e+00
      79207   3300.234   2518.000   2479.430     1.5368     1.5353  31.347367  31.345617     1.8781   59.80678  -40.27669     4.9560         50 0.0000e+00
      79319   3304.926   2516.000   2477.472     1.5452     1.5438  31.353940  31.353026     1.8791   59.80678  -40.27668     4.9560         55 0.0000e+00
      79385   3307.652   2514.000   2475.515     1.5612     1.5590  31.367080  31.365226     1.8794   59.80678  -40.27668     4.9560         57 0.0000e+00
      79488   3311.963   2512.000   2473.557     1.5717     1.5719  31.375079  31.375557     1.8797   59.80678  -40.27668     4.9560         71 0.0000e+00
      79574   3315.538   2510.000   2471.599     1.5916     1.5884  31.392265  31.389740     1.8799   59.80678  -40.27668     4.9560         98 0.0000e+00
      79667   3319.398   2508.000   2469.641     1.6076     1.6103  31.404830  31.407467     1.8805   59.80677  -40.27667     4.9560         99 0.0000e+00
      79745   3322.646   2506.000   2467.683     1.6250     1.6227  31.418807  31.417184     1.8799   59.80678  -40.27668     4.9560         50 0.0000e+00
      79852   3327.114   2504.000   2465.725     1.6294     1.6290  31.422114  31.422375     1.8794   59.80677  -40.27667     4.9560         55 0.0000e+00
      79920   3329.975   2502.000   2463.767     1.6348     1.6341  31.425871  31.425958     1.8791   59.80676  -40.27668     4.9560         44 0.0000e+00
      80054   3335.528   2500.000   2461.809     1.6378     1.6368  31.427761  31.427256     1.8798   59.80676  -40.27668     4.9560         64 0.0000e+00
      80132   3338.790   2498.000   2459.851     1.6459     1.6449  31.433976  31.433373     1.8802   59.80676  -40.27668     4.9560         73 0.0000e+00
      80227   3342.742   2496.000   2457.893     1.6558     1.6516  31.441671  31.438728     1.8806   59.80676  -40.27668     4.9560        109 0.0000e+00
      80312   3346.305   2494.000   2455.935     1.6646     1.6594  31.448429  31.444775     1.8810   59.80676  -40.27668     4.9560         69 0.0000e+00
      80438   3351.532   2492.000   2453.977     1.6719     1.6703  31.453989  31.452762     1.8827   59.80676  -40.27668     4.9560         55 0.0000e+00
      80473   3352.991   2490.000   2452.019     1.6859     1.6861  31.465811  31.465639     1.8824   59.80676  -40.27668     4.9560         39 0.0000e+00
      80592   3357.961   2488.000   2450.061     1.6914     1.6918  31.469616  31.470417     1.8835   59.80676  -40.27669     4.9560         55 0.0000e+00
      80674   3361.395   2486.000   2448.102     1.6949     1.6939  31.471974  31.471545     1.8836   59.80676  -40.27669     4.9560         50 0.0000e+00
      80756   3364.773   2484.000   2446.144     1.6992     1.6983  31.474768  31.474596     1.8841   59.80676  -40.27670     4.9560         62 0.0000e+00
      80880   3369.964   2482.000   2444.186     1.7078     1.7057  31.481599  31.480222     1.8853   59.80676  -40.27669     4.9560         66 0.0000e+00
      80936   3372.287   2480.000   2442.228     1.7175     1.7150  31.489224  31.487345     1.8849   59.80678  -40.27671     4.9560         50 0.0000e+00
      81059   3377.401   2478.000   2440.270     1.7226     1.7235  31.492954  31.494211     1.8835   59.80678  -40.27669     4.9560         80 0.0000e+00
      81150   3381.189   2476.000   2438.312     1.7290     1.7284  31.497329  31.497069     1.8829   59.80678  -40.27670     4.9560         65 0.0000e+00
      81214   3383.860   2474.000   2436.353     1.7337     1.7335  31.500851  31.500941     1.8825   59.80678  -40.27670     4.9560         65 0.0000e+00
      81357   3389.834   2472.000   2434.395     1.7408     1.7398  31.506055  31.505545     1.8829   59.80678  -40.27669     4.9560         39 0.0000e+00
      81427   3392.768   2470.000   2432.437     1.7451     1.7455  31.509088  31.509917     1.8834   59.80678  -40.27670     4.9560         69 0.0000e+00
      81527   3396.899   2468.000   2430.479     1.7534     1.7518  31.515508  31.514301     1.8841   59.80678  -40.27669     4.9560         55 0.0000e+00
      81617   3400.677   2466.000   2428.520     1.7571     1.7568  31.517905  31.518314     1.8847   59.80678  -40.27670     4.9560        115 0.0000e+00
      81733   3405.504   2464.000   2426.562     1.7635     1.7626  31.522893  31.521935     1.8849   59.80678  -40.27670     4.9560         60 0.0000e+00
      81811   3408.730   2462.000   2424.604     1.7787     1.7775  31.535503  31.534492     1.8845   59.80678  -40.27670     4.9560         71 0.0000e+00
      81908   3412.783   2460.000   2422.645     1.7885     1.7864  31.543634  31.541584     1.8837   59.80678  -40.27670     4.9560         70 0.0000e+00
      82010   3417.023   2458.000   2420.687     1.8007     1.8011  31.553096  31.553290     1.8829   59.80678  -40.27670     4.9560         41 0.0000e+00
      82057   3418.982   2456.000   2418.728     1.8134     1.8110  31.564358  31.562088     1.8823   59.80678  -40.27670     4.9560         58 0.0000e+00
      82190   3424.526   2454.000   2416.770     1.8216     1.8194  31.570695  31.569154     1.8815   59.80678  -40.27670     4.9560         90 0.0000e+00
      82266   3427.697   2452.000   2414.812     1.8379     1.8358  31.583833  31.581641     1.8816   59.80678  -40.27670     4.9560         42 0.0000e+00
      82332   3430.449   2450.000   2412.853     1.8495     1.8494  31.593671  31.593993     1.8814   59.80677  -40.27670     4.9560         72 0.0000e+00
      82482   3436.699   2448.000   2410.895     1.8549     1.8499  31.597166  31.593527     1.8826   59.80676  -40.27670     4.9560         55 0.0000e+00
      82513   3437.987   2446.000   2408.936     1.8693     1.8669  31.608874  31.606675     1.8821   59.80676  -40.27672     4.9560         30 0.0000e+00
      82615   3442.259   2444.000   2406.978     1.8751     1.8781  31.613391  31.616168     1.8829   59.80677  -40.27672     4.9560         47 0.0000e+00
      82786   3449.381   2442.000   2405.019     1.8826     1.8785  31.618726  31.615847     1.8843   59.80676  -40.27672     4.9560         49 0.0000e+00
      82913   3454.684   2440.000   2403.061     1.8896     1.8845  31.624280  31.620327     1.8847   59.80676  -40.27672     4.9560         46 0.0000e+00
      83088   3461.974   2438.000   2401.102     1.9006     1.8940  31.633316  31.628041     1.8842   59.80676  -40.27672     4.9560         54 0.0000e+00
      84538   3522.382   2436.000   2399.144     1.9446     1.9409  31.672405  31.669640     1.8768   59.80678  -40.27671     4.9560         78 0.0000e+00
      85533   3563.814   2434.000   2397.185     1.9526     1.9517  31.678759  31.678750     1.8779   59.80678  -40.27669     4.9560         50 0.0000e+00
      85562   3565.049   2432.000   2395.227     1.9555     1.9527  31.680660  31.678836     1.8786   59.80678  -40.27668     4.9560         75 0.0000e+00
      85625   3567.661   2430.000   2393.268     1.9629     1.9616  31.686412  31.685519     1.8789   59.80678  -40.27669     4.9560         56 0.0000e+00
      85753   3572.982   2428.000   2391.309     1.9661     1.9622  31.688618  31.685446     1.8790   59.80678  -40.27668     4.9560         62 0.0000e+00
      85820   3575.780   2426.000   2389.351     1.9703     1.9707  31.691726  31.692452     1.8790   59.80677  -40.27668     4.9560         82 0.0000e+00
      85904   3579.304   2424.000   2387.392     1.9785     1.9750  31.698127  31.695457     1.8791   59.80678  -40.27669     4.9560         80 0.0000e+00
      86037   3584.831   2422.000   2385.433     1.9886     1.9852  31.706158  31.703651     1.8804   59.80678  -40.27668     4.9560         61 0.0000e+00
      86088   3586.961   2420.000   2383.474     1.9938     1.9939  31.709668  31.709969     1.8819   59.80678  -40.27668     4.9560         67 0.0000e+00
      86197   3591.509   2418.000   2381.516     1.9996     1.9993  31.713365  31.713902     1.8850   59.80678  -40.27668     4.9560        123 0.0000e+00
      86271   3594.585   2416.000   2379.557     2.0101     2.0067  31.720996  31.718466     1.8871   59.80677  -40.27668     4.9560         38 0.0000e+00
      86305   3595.988   2414.000   2377.599     2.0147     2.0142  31.724295  31.724202     1.8875   59.80678  -40.27670     4.9560         36 0.0000e+00
      86396   3599.778   2412.000   2375.640     2.0160     2.0160  31.724566  31.725273     1.8899   59.80678  -40.27668     4.9560         47 0.0000e+00
      86470   3602.859   2410.000   2373.681     2.0182     2.0183  31.725697  31.726340     1.8916   59.80678  -40.27668     4.9560         28 0.0000e+00
      86500   3604.128   2408.000   2371.722     2.0217     2.0250  31.728313  31.731211     1.8912   59.80678  -40.27668     4.9560         33 0.0000e+00
      86558   3606.527   2406.000   2369.763     2.0270     2.0298  31.732406  31.735329     1.8910   59.80678  -40.27670     4.9560         67 0.0000e+00
      86663   3610.921   2404.000   2367.804     2.0287     2.0295  31.732958  31.733680     1.8917   59.80678  -40.27666     4.9560         43 0.0000e+00
      86697   3612.335   2402.000   2365.846     2.0476     2.0484  31.749096  31.749648     1.8916   59.80678  -40.27669     4.9560         36 0.0000e+00
      86736   3613.955   2400.000   2363.886     2.0577     2.0567  31.757562  31.756769     1.8913   59.80678  -40.27670     4.9560         42 0.0000e+00
      86801   3616.674   2398.000   2361.928     2.0641     2.0648  31.762645  31.763734     1.8907   59.80678  -40.27670     4.9560         97 0.0000e+00
      86900   3620.777   2396.000   2359.969     2.0714     2.0672  31.767697  31.765011     1.8906   59.80678  -40.27668     4.9560         79 0.0000e+00
      86962   3623.382   2394.000   2358.010     2.0833     2.0810  31.777786  31.776062     1.8909   59.80678  -40.27670     4.9560         66 0.0000e+00
      87065   3627.659   2392.000   2356.051     2.0878     2.0874  31.780860  31.781012     1.8918   59.80678  -40.27670     4.9560         65 0.0000e+00
      87173   3632.179   2390.000   2354.092     2.0913     2.0912  31.782892  31.783304     1.8929   59.80678  -40.27669     4.9560         70 0.0000e+00
      87247   3635.237   2388.000   2352.133     2.0962     2.0965  31.786037  31.786572     1.8941   59.80678  -40.27670     4.9560         56 0.0000e+00
      87341   3639.179   2386.000   2350.174     2.1012     2.1024  31.789468  31.790768     1.8950   59.80678  -40.27669     4.9560         65 0.0000e+00
