Example_Files/SBE_Processing_Files/Processed_SBE_cast_files/upcasts/uar69-01_020.cnv
* Sea-Bird SBE 9 Data File:
* FileName = D:\data\ar69-01_020.hex
* Software Version Seasave V 7.26.7.107
* Temperature SN = 4491
* Conductivity SN = 3009
* Number of Bytes Per Scan = 44
* Number of Voltage Words = 5
* Number of Scans Averaged by the Deck Unit = 1
* NMEA Latitude = 59 52.54 N
* NMEA Longitude = 039 36.97 W
* NMEA UTC (Time) = Jul 06 2022  17:11:20
** Cruise ID: AR69-01
** Chief Sci:
** Station #: 020
** Site ID: OSNAP cal dip
# nquan = 14
# nvalues = 1318                        
# units = specified
# name 0 = scan: Scan Count
# name 1 = timeS: Time, Elapsed [seconds]
# name 2 = prDM: Pressure, Digiquartz [db]
# name 3 = depSM: Depth [salt water, m]
# name 4 = t090C: Temperature [ITS-90, deg C]
# name 5 = t190C: Temperature, 2 [ITS-90, deg C]
# name 6 = c0mS/cm: Conductivity [mS/cm]
# name 7 = c1mS/cm: Conductivity, 2 [mS/cm]
# name 8 = sbeox0V: Oxygen raw, SBE 43 [V]
# name 9 = latitude: Latitude [deg]
# name 10 = longitude: Longitude [deg]
# name 11 = v7: Voltage 7
# name 12 = nbin: number of scans per bin
# name 13 = flag: flag
# span 0 =      80764,     196164       
# span 1 =   3365.128,   8173.459       
# span 2 =      4.000,   2638.000       
# span 3 =      3.962,   2596.854       
# span 4 =     1.8298,     7.6495       
# span 5 =     1.8305,     7.6507       
# span 6 =  31.649387,  35.648609       
# span 7 =  31.650307,  35.651650       
# span 8 =     1.8437,     2.8446       
# span 9 =   59.87562,   59.87566       
# span 10 =  -39.61607,  -39.61602      
# span 11 =     4.9560,     4.9563      
# span 12 =         22,        135      
# span 13 = 0.0000e+00, 0.0000e+00      
# interval = decibars: 2                
# start_time = Jul 06 2022 17:11:20 [NMEA time, first data scan]
# bad_flag = -9.990e-29
*END*
[from data line 1239]
     189440   7893.300    160.000    158.432     4.0341     4.0249  32.551340  32.544639     2.5055   59.87566  -39.61604     4.9560         45 0.0000e+00
     189485   7895.158    158.000    156.452     4.0715     4.0599  32.588662  32.578048     2.5021   59.87566  -39.61604     4.9560         45 0.0000e+00
     189533   7897.156    156.000    154.472     4.0879     4.0760  32.603705  32.593832     2.5014   59.87566  -39.61605     4.9560         51 0.0000e+00
     189584   7899.293    154.000    152.493     4.0920     4.0900  32.606571  32.606045     2.5033   59.87566  -39.61605     4.9560         50 0.0000e+00
     189632   7901.285    152.000    150.513     4.0787     4.0824  32.591825  32.598076     2.5059   59.87566  -39.61604     4.9560         47 0.0000e+00
     189681   7903.352    150.000    148.533     4.0718     4.0736  32.583232  32.586773     2.5080   59.87566  -39.61604     4.9560         52 0.0000e+00
     189732   7905.457    148.000    146.553     4.0657     4.0673  32.575191  32.578647     2.5112   59.87566  -39.61604     4.9560         48 0.0000e+00
     189777   7907.348    146.000    144.574     4.0647     4.0645  32.572617  32.574183     2.5130   59.87566  -39.61604     4.9560         43 0.0000e+00
     189818   7909.045    144.000    142.594     4.0684     4.0646  32.574625  32.572363     2.5126   59.87566  -39.61604     4.9560         40 0.0000e+00
     189865   7910.980    142.000    140.614     4.0913     4.0801  32.595298  32.586215     2.5116   59.87566  -39.61604     4.9560         58 0.0000e+00
     189925   7913.499    140.000    138.634     4.1161     4.1052  32.618824  32.608674     2.5094   59.87566  -39.61604     4.9560         50 0.0000e+00
     189966   7915.212    138.000    136.655     4.1440     4.1332  32.645377  32.635015     2.5083   59.87566  -39.61604     4.9560         39 0.0000e+00
     190011   7917.067    136.000    134.675     4.1560     4.1450  32.655638  32.645927     2.5067   59.87566  -39.61604     4.9560         50 0.0000e+00
     190059   7919.092    134.000    132.695     4.1791     4.1650  32.676695  32.665159     2.5059   59.87566  -39.61604     4.9560         44 0.0000e+00
     190105   7920.996    132.000    130.715     4.1923     4.1874  32.689357  32.685331     2.5063   59.87566  -39.61605     4.9560         54 0.0000e+00
     190164   7923.478    130.000    128.735     4.2071     4.1947  32.702132  32.691045     2.5070   59.87566  -39.61605     4.9560         53 0.0000e+00
     190207   7925.257    128.000    126.755     4.2184     4.2121  32.711421  32.706468     2.5081   59.87565  -39.61604     4.9560         39 0.0000e+00
     190250   7927.062    126.000    124.775     4.2349     4.2255  32.725458  32.717833     2.5092   59.87564  -39.61604     4.9560         48 0.0000e+00
     190301   7929.156    124.000    122.795     4.2471     4.2344  32.735237  32.725625     2.5101   59.87564  -39.61605     4.9560         49 0.0000e+00
     190347   7931.091    122.000    120.815     4.2582     4.2514  32.745666  32.739769     2.5109   59.87564  -39.61606     4.9560         47 0.0000e+00
     190399   7933.252    120.000    118.835     4.2677     4.2616  32.752276  32.749109     2.5104   59.87564  -39.61606     4.9560         53 0.0000e+00
     190445   7935.155    118.000    116.855     4.2806     4.2734  32.764958  32.758746     2.5100   59.87564  -39.61604     4.9560         39 0.0000e+00
     190486   7936.866    116.000    114.875     4.2951     4.2902  32.777800  32.773661     2.5101   59.87564  -39.61604     4.9560         45 0.0000e+00
     190537   7938.988    114.000    112.895     4.2956     4.2951  32.777059  32.778359     2.5120   59.87564  -39.61605     4.9560         57 0.0000e+00
     190593   7941.351    112.000    110.915     4.2933     4.2931  32.773681  32.775184     2.5131   59.87564  -39.61606     4.9560         51 0.0000e+00
     190645   7943.495    110.000    108.935     4.3033     4.2967  32.781319  32.776235     2.5124   59.87564  -39.61605     4.9560         58 0.0000e+00
     190719   7946.569    108.000    106.955     4.3218     4.3098  32.798410  32.788811     2.5111   59.87564  -39.61605     4.9560         80 0.0000e+00
     190960   7956.636    106.000    104.975     4.3518     4.3499  32.826106  32.825329     2.5099   59.87566  -39.61605     4.9560        105 0.0000e+00
     191147   7964.423    104.000    102.994     4.3684     4.3632  32.840467  32.836353     2.5111   59.87566  -39.61606     4.9560         76 0.0000e+00
     191206   7966.872    102.000    101.014     4.3727     4.3708  32.843765  32.843061     2.5109   59.87566  -39.61604     4.9560         54 0.0000e+00
     191305   7970.996    100.000     99.034     4.3760     4.3737  32.845992  32.845316     2.5120   59.87566  -39.61604     4.9560         76 0.0000e+00
     191385   7974.347     98.000     97.054     4.3807     4.3772  32.849355  32.847160     2.5135   59.87566  -39.61604     4.9560         56 0.0000e+00
     191468   7977.797     96.000     95.074     4.3926     4.3922  32.859591  32.860060     2.5146   59.87566  -39.61604     4.9560        108 0.0000e+00
     191568   7981.944     94.000     93.093     4.4013     4.3951  32.866160  32.861845     2.5149   59.87566  -39.61604     4.9560         79 0.0000e+00
     191634   7984.697     92.000     91.113     4.4054     4.4035  32.869102  32.868745     2.5146   59.87566  -39.61604     4.9560         73 0.0000e+00
     191748   7989.450     90.000     89.133     4.4085     4.4067  32.870949  32.870689     2.5153   59.87566  -39.61604     4.9560         62 0.0000e+00
     191810   7992.029     88.000     87.153     4.4095     4.4093  32.870932  32.871824     2.5155   59.87566  -39.61604     4.9560         70 0.0000e+00
     191904   7995.945     86.000     85.172     4.4174     4.4135  32.876990  32.874619     2.5155   59.87566  -39.61604     4.9560         89 0.0000e+00
     191992   7999.644     84.000     83.192     4.4289     4.4255  32.887150  32.884863     2.5166   59.87566  -39.61604     4.9560         60 0.0000e+00
     192070   8002.868     82.000     81.211     4.4402     4.4416  32.896950  32.898934     2.5173   59.87566  -39.61604     4.9560         94 0.0000e+00
     192165   8006.823     80.000     79.231     4.4633     4.4580  32.916747  32.913035     2.5187   59.87566  -39.61604     4.9560         94 0.0000e+00
     192248   8010.300     78.000     77.251     4.4753     4.4677  32.926751  32.921082     2.5218   59.87566  -39.61604     4.9560         69 0.0000e+00
     192335   8013.928     76.000     75.270     4.5043     4.4902  32.953023  32.940822     2.5240   59.87566  -39.61604     4.9560        106 0.0000e+00
     192421   8017.507     74.000     73.290     4.5126     4.5086  32.959609  32.956561     2.5258   59.87566  -39.61604     4.9560         70 0.0000e+00
     192499   8020.752     72.000     71.309     4.5190     4.5173  32.963939  32.963159     2.5273   59.87566  -39.61604     4.9560         84 0.0000e+00
     192609   8025.350     70.000     69.329     4.5408     4.5314  32.981220  32.974954     2.5319   59.87566  -39.61604     4.9560         66 0.0000e+00
     192667   8027.742     68.000     67.349     4.5453     4.5426  32.984883  32.983577     2.5329   59.87566  -39.61604     4.9560         63 0.0000e+00
     192773   8032.171     66.000     65.368     4.5476     4.5467  32.985715  32.986221     2.5381   59.87566  -39.61604     4.9560         80 0.0000e+00
     192849   8035.343     64.000     63.387     4.5387     4.5394  32.973597  32.976900     2.5524   59.87566  -39.61604     4.9560         73 0.0000e+00
     192940   8039.115     62.000     61.407     4.5332     4.5320  32.962983  32.964191     2.5680   59.87566  -39.61605     4.9560         98 0.0000e+00
     193026   8042.707     60.000     59.426     4.5551     4.5483  32.980505  32.974825     2.5745   59.87566  -39.61605     4.9560         81 0.0000e+00
     193110   8046.224     58.000     57.446     4.6024     4.5912  33.024042  33.014148     2.5849   59.87566  -39.61604     4.9560         90 0.0000e+00
     193198   8049.874     56.000     55.465     4.6148     4.6119  33.030658  33.029932     2.5934   59.87566  -39.61605     4.9560         83 0.0000e+00
     193287   8053.592     54.000     53.484     4.6258     4.6239  33.038383  33.037138     2.6008   59.87566  -39.61605     4.9560         90 0.0000e+00
     193369   8056.983     52.000     51.504     4.6391     4.6362  33.045411  33.045327     2.6132   59.87566  -39.61606     4.9560         81 0.0000e+00
     193460   8060.785     50.000     49.523     4.6483     4.6395  33.044968  33.037783     2.6252   59.87566  -39.61606     4.9560         94 0.0000e+00
     193545   8064.319     48.000     47.542     4.7942     4.7558  33.170381  33.131822     2.6338   59.87566  -39.61606     4.9560         83 0.0000e+00
     193633   8068.017     46.000     45.562     4.9343     4.9000  33.289434  33.259650     2.6409   59.87566  -39.61606     4.9560         81 0.0000e+00
     193714   8071.393     44.000     43.581     5.0648     5.0448  33.393795  33.375362     2.6573   59.87566  -39.61606     4.9560         96 0.0000e+00
     193812   8075.453     42.000     41.600     5.2574     5.2393  33.549533  33.534658     2.6819   59.87566  -39.61605     4.9560         84 0.0000e+00
     193887   8078.582     40.000     39.619     5.3359     5.3058  33.617166  33.586544     2.7028   59.87566  -39.61606     4.9560         82 0.0000e+00
     193982   8082.546     38.000     37.639     5.5128     5.4877  33.771319  33.746564     2.7275   59.87566  -39.61606     4.9560         94 0.0000e+00
     194064   8085.965     36.000     35.658     5.7591     5.6837  33.996054  33.913874     2.7479   59.87565  -39.61606     4.9560         79 0.0000e+00
     194153   8089.658     34.000     33.677     5.9151     5.8440  34.138272  34.068617     2.7652   59.87565  -39.61606     4.9560         99 0.0000e+00
     194246   8093.562     32.000     31.696     6.0090     5.9850  34.219540  34.195289     2.7907   59.87565  -39.61606     4.9560         79 0.0000e+00
     194319   8096.575     30.000     29.715     6.1169     6.0494  34.307896  34.249038     2.8031   59.87565  -39.61606     4.9560         84 0.0000e+00
     194428   8101.106     28.000     27.734     6.2324     6.2247  34.408202  34.399317     2.8265   59.87565  -39.61606     4.9560         99 0.0000e+00
     194498   8104.026     26.000     25.753     6.3671     6.3123  34.522697  34.473710     2.8382   59.87564  -39.61606     4.9560         66 0.0000e+00
     194589   8107.831     24.000     23.773     6.5661     6.5073  34.702440  34.645888     2.8433   59.87564  -39.61606     4.9560        108 0.0000e+00
     194682   8111.702     22.000     21.792     6.8721     6.8614  34.974361  34.960864     2.8391   59.87564  -39.61606     4.9560         80 0.0000e+00
     194762   8115.043     20.000     19.811     7.0178     6.9404  35.102982  35.033113     2.8384   59.87564  -39.61606     4.9560         86 0.0000e+00
     194858   8119.051     18.000     17.830     7.0663     7.0411  35.142841  35.122976     2.8402   59.87564  -39.61606     4.9560         97 0.0000e+00
     194939   8122.426     16.000     15.849     7.1624     7.1155  35.228867  35.185219     2.8446   59.87564  -39.61605     4.9560         80 0.0000e+00
     195038   8126.558     14.000     13.868     7.3728     7.2657  35.408567  35.317985     2.8395   59.87564  -39.61606     4.9560         94 0.0000e+00
     195119   8129.918     12.000     11.887     7.4976     7.4646  35.516444  35.490579     2.8402   59.87564  -39.61605     4.9560         88 0.0000e+00
     195223   8134.236     10.000      9.905     7.5123     7.4724  35.529077  35.501122     2.8417   59.87564  -39.61606     4.9560         99 0.0000e+00
     195306   8137.718      8.000      7.924     7.6296     7.6096  35.634169  35.611069     2.8389   59.87564  -39.61605     4.9560         88 0.0000e+00
     195518   8146.536      6.000      5.943     7.6495     7.6507  35.648609  35.651650     2.8383   59.87564  -39.61604     4.9561        120 0.0000e+00
     196164   8173.459      4.000      3.962     7.6440     7.6370  35.644911  35.639029     2.8378   59.87564  -39.61607     4.9563         22 0.0000e+00
