Example_Files/SBE_Processing_Files/Processed_SBE_cast_files/upcasts/uar69-01_015.cnv
* Sea-Bird SBE 9 Data File:
* FileName = D:\data\ar69-01_015.hex
* Software Version Seasave V 7.26.7.107
* Temperature SN = 4491
* Conductivity SN = 3009
* Number of Bytes Per Scan = 44
* Number of Voltage Words = 5
* Number of Scans Averaged by the Deck Unit = 1
* NMEA Latitude = 59 43.02 N
* NMEA Longitude = 039 20.16 W
* NMEA UTC (Time) = Jul 02 2022  17:28:01
** Cruise ID: AR69-01
** Chief Sci:
** Station #: 015
** Site ID: Irminger FLMB (OSNAP acoustic release test)
** retesting acoustic releases
# nquan = 14
# nvalues = 505                         
# units = specified
# name 0 = scan: Scan Count
# name 1 = timeS: Time, Elapsed [seconds]
# name 2 = prDM: Pressure, Digiquartz [db]
# name 3 = depSM: Depth [salt water, m]
# name 4 = t090C: Temperature [ITS-90, deg C]
# name 5 = t190C: Temperature, 2 [ITS-90, deg C]
# name 6 = c0mS/cm: Conductivity [mS/cm]
# name 7 = c1mS/cm: Conductivity, 2 [mS/cm]
# name 8 = sbeox0V: Oxygen raw, SBE 43 [V]
# name 9 = latitude: Latitude [deg]
# name 10 = longitude: Longitude [deg]
# name 11 = v7: Voltage 7
# name 12 = nbin: number of scans per bin
# name 13 = flag: flag
# span 0 =      79655,     105388       
# span 1 =   3318.918,   4391.133       
# span 2 =      4.000,   1012.000       
# span 3 =      3.962,   1000.044       
# span 4 =     3.4231,     7.4144       
# span 5 =     3.4228,     7.4146       
# span 6 =  32.256005,  35.460998       
# span 7 =  32.257805,  35.462512       
# span 8 =     2.2337,     2.8275       
# span 9 =   59.71706,   59.71708       
# span 10 =  -39.33596,  -39.33592      
# span 11 =     4.9560,     4.9564      
# span 12 =         35,        102      
# span 13 = 0.0000e+00, 0.0000e+00      
# interval = decibars: 2                
# start_time = Jul 02 2022 17:28:01 [NMEA time, first data scan]
# bad_flag = -9.990e-29
*END*
[from data line 207]
      89477   3728.149    598.000    591.521     3.6033     3.6039  32.365002  32.366667     2.3716   59.71706  -39.33592     4.9560         49 0.0000e+00
      89524   3730.138    596.000    589.545     3.6063     3.6058  32.366861  32.367735     2.3717   59.71706  -39.33592     4.9560         44 0.0000e+00
      89566   3731.874    594.000    587.570     3.6077     3.6067  32.367393  32.367900     2.3724   59.71706  -39.33592     4.9560         43 0.0000e+00
      89615   3733.936    592.000    585.595     3.6075     3.6080  32.366433  32.368265     2.3724   59.71706  -39.33592     4.9560         52 0.0000e+00
      89661   3735.847    590.000    583.619     3.6099     3.6102  32.367774  32.369320     2.3729   59.71706  -39.33592     4.9560         43 0.0000e+00
      89709   3737.840    588.000    581.643     3.6099     3.6090  32.366872  32.367459     2.3738   59.71706  -39.33592     4.9560         50 0.0000e+00
      89755   3739.738    586.000    579.668     3.6071     3.6065  32.363064  32.363953     2.3757   59.71706  -39.33592     4.9560         44 0.0000e+00
      89810   3742.044    584.000    577.692     3.6056     3.6053  32.360502  32.361749     2.3773   59.71706  -39.33592     4.9560         59 0.0000e+00
      89855   3743.903    582.000    575.716     3.6047     3.6042  32.358651  32.359605     2.3793   59.71706  -39.33592     4.9560         35 0.0000e+00
      89897   3745.670    580.000    573.741     3.6032     3.6026  32.356188  32.357138     2.3811   59.71706  -39.33592     4.9560         59 0.0000e+00
      89957   3748.146    578.000    571.765     3.6024     3.6015  32.354391  32.354851     2.3824   59.71706  -39.33592     4.9560         45 0.0000e+00
      89995   3749.747    576.000    569.789     3.6002     3.5998  32.351206  32.352295     2.3828   59.71706  -39.33592     4.9560         42 0.0000e+00
      90046   3751.860    574.000    567.814     3.6004     3.6008  32.350527  32.352176     2.3845   59.71706  -39.33592     4.9560         53 0.0000e+00
      90094   3753.877    572.000    565.838     3.6012     3.6009  32.350118  32.351334     2.3862   59.71706  -39.33592     4.9560         48 0.0000e+00
      90144   3755.941    570.000    563.862     3.6002     3.5998  32.348126  32.349328     2.3876   59.71706  -39.33592     4.9560         46 0.0000e+00
      90183   3757.571    568.000    561.886     3.5987     3.5982  32.345597  32.346674     2.3880   59.71706  -39.33592     4.9560         38 0.0000e+00
      90235   3759.749    566.000    559.911     3.5976     3.5971  32.343718  32.344714     2.3894   59.71706  -39.33592     4.9560         65 0.0000e+00
      90288   3761.942    564.000    557.935     3.5975     3.5970  32.342401  32.343285     2.3915   59.71706  -39.33592     4.9560         39 0.0000e+00
      90327   3763.582    562.000    555.959     3.5972     3.5968  32.341250  32.342302     2.3926   59.71706  -39.33592     4.9560         43 0.0000e+00
      90376   3765.628    560.000    553.983     3.5971     3.5969  32.340358  32.341516     2.3935   59.71706  -39.33592     4.9560         53 0.0000e+00
      90428   3767.783    558.000    552.007     3.5994     3.5995  32.341695  32.342926     2.3945   59.71706  -39.33592     4.9560         49 0.0000e+00
      90475   3769.733    556.000    550.032     3.6009     3.6007  32.342260  32.343416     2.3951   59.71706  -39.33592     4.9560         48 0.0000e+00
      90527   3771.897    554.000    548.056     3.6005     3.6007  32.340901  32.342605     2.3949   59.71706  -39.33593     4.9560         52 0.0000e+00
      90571   3773.759    552.000    546.080     3.6048     3.6051  32.344132  32.345637     2.3947   59.71706  -39.33592     4.9560         39 0.0000e+00
      90614   3775.532    550.000    544.104     3.6081     3.6084  32.346465  32.348187     2.3946   59.71706  -39.33593     4.9560         48 0.0000e+00
      90667   3777.769    548.000    542.128     3.6083     3.6080  32.345924  32.346978     2.3945   59.71706  -39.33594     4.9560         53 0.0000e+00
      90714   3779.690    546.000    540.152     3.6074     3.6068  32.343915  32.344881     2.3954   59.71706  -39.33594     4.9560         42 0.0000e+00
      90756   3781.463    544.000    538.176     3.6069     3.6063  32.342614  32.343527     2.3963   59.71706  -39.33592     4.9560         45 0.0000e+00
      90803   3783.431    542.000    536.200     3.6066     3.6062  32.341373  32.342431     2.3973   59.71706  -39.33594     4.9560         48 0.0000e+00
      90854   3785.546    540.000    534.224     3.6063     3.6059  32.340264  32.341136     2.3981   59.71707  -39.33594     4.9560         55 0.0000e+00
      90908   3787.785    538.000    532.248     3.6067     3.6066  32.339456  32.340718     2.3987   59.71707  -39.33594     4.9560         49 0.0000e+00
      90954   3789.708    536.000    530.272     3.6080     3.6079  32.339806  32.341110     2.4000   59.71706  -39.33594     4.9560         44 0.0000e+00
      90999   3791.587    534.000    528.295     3.6066     3.6060  32.337441  32.338404     2.4006   59.71706  -39.33594     4.9560         47 0.0000e+00
      91050   3793.728    532.000    526.320     3.6058     3.6051  32.335609  32.336611     2.4019   59.71707  -39.33594     4.9560         52 0.0000e+00
      91097   3795.648    530.000    524.344     3.6040     3.6038  32.332816  32.334100     2.4032   59.71706  -39.33594     4.9560         43 0.0000e+00
      91140   3797.467    528.000    522.367     3.6035     3.6034  32.331359  32.332776     2.4036   59.71706  -39.33593     4.9560         44 0.0000e+00
      91185   3799.349    526.000    520.391     3.6045     3.6049  32.331336  32.333119     2.4043   59.71706  -39.33593     4.9560         46 0.0000e+00
      91234   3801.368    524.000    518.415     3.6080     3.6086  32.333764  32.335939     2.4049   59.71708  -39.33594     4.9560         53 0.0000e+00
      91289   3803.655    522.000    516.439     3.6093     3.6097  32.334301  32.335984     2.4045   59.71708  -39.33594     4.9560         50 0.0000e+00
      91331   3805.437    520.000    514.462     3.6116     3.6115  32.335546  32.336767     2.4043   59.71706  -39.33592     4.9560         41 0.0000e+00
      91381   3807.516    518.000    512.486     3.6119     3.6118  32.334977  32.336307     2.4042   59.71706  -39.33593     4.9560         56 0.0000e+00
      91429   3809.500    516.000    510.510     3.6131     3.6131  32.335185  32.336500     2.4048   59.71708  -39.33594     4.9560         42 0.0000e+00
      91475   3811.402    514.000    508.534     3.6137     3.6131  32.334831  32.335895     2.4058   59.71706  -39.33592     4.9560         50 0.0000e+00
      91524   3813.465    512.000    506.557     3.6141     3.6142  32.334240  32.335742     2.4071   59.71706  -39.33592     4.9560         45 0.0000e+00
      91567   3815.241    510.000    504.581     3.6149     3.6145  32.334129  32.335270     2.4080   59.71706  -39.33592     4.9560         46 0.0000e+00
      91621   3817.486    508.000    502.605     3.6150     3.6149  32.333383  32.334701     2.4087   59.71706  -39.33592     4.9560         54 0.0000e+00
      91668   3819.444    506.000    500.629     3.6160     3.6159  32.333271  32.334483     2.4091   59.71706  -39.33592     4.9560         43 0.0000e+00
      91711   3821.231    504.000    498.652     3.6162     3.6159  32.332514  32.333708     2.4097   59.71706  -39.33592     4.9560         45 0.0000e+00
      91759   3823.249    502.000    496.676     3.6156     3.6153  32.331081  32.332283     2.4111   59.71706  -39.33592     4.9560         51 0.0000e+00
      91808   3825.272    500.000    494.699     3.6148     3.6140  32.328831  32.329831     2.4125   59.71706  -39.33592     4.9560         44 0.0000e+00
      91852   3827.112    498.000    492.723     3.6135     3.6131  32.326842  32.328053     2.4132   59.71706  -39.33592     4.9560         48 0.0000e+00
      91902   3829.210    496.000    490.746     3.6123     3.6114  32.324976  32.325561     2.4148   59.71706  -39.33592     4.9560         51 0.0000e+00
      91952   3831.283    494.000    488.770     3.6092     3.6085  32.320564  32.321454     2.4166   59.71706  -39.33592     4.9560         50 0.0000e+00
      92002   3833.380    492.000    486.793     3.6077     3.6074  32.318225  32.319528     2.4183   59.71706  -39.33592     4.9560         48 0.0000e+00
      92047   3835.235    490.000    484.817     3.6063     3.6059  32.315873  32.316826     2.4189   59.71706  -39.33592     4.9560         43 0.0000e+00
      92092   3837.141    488.000    482.840     3.6060     3.6056  32.314454  32.315647     2.4189   59.71706  -39.33592     4.9560         49 0.0000e+00
      92144   3839.273    486.000    480.864     3.6063     3.6068  32.313975  32.315663     2.4188   59.71706  -39.33592     4.9560         50 0.0000e+00
      92188   3841.143    484.000    478.887     3.6117     3.6119  32.318181  32.319564     2.4188   59.71706  -39.33592     4.9560         41 0.0000e+00
      92230   3842.868    482.000    476.911     3.6133     3.6131  32.318867  32.320304     2.4187   59.71706  -39.33592     4.9560         46 0.0000e+00
      92285   3845.168    480.000    474.934     3.6137     3.6137  32.318628  32.320086     2.4182   59.71706  -39.33592     4.9560         57 0.0000e+00
      92334   3847.213    478.000    472.957     3.6132     3.6126  32.316998  32.317906     2.4185   59.71706  -39.33592     4.9560         44 0.0000e+00
      92378   3849.044    476.000    470.981     3.6129     3.6119  32.315844  32.316341     2.4189   59.71706  -39.33592     4.9560         47 0.0000e+00
      92433   3851.338    474.000    469.004     3.6116     3.6088  32.313626  32.312625     2.4202   59.71706  -39.33592     4.9560         55 0.0000e+00
      92477   3853.165    472.000    467.027     3.5982     3.5959  32.298939  32.299261     2.4221   59.71706  -39.33592     4.9560         39 0.0000e+00
      92521   3854.991    470.000    465.051     3.5905     3.5899  32.289753  32.291632     2.4238   59.71706  -39.33592     4.9560         49 0.0000e+00
      92570   3857.037    468.000    463.074     3.5829     3.5811  32.281428  32.282062     2.4259   59.71707  -39.33592     4.9560         47 0.0000e+00
      92616   3858.939    466.000    461.097     3.5750     3.5738  32.272148  32.273368     2.4273   59.71708  -39.33592     4.9560         47 0.0000e+00
      92667   3861.079    464.000    459.121     3.5694     3.5665  32.265807  32.265135     2.4284   59.71708  -39.33592     4.9560         55 0.0000e+00
      92716   3863.121    462.000    457.144     3.5616     3.5617  32.257251  32.258950     2.4305   59.71706  -39.33592     4.9560         41 0.0000e+00
      92756   3864.798    460.000    455.167     3.5618     3.5620  32.256005  32.257805     2.4319   59.71708  -39.33592     4.9560         44 0.0000e+00
      92810   3867.060    458.000    453.190     3.5636     3.5632  32.257111  32.258037     2.4314   59.71708  -39.33592     4.9560         58 0.0000e+00
      92860   3869.112    456.000    451.213     3.5734     3.5782  32.265432  32.270784     2.4288   59.71708  -39.33592     4.9560         43 0.0000e+00
      92903   3870.915    454.000    449.237     3.5867     3.5881  32.277743  32.280204     2.4273   59.71708  -39.33592     4.9560         46 0.0000e+00
      92952   3872.943    452.000    447.260     3.5927     3.5923  32.282925  32.284052     2.4255   59.71708  -39.33592     4.9560         51 0.0000e+00
      93003   3875.071    450.000    445.283     3.5963     3.5999  32.286178  32.290707     2.4221   59.71708  -39.33594     4.9560         51 0.0000e+00
      93051   3877.071    448.000    443.306     3.6157     3.6141  32.304622  32.303361     2.4200   59.71708  -39.33593     4.9560         43 0.0000e+00
      93094   3878.854    446.000    441.329     3.6206     3.6225  32.308619  32.311282     2.4195   59.71706  -39.33592     4.9560         45 0.0000e+00
      93141   3880.829    444.000    439.352     3.6246     3.6228  32.311500  32.310858     2.4196   59.71708  -39.33594     4.9560         47 0.0000e+00
      93187   3882.735    442.000    437.375     3.6251     3.6237  32.311096  32.311411     2.4204   59.71708  -39.33594     4.9560         47 0.0000e+00
      93236   3884.780    440.000    435.398     3.6212     3.6198  32.306325  32.306501     2.4208   59.71708  -39.33594     4.9560         50 0.0000e+00
      93286   3886.866    438.000    433.421     3.6180     3.6172  32.302000  32.302915     2.4228   59.71706  -39.33594     4.9560         50 0.0000e+00
      93337   3888.990    436.000    431.444     3.6163     3.6160  32.299254  32.300711     2.4243   59.71706  -39.33594     4.9560         53 0.0000e+00
      93385   3890.984    434.000    429.467     3.6156     3.6152  32.297507  32.298699     2.4256   59.71708  -39.33594     4.9560         41 0.0000e+00
      93428   3892.806    432.000    427.490     3.6155     3.6152  32.296688  32.297933     2.4256   59.71707  -39.33594     4.9560         50 0.0000e+00
      93479   3894.925    430.000    425.513     3.6212     3.6187  32.301044  32.299742     2.4232   59.71706  -39.33594     4.9560         47 0.0000e+00
      93523   3896.770    428.000    423.536     3.6382     3.6408  32.317060  32.320408     2.4214   59.71706  -39.33594     4.9560         44 0.0000e+00
      93568   3898.614    426.000    421.559     3.6441     3.6441  32.322240  32.323018     2.4208   59.71706  -39.33594     4.9560         46 0.0000e+00
      93618   3900.692    424.000    419.582     3.6427     3.6458  32.320236  32.323842     2.4176   59.71706  -39.33594     4.9560         53 0.0000e+00
      93668   3902.801    422.000    417.604     3.6578     3.6618  32.334305  32.338637     2.4149   59.71707  -39.33594     4.9560         47 0.0000e+00
      93714   3904.711    420.000    415.627     3.6671     3.6671  32.342517  32.343881     2.4152   59.71706  -39.33594     4.9560         47 0.0000e+00
      93762   3906.720    418.000    413.650     3.6675     3.6678  32.342322  32.344000     2.4165   59.71706  -39.33594     4.9560         47 0.0000e+00
      93808   3908.631    416.000    411.673     3.6642     3.6634  32.337919  32.338696     2.4183   59.71708  -39.33594     4.9560         46 0.0000e+00
      93861   3910.826    414.000    409.696     3.6636     3.6617  32.335995  32.336099     2.4212   59.71707  -39.33594     4.9560         58 0.0000e+00
      93912   3912.939    412.000    407.719     3.6580     3.6583  32.329213  32.330691     2.4246   59.71707  -39.33593     4.9560         42 0.0000e+00
      93952   3914.605    410.000    405.741     3.6559     3.6552  32.326118  32.327016     2.4261   59.71708  -39.33592     4.9560         42 0.0000e+00
      93999   3916.589    408.000    403.764     3.6550     3.6544  32.324322  32.325242     2.4262   59.71708  -39.33593     4.9560         51 0.0000e+00
      94049   3918.650    406.000    401.787     3.6593     3.6574  32.327418  32.326627     2.4240   59.71708  -39.33594     4.9560         48 0.0000e+00
      94096   3920.617    404.000    399.809     3.6725     3.6728  32.340187  32.340706     2.4223   59.71708  -39.33592     4.9560         48 0.0000e+00
      94146   3922.689    402.000    397.832     3.6761     3.6751  32.342628  32.342274     2.4220   59.71708  -39.33592     4.9560         48 0.0000e+00
      94193   3924.653    400.000    395.855     3.6750     3.6742  32.340506  32.341218     2.4230   59.71708  -39.33592     4.9560         50 0.0000e+00
      94244   3926.806    398.000    393.877     3.6745     3.6742  32.338727  32.339990     2.4261   59.71708  -39.33592     4.9560         49 0.0000e+00
      94287   3928.569    396.000    391.900     3.6720     3.6711  32.334961  32.336460     2.4289   59.71708  -39.33592     4.9560         39 0.0000e+00
