Example_Files/SBE_Processing_Files/Processed_SBE_cast_files/upcasts/uar69-01_021.cnv
* Sea-Bird SBE 9 Data File:
* FileName = D:\data\ar69-01_021.hex
* Software Version Seasave V 7.26.7.107
* Temperature SN = 4491
* Conductivity SN = 3009
* Number of Bytes Per Scan = 44
* Number of Voltage Words = 5
* Number of Scans Averaged by the Deck Unit = 1
* NMEA Latitude = 59 47.95 N
* NMEA Longitude = 039 48.39 W
* NMEA UTC (Time) = Jul 08 2022  18:44:49
** Cruise ID: AR69-01
** Chief Sci:
** Station #: 021
** Site ID: OSNAP cal dip
# nquan = 14
# nvalues = 1319                        
# units = specified
# name 0 = scan: Scan Count
# name 1 = timeS: Time, Elapsed [seconds]
# name 2 = prDM: Pressure, Digiquartz [db]
# name 3 = depSM: Depth [salt water, m]
# name 4 = t090C: Temperature [ITS-90, deg C]
# name 5 = t190C: Temperature, 2 [ITS-90, deg C]
# name 6 = c0mS/cm: Conductivity [mS/cm]
# name 7 = c1mS/cm: Conductivity, 2 [mS/cm]
# name 8 = sbeox0V: Oxygen raw, SBE 43 [V]
# name 9 = latitude: Latitude [deg]
# name 10 = longitude: Longitude [deg]
# name 11 = v7: Voltage 7
# name 12 = nbin: number of scans per bin
# name 13 = flag: flag
# span 0 =      68087,     228698       
# span 1 =   2836.912,   9529.043       
# span 2 =      2.000,   2638.000       
# span 3 =      1.981,   2596.869       
# span 4 =     1.6506,     7.5981       
# span 5 =     1.6450,     7.5968       
# span 6 =  31.491567,  35.620047       
# span 7 =  31.486522,  35.620912       
# span 8 =     1.8477,     2.8427       
# span 9 =   59.80361,   59.81919       
# span 10 =  -39.81582,  -39.80894      
# span 11 =     4.9560,     4.9567      
# span 12 =         16,        108      
# span 13 = 0.0000e+00, 0.0000e+00      
# interval = decibars: 2                
# start_time = Jul 08 2022 18:44:49 [NMEA time, first data scan]
# bad_flag = -9.990e-29
*END*
[from data line 104]
      95259   3969.094   2430.000   2393.268     2.6207     2.6216  32.291259  32.292113     1.8486   59.80628  -39.81025     4.9560         51 0.0000e+00
     103872   4327.955   2428.000   2391.309     2.6276     2.6280  32.296821  32.296915     1.8504   59.80719  -39.81069     4.9560         25 0.0000e+00
     104027   4334.401   2426.000   2389.351     2.6295     2.6301  32.297825  32.298463     1.8509   59.80721  -39.81070     4.9560         50 0.0000e+00
     104118   4338.211   2424.000   2387.392     2.6323     2.6323  32.299531  32.299226     1.8518   59.80722  -39.81070     4.9560         34 0.0000e+00
     104146   4339.383   2422.000   2385.433     2.6386     2.6386  32.304643  32.304456     1.8521   59.80722  -39.81070     4.9560         30 0.0000e+00
     104181   4340.850   2420.000   2383.474     2.6392     2.6409  32.304395  32.306089     1.8523   59.80722  -39.81070     4.9560         42 0.0000e+00
     104228   4342.778   2418.000   2381.516     2.6423     2.6438  32.306705  32.307731     1.8529   59.80723  -39.81071     4.9560         48 0.0000e+00
     104274   4344.702   2416.000   2379.557     2.6476     2.6503  32.310732  32.312805     1.8527   59.80724  -39.81072     4.9560         46 0.0000e+00
     104326   4346.868   2414.000   2377.598     2.6517     2.6531  32.313665  32.315166     1.8531   59.80724  -39.81072     4.9560         60 0.0000e+00
     104388   4349.476   2412.000   2375.639     2.6547     2.6593  32.315882  32.319658     1.8531   59.80724  -39.81072     4.9560         57 0.0000e+00
     104433   4351.344   2410.000   2373.681     2.6687     2.6703  32.328342  32.329773     1.8531   59.80724  -39.81072     4.9560         35 0.0000e+00
     104466   4352.688   2408.000   2371.722     2.6717     2.6723  32.330503  32.331124     1.8531   59.80726  -39.81072     4.9560         32 0.0000e+00
     104501   4354.187   2406.000   2369.763     2.6717     2.6738  32.329783  32.331535     1.8532   59.80726  -39.81074     4.9560         44 0.0000e+00
     104569   4356.984   2404.000   2367.804     2.6752     2.6755  32.331930  32.332287     1.8536   59.80726  -39.81074     4.9560         78 0.0000e+00
     104627   4359.432   2402.000   2365.845     2.6792     2.6810  32.334667  32.336174     1.8535   59.80726  -39.81074     4.9560         45 0.0000e+00
     104668   4361.120   2400.000   2363.886     2.6838     2.6848  32.338452  32.339134     1.8538   59.80728  -39.81074     4.9560         37 0.0000e+00
     104703   4362.575   2398.000   2361.928     2.6855     2.6866  32.339244  32.340120     1.8533   59.80728  -39.81074     4.9560         33 0.0000e+00
     104738   4364.040   2396.000   2359.969     2.6878     2.6881  32.340697  32.341011     1.8535   59.80730  -39.81074     4.9560         40 0.0000e+00
     104807   4366.902   2394.000   2358.010     2.6905     2.6914  32.342926  32.343633     1.8541   59.80728  -39.81074     4.9560         67 0.0000e+00
     104859   4369.072   2392.000   2356.051     2.6974     2.6985  32.348675  32.349351     1.8541   59.80730  -39.81076     4.9560         31 0.0000e+00
     104890   4370.355   2390.000   2354.092     2.7011     2.7013  32.351398  32.351760     1.8541   59.80730  -39.81076     4.9560         34 0.0000e+00
     104936   4372.295   2388.000   2352.133     2.7019     2.7020  32.351342  32.351620     1.8544   59.80730  -39.81074     4.9560         58 0.0000e+00
     104986   4374.373   2386.000   2350.174     2.7040     2.7054  32.352045  32.353271     1.8543   59.80731  -39.81076     4.9560         38 0.0000e+00
     105023   4375.910   2384.000   2348.215     2.7082     2.7086  32.355042  32.355420     1.8545   59.80732  -39.81076     4.9560         41 0.0000e+00
     105099   4379.078   2382.000   2346.256     2.7095     2.7095  32.355295  32.355444     1.8561   59.80732  -39.81076     4.9560         62 0.0000e+00
     105152   4381.291   2380.000   2344.296     2.7130     2.7135  32.357493  32.357797     1.8564   59.80733  -39.81078     4.9560         29 0.0000e+00
     105177   4382.345   2378.000   2342.337     2.7159     2.7174  32.359517  32.360804     1.8561   59.80734  -39.81078     4.9560         25 0.0000e+00
     105204   4383.444   2376.000   2340.378     2.7184     2.7190  32.361184  32.361551     1.8560   59.80734  -39.81078     4.9560         29 0.0000e+00
     105260   4385.780   2374.000   2338.419     2.7197     2.7194  32.361811  32.361657     1.8562   59.80734  -39.81078     4.9560         61 0.0000e+00
     105346   4389.373   2372.000   2336.460     2.7215     2.7214  32.362613  32.362355     1.8573   59.80736  -39.81078     4.9560         38 0.0000e+00
     105377   4390.649   2370.000   2334.501     2.7248     2.7255  32.364590  32.364985     1.8576   59.80736  -39.81078     4.9560         30 0.0000e+00
     105406   4391.858   2368.000   2332.542     2.7288     2.7297  32.367403  32.368144     1.8577   59.80736  -39.81080     4.9560         28 0.0000e+00
     105435   4393.080   2366.000   2330.583     2.7349     2.7336  32.372251  32.370700     1.8574   59.80738  -39.81080     4.9560         31 0.0000e+00
     105497   4395.665   2364.000   2328.624     2.7380     2.7367  32.374472  32.373342     1.8582   59.80738  -39.81080     4.9560         49 0.0000e+00
     105586   4399.375   2362.000   2326.664     2.7428     2.7418  32.377581  32.376467     1.8600   59.80738  -39.81081     4.9560         26 0.0000e+00
     105608   4400.283   2360.000   2324.705     2.7443     2.7452  32.378058  32.378690     1.8598   59.80739  -39.81082     4.9560         23 0.0000e+00
     105633   4401.353   2358.000   2322.745     2.7475     2.7468  32.380075  32.379638     1.8593   59.80740  -39.81081     4.9560         29 0.0000e+00
     105671   4402.924   2356.000   2320.786     2.7516     2.7509  32.383664  32.382853     1.8595   59.80740  -39.81080     4.9560         53 0.0000e+00
     105764   4406.800   2354.000   2318.827     2.7577     2.7545  32.388467  32.385242     1.8600   59.80740  -39.81082     4.9560         51 0.0000e+00
     105800   4408.271   2352.000   2316.868     2.7735     2.7735  32.403362  32.402682     1.8597   59.80741  -39.81082     4.9560         27 0.0000e+00
     105827   4409.428   2350.000   2314.908     2.7765     2.7761  32.405564  32.405258     1.8598   59.80742  -39.81082     4.9560         30 0.0000e+00
     105871   4411.254   2348.000   2312.949     2.7770     2.7769  32.404978  32.405214     1.8600   59.80742  -39.81083     4.9560         63 0.0000e+00
     105934   4413.862   2346.000   2310.990     2.7790     2.7789  32.405812  32.405717     1.8598   59.80742  -39.81084     4.9560         48 0.0000e+00
     105977   4415.665   2344.000   2309.030     2.7930     2.7927  32.418453  32.418211     1.8594   59.80744  -39.81082     4.9560         46 0.0000e+00
     106027   4417.770   2342.000   2307.071     2.7946     2.7933  32.419187  32.417754     1.8592   59.80744  -39.81083     4.9560         52 0.0000e+00
     106073   4419.665   2340.000   2305.112     2.8012     2.8017  32.424706  32.424452     1.8588   59.80744  -39.81084     4.9560         40 0.0000e+00
     106114   4421.380   2338.000   2303.152     2.8050     2.8049  32.427583  32.427312     1.8589   59.80746  -39.81084     4.9560         43 0.0000e+00
     106160   4423.279   2336.000   2301.193     2.8060     2.8053  32.427484  32.427011     1.8589   59.80746  -39.81084     4.9560         47 0.0000e+00
     106209   4425.330   2334.000   2299.233     2.8076     2.8083  32.428326  32.428987     1.8593   59.80746  -39.81085     4.9560         53 0.0000e+00
     106262   4427.552   2332.000   2297.274     2.8093     2.8106  32.428682  32.429962     1.8601   59.80746  -39.81084     4.9560         50 0.0000e+00
     106307   4429.428   2330.000   2295.314     2.8109     2.8113  32.429245  32.429718     1.8608   59.80747  -39.81085     4.9560         41 0.0000e+00
     106348   4431.117   2328.000   2293.355     2.8096     2.8096  32.426989  32.427047     1.8610   59.80748  -39.81086     4.9560         40 0.0000e+00
     106386   4432.729   2326.000   2291.395     2.8083     2.8085  32.424448  32.424874     1.8617   59.80748  -39.81086     4.9560         40 0.0000e+00
     106454   4435.522   2324.000   2289.435     2.8065     2.8066  32.421609  32.421902     1.8635   59.80748  -39.81085     4.9560         63 0.0000e+00
     106512   4437.949   2322.000   2287.476     2.8108     2.8115  32.424424  32.424766     1.8645   59.80750  -39.81086     4.9560         29 0.0000e+00
     106537   4439.005   2320.000   2285.516     2.8131     2.8135  32.425674  32.425990     1.8648   59.80750  -39.81086     4.9560         26 0.0000e+00
     106579   4440.762   2318.000   2283.556     2.8179     2.8174  32.429599  32.429086     1.8654   59.80751  -39.81086     4.9560         51 0.0000e+00
     106660   4444.124   2316.000   2281.597     2.8198     2.8194  32.430521  32.430044     1.8661   59.80750  -39.81086     4.9560         37 0.0000e+00
     106686   4445.211   2314.000   2279.637     2.8231     2.8235  32.432708  32.432921     1.8663   59.80752  -39.81086     4.9560         27 0.0000e+00
     106714   4446.391   2312.000   2277.677     2.8227     2.8225  32.430924  32.430990     1.8665   59.80752  -39.81086     4.9560         32 0.0000e+00
     106778   4449.022   2310.000   2275.718     2.8241     2.8231  32.431207  32.430539     1.8675   59.80752  -39.81087     4.9560         63 0.0000e+00
     106840   4451.613   2308.000   2273.758     2.8284     2.8284  32.434414  32.433776     1.8684   59.80753  -39.81086     4.9560         32 0.0000e+00
     106870   4452.873   2306.000   2271.798     2.8342     2.8357  32.439105  32.440272     1.8685   59.80754  -39.81086     4.9560         31 0.0000e+00
     106903   4454.252   2304.000   2269.839     2.8369     2.8363  32.440697  32.440055     1.8682   59.80754  -39.81088     4.9560         36 0.0000e+00
     106966   4456.874   2302.000   2267.879     2.8389     2.8374  32.441666  32.440407     1.8690   59.80755  -39.81087     4.9560         61 0.0000e+00
     107044   4460.133   2300.000   2265.919     2.8431     2.8436  32.444521  32.444619     1.8694   59.80756  -39.81088     4.9560         26 0.0000e+00
     107066   4461.022   2298.000   2263.959     2.8504     2.8509  32.450973  32.450767     1.8688   59.80756  -39.81086     4.9560         22 0.0000e+00
     107089   4461.986   2296.000   2262.000     2.8535     2.8546  32.453084  32.453934     1.8687   59.80756  -39.81086     4.9560         26 0.0000e+00
     107152   4464.632   2294.000   2260.040     2.8553     2.8561  32.454290  32.455027     1.8695   59.80757  -39.81086     4.9560         53 0.0000e+00
     107226   4467.707   2292.000   2258.080     2.8583     2.8580  32.456100  32.455776     1.8701   59.80758  -39.81086     4.9560         30 0.0000e+00
     107252   4468.796   2290.000   2256.120     2.8588     2.8591  32.455587  32.455897     1.8704   59.80758  -39.81086     4.9560         26 0.0000e+00
     107279   4469.912   2288.000   2254.160     2.8600     2.8606  32.456041  32.456599     1.8706   59.80758  -39.81088     4.9560         28 0.0000e+00
     107334   4472.194   2286.000   2252.200     2.8618     2.8613  32.456936  32.456561     1.8705   59.80760  -39.81088     4.9560         59 0.0000e+00
     107417   4475.662   2284.000   2250.240     2.8668     2.8658  32.460827  32.459455     1.8707   59.80760  -39.81088     4.9560         38 0.0000e+00
     107448   4476.947   2282.000   2248.280     2.8729     2.8728  32.466126  32.465865     1.8707   59.80760  -39.81088     4.9560         30 0.0000e+00
     107477   4478.179   2280.000   2246.320     2.8736     2.8737  32.466091  32.466091     1.8707   59.80761  -39.81088     4.9560         30 0.0000e+00
     107513   4479.655   2278.000   2244.360     2.8738     2.8742  32.465546  32.465976     1.8707   59.80762  -39.81088     4.9560         48 0.0000e+00
     107601   4483.346   2276.000   2242.400     2.8750     2.8748  32.465750  32.465515     1.8717   59.80762  -39.81089     4.9560         50 0.0000e+00
     107638   4484.895   2274.000   2240.440     2.8703     2.8703  32.459381  32.459983     1.8723   59.80762  -39.81088     4.9560         34 0.0000e+00
     107674   4486.359   2272.000   2238.480     2.8675     2.8695  32.455570  32.457951     1.8729   59.80762  -39.81091     4.9560         37 0.0000e+00
     107710   4487.893   2270.000   2236.520     2.8640     2.8656  32.450744  32.452816     1.8740   59.80764  -39.81092     4.9560         36 0.0000e+00
     107751   4489.566   2268.000   2234.560     2.8632     2.8636  32.448777  32.449439     1.8750   59.80764  -39.81092     4.9560         51 0.0000e+00
     107838   4493.211   2266.000   2232.600     2.8625     2.8628  32.446600  32.447346     1.8773   59.80764  -39.81093     4.9560         56 0.0000e+00
     107877   4494.830   2264.000   2230.640     2.8635     2.8640  32.446498  32.446986     1.8780   59.80764  -39.81094     4.9560         28 0.0000e+00
     107904   4495.975   2262.000   2228.680     2.8646     2.8653  32.446695  32.447378     1.8780   59.80766  -39.81094     4.9560         29 0.0000e+00
     107949   4497.848   2260.000   2226.720     2.8668     2.8660  32.448321  32.447534     1.8788   59.80766  -39.81094     4.9560         56 0.0000e+00
     108030   4501.215   2258.000   2224.759     2.8693     2.8686  32.449768  32.449054     1.8800   59.80766  -39.81096     4.9560         41 0.0000e+00
     108060   4502.478   2256.000   2222.799     2.8701     2.8710  32.449576  32.450255     1.8806   59.80767  -39.81096     4.9560         32 0.0000e+00
     108098   4504.048   2254.000   2220.839     2.8715     2.8711  32.449842  32.449833     1.8808   59.80768  -39.81097     4.9560         47 0.0000e+00
     108149   4506.162   2252.000   2218.879     2.8721     2.8720  32.449514  32.449587     1.8809   59.80768  -39.81098     4.9560         48 0.0000e+00
     108192   4507.958   2250.000   2216.918     2.8774     2.8773  32.453549  32.453435     1.8813   59.80769  -39.81098     4.9560         42 0.0000e+00
     108241   4510.005   2248.000   2214.958     2.8782     2.8784  32.453852  32.454205     1.8817   59.80770  -39.81098     4.9560         55 0.0000e+00
     108296   4512.292   2246.000   2212.998     2.8846     2.8826  32.459206  32.457033     1.8817   59.80770  -39.81098     4.9560         52 0.0000e+00
     108344   4514.277   2244.000   2211.038     2.8962     2.8944  32.470355  32.467789     1.8814   59.80770  -39.81098     4.9560         43 0.0000e+00
     108385   4515.988   2242.000   2209.077     2.9018     2.9018  32.474681  32.474874     1.8807   59.80771  -39.81099     4.9560         40 0.0000e+00
     108428   4517.808   2240.000   2207.117     2.9065     2.9048  32.478972  32.477455     1.8807   59.80772  -39.81099     4.9560         50 0.0000e+00
     108484   4520.122   2238.000   2205.157     2.9094     2.9076  32.481015  32.479487     1.8807   59.80772  -39.81098     4.9560         58 0.0000e+00
     108537   4522.352   2236.000   2203.196     2.9144     2.9138  32.485169  32.484453     1.8804   59.80772  -39.81098     4.9560         48 0.0000e+00
     108582   4524.198   2234.000   2201.236     2.9171     2.9172  32.486882  32.486874     1.8805   59.80773  -39.81098     4.9560         41 0.0000e+00
     108620   4525.796   2232.000   2199.276     2.9198     2.9198  32.488339  32.488369     1.8796   59.80774  -39.81098     4.9560         39 0.0000e+00
     108699   4529.070   2230.000   2197.315     2.9230     2.9221  32.490710  32.489986     1.8798   59.80774  -39.81098     4.9560         78 0.0000e+00
     109143   4547.587   2228.000   2195.355     2.9276     2.9278  32.493989  32.494131     1.8788   59.80779  -39.81095     4.9560         97 0.0000e+00
