Example_Files/SBE_Processing_Files/Processed_SBE_cast_files/upcasts/uar69-01_011.cnv
* Sea-Bird SBE 9 Data File:
* FileName = D:\data\ar69-01_011.hex
* Software Version Seasave V 7.26.7.107
* Temperature SN = 4491
* Conductivity SN = 3009
* Number of Bytes Per Scan = 44
* Number of Voltage Words = 5
* Number of Scans Averaged by the Deck Unit = 1
* NMEA Latitude = 59 50.97 N
* NMEA Longitude = 040 41.43 W
* NMEA UTC (Time) = Jun 29 2022  18:39:20
** Cruise ID: AR69-01
** Chief Sci:
** Station #: 011
** Site ID: M2
# nquan = 14
# nvalues = 1242                        
# units = specified
# name 0 = scan: Scan Count
# name 1 = timeS: Time, Elapsed [seconds]
# name 2 = prDM: Pressure, Digiquartz [db]
# name 3 = depSM: Depth [salt water, m]
# name 4 = t090C: Temperature [ITS-90, deg C]
# name 5 = t190C: Temperature, 2 [ITS-90, deg C]
# name 6 = c0mS/cm: Conductivity [mS/cm]
# name 7 = c1mS/cm: Conductivity, 2 [mS/cm]
# name 8 = sbeox0V: Oxygen raw, SBE 43 [V]
# name 9 = latitude: Latitude [deg]
# name 10 = longitude: Longitude [deg]
# name 11 = v7: Voltage 7
# name 12 = nbin: number of scans per bin
# name 13 = flag: flag
# span 0 =      68192,     155969       
# span 1 =   2841.279,   6498.646       
# span 2 =      4.000,   2486.000       
# span 3 =      3.962,   2448.095       
# span 4 =     1.8978,     7.0782       
# span 5 =     1.8978,     7.0775       
# span 6 =  31.646807,  35.253772       
# span 7 =  31.647221,  35.255469       
# span 8 =     1.8768,     2.8261       
# span 9 =   59.84089,   59.84692       
# span 10 =  -40.69738,  -40.69258      
# span 11 =     4.9560,     4.9570      
# span 12 =         21,        123      
# span 13 = 0.0000e+00, 0.0000e+00      
# interval = decibars: 2                
# start_time = Jun 29 2022 18:39:20 [NMEA time, first data scan]
# bad_flag = -9.990e-29
*END*
[from data line 207]
      81914   3413.026   2072.000   2042.379     2.8062     2.8118  32.304797  32.308990     1.9343   59.84612  -40.69336     4.9560         53 0.0000e+00
      81959   3414.916   2070.000   2040.417     2.8152     2.8164  32.312642  32.312824     1.9343   59.84612  -40.69337     4.9560         40 0.0000e+00
      82002   3416.726   2068.000   2038.455     2.8226     2.8245  32.318779  32.320015     1.9339   59.84612  -40.69337     4.9560         53 0.0000e+00
      82064   3419.278   2066.000   2036.494     2.8351     2.8379  32.330597  32.332176     1.9320   59.84612  -40.69336     4.9560         54 0.0000e+00
      82101   3420.823   2064.000   2034.532     2.8494     2.8495  32.344000  32.343253     1.9306   59.84612  -40.69338     4.9560         30 0.0000e+00
      82133   3422.161   2062.000   2032.570     2.8558     2.8544  32.349326  32.347523     1.9302   59.84612  -40.69338     4.9560         38 0.0000e+00
      82188   3424.470   2060.000   2030.608     2.8592     2.8615  32.351570  32.354050     1.9293   59.84611  -40.69338     4.9560         66 0.0000e+00
      82243   3426.757   2058.000   2028.646     2.8653     2.8671  32.357118  32.358830     1.9288   59.84610  -40.69338     4.9560         53 0.0000e+00
      82304   3429.272   2056.000   2026.684     2.8698     2.8703  32.360906  32.361311     1.9285   59.84610  -40.69338     4.9560         52 0.0000e+00
      82340   3430.809   2054.000   2024.722     2.8770     2.8783  32.367339  32.367830     1.9279   59.84610  -40.69339     4.9560         30 0.0000e+00
      82371   3432.063   2052.000   2022.760     2.8862     2.8870  32.375105  32.375051     1.9275   59.84610  -40.69340     4.9560         33 0.0000e+00
      82432   3434.636   2050.000   2020.798     2.8901     2.8892  32.377065  32.376610     1.9274   59.84610  -40.69340     4.9560         68 0.0000e+00
      82498   3437.375   2048.000   2018.836     2.8855     2.8837  32.369832  32.369440     1.9291   59.84610  -40.69340     4.9560         35 0.0000e+00
      82529   3438.647   2046.000   2016.874     2.8799     2.8800  32.362600  32.363515     1.9301   59.84608  -40.69340     4.9560         30 0.0000e+00
      82559   3439.928   2044.000   2014.912     2.8791     2.8796  32.360897  32.362008     1.9307   59.84608  -40.69341     4.9560         33 0.0000e+00
      82604   3441.782   2042.000   2012.949     2.8792     2.8796  32.360074  32.360969     1.9320   59.84608  -40.69342     4.9560         64 0.0000e+00
      82692   3445.469   2040.000   2010.987     2.8800     2.8803  32.359734  32.360359     1.9346   59.84608  -40.69340     4.9560         75 0.0000e+00
      82730   3447.056   2038.000   2009.025     2.8811     2.8815  32.359894  32.360458     1.9351   59.84608  -40.69341     4.9560         28 0.0000e+00
      82757   3448.150   2036.000   2007.063     2.8822     2.8823  32.359966  32.360439     1.9351   59.84608  -40.69342     4.9560         26 0.0000e+00
      82786   3449.370   2034.000   2005.101     2.8825     2.8831  32.359490  32.360342     1.9351   59.84607  -40.69343     4.9560         36 0.0000e+00
      82884   3453.456   2032.000   2003.138     2.8833     2.8840  32.359487  32.360560     1.9353   59.84606  -40.69343     4.9560         52 0.0000e+00
      82938   3455.720   2030.000   2001.177     2.8858     2.8862  32.361178  32.361875     1.9350   59.84605  -40.69343     4.9560         43 0.0000e+00
      83703   3487.584   2028.000   1999.214     2.8942     2.8946  32.368521  32.369129     1.9347   59.84598  -40.69347     4.9560         88 0.0000e+00
      85435   3559.734   2026.000   1997.252     2.8944     2.8948  32.367877  32.368576     1.9374   59.84585  -40.69357     4.9560         58 0.0000e+00
      85364   3556.812   2024.000   1995.290     2.8980     2.8992  32.370679  32.371527     1.9373   59.84586  -40.69356     4.9560         33 0.0000e+00
      85396   3558.142   2022.000   1993.327     2.9022     2.9021  32.373732  32.373580     1.9373   59.84586  -40.69356     4.9560         33 0.0000e+00
      85442   3560.056   2020.000   1991.365     2.9032     2.9036  32.373878  32.374610     1.9375   59.84585  -40.69357     4.9560         66 0.0000e+00
      85509   3562.843   2018.000   1989.403     2.9044     2.9045  32.373906  32.374456     1.9377   59.84584  -40.69356     4.9560         51 0.0000e+00
      85551   3564.595   2016.000   1987.441     2.9056     2.9057  32.373573  32.374105     1.9384   59.84584  -40.69356     4.9560         43 0.0000e+00
      85600   3566.642   2014.000   1985.478     2.9066     2.9069  32.373538  32.374156     1.9391   59.84584  -40.69356     4.9560         53 0.0000e+00
      85646   3568.551   2012.000   1983.516     2.9091     2.9093  32.374783  32.375124     1.9392   59.84584  -40.69358     4.9560         36 0.0000e+00
      85679   3569.904   2010.000   1981.553     2.9116     2.9120  32.376152  32.376661     1.9394   59.84584  -40.69358     4.9560         34 0.0000e+00
      85750   3572.871   2008.000   1979.591     2.9127     2.9125  32.376245  32.376515     1.9402   59.84584  -40.69357     4.9560         54 0.0000e+00
      85800   3574.950   2006.000   1977.629     2.9126     2.9126  32.374785  32.375484     1.9408   59.84582  -40.69358     4.9560         28 0.0000e+00
      85829   3576.159   2004.000   1975.666     2.9125     2.9126  32.373855  32.374294     1.9415   59.84582  -40.69358     4.9560         33 0.0000e+00
      85872   3577.942   2002.000   1973.703     2.9115     2.9110  32.371492  32.371490     1.9428   59.84582  -40.69358     4.9560         51 0.0000e+00
      85919   3579.915   2000.000   1971.741     2.9093     2.9101  32.367746  32.369177     1.9443   59.84582  -40.69360     4.9560         43 0.0000e+00
      85978   3582.361   1998.000   1969.779     2.9121     2.9137  32.369354  32.371000     1.9461   59.84582  -40.69358     4.9560         75 0.0000e+00
      86038   3584.895   1996.000   1967.816     2.9182     2.9171  32.373848  32.372746     1.9477   59.84582  -40.69358     4.9560         39 0.0000e+00
      86071   3586.260   1994.000   1965.853     2.9214     2.9214  32.375299  32.375263     1.9481   59.84581  -40.69359     4.9560         32 0.0000e+00
      86105   3587.674   1992.000   1963.891     2.9227     2.9228  32.375256  32.375688     1.9486   59.84580  -40.69360     4.9560         38 0.0000e+00
      86159   3589.906   1990.000   1961.928     2.9236     2.9240  32.375260  32.375964     1.9495   59.84580  -40.69360     4.9560         70 0.0000e+00
      86220   3592.441   1988.000   1959.966     2.9243     2.9242  32.374839  32.375233     1.9502   59.84580  -40.69359     4.9560         45 0.0000e+00
      86260   3594.122   1986.000   1958.003     2.9243     2.9244  32.374062  32.374608     1.9503   59.84580  -40.69360     4.9560         40 0.0000e+00
      86304   3595.975   1984.000   1956.041     2.9245     2.9249  32.373553  32.374234     1.9508   59.84578  -40.69362     4.9560         49 0.0000e+00
      86353   3597.989   1982.000   1954.078     2.9266     2.9271  32.374865  32.375324     1.9515   59.84578  -40.69361     4.9560         45 0.0000e+00
      86398   3599.866   1980.000   1952.115     2.9327     2.9331  32.379497  32.379937     1.9521   59.84578  -40.69360     4.9560         48 0.0000e+00
      86449   3602.001   1978.000   1950.152     2.9358     2.9381  32.381600  32.383678     1.9527   59.84578  -40.69360     4.9560         50 0.0000e+00
      86493   3603.813   1976.000   1948.190     2.9421     2.9424  32.386589  32.386750     1.9529   59.84577  -40.69362     4.9560         40 0.0000e+00
      86534   3605.537   1974.000   1946.227     2.9463     2.9468  32.389620  32.390136     1.9531   59.84576  -40.69362     4.9560         44 0.0000e+00
      86588   3607.782   1972.000   1944.264     2.9477     2.9488  32.390042  32.391335     1.9534   59.84576  -40.69361     4.9560         68 0.0000e+00
      86651   3610.404   1970.000   1942.302     2.9518     2.9520  32.393564  32.393412     1.9540   59.84576  -40.69361     4.9560         43 0.0000e+00
      86683   3611.768   1968.000   1940.339     2.9572     2.9579  32.397321  32.397851     1.9544   59.84576  -40.69362     4.9560         31 0.0000e+00
      86723   3613.417   1966.000   1938.376     2.9582     2.9584  32.397416  32.397908     1.9547   59.84576  -40.69362     4.9560         57 0.0000e+00
      86792   3616.285   1964.000   1936.413     2.9614     2.9622  32.399719  32.400410     1.9549   59.84575  -40.69362     4.9560         56 0.0000e+00
      86828   3617.812   1962.000   1934.450     2.9685     2.9686  32.405859  32.405428     1.9546   59.84574  -40.69362     4.9560         32 0.0000e+00
      86862   3619.222   1960.000   1932.487     2.9718     2.9716  32.407604  32.407754     1.9546   59.84574  -40.69362     4.9560         38 0.0000e+00
      86919   3621.589   1958.000   1930.525     2.9711     2.9711  32.405973  32.406523     1.9555   59.84574  -40.69362     4.9560         73 0.0000e+00
      86976   3623.940   1956.000   1928.562     2.9715     2.9717  32.405320  32.405856     1.9566   59.84574  -40.69362     4.9560         37 0.0000e+00
      87008   3625.285   1954.000   1926.599     2.9732     2.9742  32.406035  32.406963     1.9570   59.84574  -40.69363     4.9560         32 0.0000e+00
      87052   3627.138   1952.000   1924.636     2.9749     2.9750  32.406658  32.407226     1.9571   59.84574  -40.69363     4.9560         67 0.0000e+00
      87125   3630.148   1950.000   1922.673     2.9768     2.9770  32.407377  32.407897     1.9573   59.84572  -40.69362     4.9560         54 0.0000e+00
      87165   3631.826   1948.000   1920.710     2.9780     2.9784  32.407713  32.408227     1.9579   59.84572  -40.69362     4.9560         38 0.0000e+00
      87201   3633.343   1946.000   1918.747     2.9798     2.9807  32.408368  32.409397     1.9585   59.84572  -40.69362     4.9560         35 0.0000e+00
      87239   3634.927   1944.000   1916.784     2.9813     2.9818  32.408685  32.409495     1.9590   59.84572  -40.69364     4.9560         44 0.0000e+00
      87298   3637.356   1942.000   1914.821     2.9857     2.9863  32.412407  32.412517     1.9594   59.84572  -40.69364     4.9560         65 0.0000e+00
      87346   3639.376   1940.000   1912.858     2.9981     2.9979  32.424042  32.422805     1.9590   59.84571  -40.69364     4.9560         36 0.0000e+00
      87385   3641.011   1938.000   1910.895     3.0055     3.0060  32.430179  32.430184     1.9587   59.84570  -40.69364     4.9560         51 0.0000e+00
      87452   3643.793   1936.000   1908.932     3.0126     3.0155  32.436171  32.439081     1.9593   59.84570  -40.69364     4.9560         57 0.0000e+00
      87486   3645.220   1934.000   1906.969     3.0156     3.0152  32.437167  32.437413     1.9596   59.84570  -40.69364     4.9560         30 0.0000e+00
      87518   3646.558   1932.000   1905.006     3.0159     3.0172  32.436342  32.437672     1.9596   59.84570  -40.69366     4.9560         37 0.0000e+00
      87575   3648.924   1930.000   1903.043     3.0200     3.0219  32.439160  32.441105     1.9600   59.84570  -40.69366     4.9560         74 0.0000e+00
      87642   3651.713   1928.000   1901.080     3.0282     3.0289  32.446691  32.446874     1.9603   59.84568  -40.69364     4.9560         54 0.0000e+00
      87684   3653.475   1926.000   1899.116     3.0395     3.0394  32.457237  32.456396     1.9600   59.84568  -40.69366     4.9560         34 0.0000e+00
      87715   3654.746   1924.000   1897.153     3.0433     3.0453  32.459529  32.461228     1.9599   59.84568  -40.69367     4.9560         30 0.0000e+00
      87754   3656.393   1922.000   1895.190     3.0507     3.0536  32.466826  32.468846     1.9597   59.84568  -40.69367     4.9560         59 0.0000e+00
      87829   3659.491   1920.000   1893.227     3.0618     3.0655  32.476161  32.479918     1.9586   59.84568  -40.69366     4.9560         59 0.0000e+00
      87868   3661.135   1918.000   1891.264     3.0730     3.0734  32.486711  32.486608     1.9583   59.84568  -40.69366     4.9560         41 0.0000e+00
      87912   3662.959   1916.000   1889.300     3.0751     3.0750  32.487093  32.487573     1.9575   59.84566  -40.69367     4.9560         42 0.0000e+00
      87949   3664.497   1914.000   1887.337     3.0736     3.0735  32.484463  32.484971     1.9575   59.84566  -40.69368     4.9560         34 0.0000e+00
      87994   3666.384   1912.000   1885.374     3.0748     3.0754  32.484934  32.486096     1.9583   59.84566  -40.69368     4.9560         60 0.0000e+00
      88072   3669.608   1910.000   1883.410     3.0784     3.0812  32.488503  32.489970     1.9578   59.84566  -40.69366     4.9560         45 0.0000e+00
      88103   3670.910   1908.000   1881.447     3.0991     3.1008  32.508689  32.508242     1.9569   59.84566  -40.69368     4.9560         31 0.0000e+00
      88138   3672.360   1906.000   1879.484     3.1054     3.1052  32.512915  32.512756     1.9568   59.84565  -40.69368     4.9560         42 0.0000e+00
      88199   3674.931   1904.000   1877.520     3.1086     3.1111  32.515237  32.517947     1.9558   59.84564  -40.69368     4.9560         68 0.0000e+00
      88246   3676.887   1902.000   1875.557     3.1120     3.1124  32.517729  32.518341     1.9554   59.84564  -40.69368     4.9560         34 0.0000e+00
      88281   3678.336   1900.000   1873.594     3.1131     3.1129  32.517667  32.517979     1.9554   59.84564  -40.69368     4.9560         40 0.0000e+00
      88333   3680.512   1898.000   1871.630     3.1130     3.1134  32.516795  32.517630     1.9558   59.84563  -40.69368     4.9560         57 0.0000e+00
      88380   3682.446   1896.000   1869.667     3.1145     3.1150  32.517356  32.518025     1.9567   59.84562  -40.69369     4.9560         41 0.0000e+00
      88430   3684.534   1894.000   1867.703     3.1187     3.1190  32.520408  32.520728     1.9571   59.84563  -40.69370     4.9560         60 0.0000e+00
      88482   3686.699   1892.000   1865.740     3.1249     3.1268  32.525347  32.527032     1.9568   59.84562  -40.69368     4.9560         40 0.0000e+00
      88520   3688.284   1890.000   1863.776     3.1291     3.1291  32.528354  32.528434     1.9568   59.84562  -40.69369     4.9560         41 0.0000e+00
      88573   3690.482   1888.000   1861.813     3.1274     3.1243  32.525073  32.522854     1.9581   59.84562  -40.69370     4.9560         60 0.0000e+00
      88623   3692.581   1886.000   1859.849     3.1192     3.1186  32.514673  32.514887     1.9602   59.84562  -40.69370     4.9560         42 0.0000e+00
      88667   3694.428   1884.000   1857.886     3.1193     3.1196  32.513591  32.514057     1.9621   59.84560  -40.69370     4.9560         49 0.0000e+00
      88714   3696.381   1882.000   1855.922     3.1236     3.1257  32.516710  32.518470     1.9628   59.84560  -40.69370     4.9560         41 0.0000e+00
      88754   3698.048   1880.000   1853.959     3.1406     3.1436  32.533709  32.534471     1.9620   59.84560  -40.69371     4.9560         44 0.0000e+00
      88808   3700.312   1878.000   1851.995     3.1577     3.1547  32.549163  32.545741     1.9605   59.84560  -40.69370     4.9560         57 0.0000e+00
      88852   3702.113   1876.000   1850.031     3.1701     3.1692  32.561028  32.559309     1.9595   59.84558  -40.69370     4.9560         34 0.0000e+00
      88889   3703.649   1874.000   1848.068     3.1766     3.1752  32.566722  32.565162     1.9589   59.84558  -40.69372     4.9560         46 0.0000e+00
      88956   3706.466   1872.000   1846.104     3.1803     3.1820  32.569262  32.571207     1.9586   59.84558  -40.69371     4.9560         72 0.0000e+00
      89007   3708.584   1870.000   1844.140     3.1860     3.1873  32.574491  32.575291     1.9590   59.84558  -40.69370     4.9560         39 0.0000e+00
