Example_Files/SBE_Processing_Files/Processed_SBE_cast_files/upcasts/uar69-01_014.cnv
* Sea-Bird SBE 9 Data File:
* FileName = D:\data\ar69-01_014.hex
* Software Version Seasave V 7.26.7.107
* Temperature SN = 4491
* Conductivity SN = 3009
* Number of Bytes Per Scan = 44
* Number of Voltage Words = 5
* Number of Scans Averaged by the Deck Unit = 1
* NMEA Latitude = 59 43.02 N
* NMEA Longitude = 039 20.16 W
* NMEA UTC (Time) = Jul 02 2022  14:08:39
** Cruise ID: AR69-01
** Chief Sci:
** Station #: 014
** Site ID: Irminger FLMB (OSNAP acoustic release test)
# nquan = 14
# nvalues = 1420                        
# units = specified
# name 0 = scan: Scan Count
# name 1 = timeS: Time, Elapsed [seconds]
# name 2 = prDM: Pressure, Digiquartz [db]
# name 3 = depSM: Depth [salt water, m]
# name 4 = t090C: Temperature [ITS-90, deg C]
# name 5 = t190C: Temperature, 2 [ITS-90, deg C]
# name 6 = c0mS/cm: Conductivity [mS/cm]
# name 7 = c1mS/cm: Conductivity, 2 [mS/cm]
# name 8 = sbeox0V: Oxygen raw, SBE 43 [V]
# name 9 = latitude: Latitude [deg]
# name 10 = longitude: Longitude [deg]
# name 11 = v7: Voltage 7
# name 12 = nbin: number of scans per bin
# name 13 = flag: flag
# span 0 =     101299,     206023       
# span 1 =   4220.752,   8584.257       
# span 2 =      6.000,   2844.000       
# span 3 =      5.943,   2798.342       
# span 4 =     1.4594,     7.2888       
# span 5 =     1.4596,     7.2507       
# span 6 =  31.398937,  35.355736       
# span 7 =  31.399873,  35.326857       
# span 8 =     1.8121,     2.8204       
# span 9 =   59.71706,   59.71708       
# span 10 =  -39.33594,  -39.33588      
# span 11 =     4.9560,     4.9568      
# span 12 =         30,        143      
# span 13 = 0.0000e+00, 0.0000e+00      
# interval = decibars: 2                
# start_time = Jul 02 2022 14:08:39 [NMEA time, first data scan]
# bad_flag = -9.990e-29
*END*
     101609   4233.663   2844.000   2798.342     1.4608     1.4610  31.407263  31.407824     1.8149   59.71708  -39.33588     4.9560         50 0.0000e+00
     101299   4220.752   2842.000   2796.387     1.4605     1.4606  31.406265  31.406846     1.8153   59.71708  -39.33588     4.9560         61 0.0000e+00
     101355   4223.082   2840.000   2794.432     1.4603     1.4605  31.405346  31.405870     1.8155   59.71708  -39.33588     4.9560         42 0.0000e+00
     101392   4224.614   2838.000   2792.477     1.4600     1.4601  31.404310  31.404924     1.8156   59.71708  -39.33588     4.9560         38 0.0000e+00
     101443   4226.769   2836.000   2790.522     1.4597     1.4598  31.403303  31.403825     1.8162   59.71708  -39.33588     4.9560         64 0.0000e+00
     101496   4228.965   2834.000   2788.567     1.4597     1.4599  31.402506  31.403029     1.8165   59.71708  -39.33588     4.9560         40 0.0000e+00
     101538   4230.693   2832.000   2786.612     1.4596     1.4597  31.401726  31.402246     1.8168   59.71708  -39.33588     4.9560         48 0.0000e+00
     101592   4232.956   2830.000   2784.657     1.4594     1.4596  31.400792  31.401282     1.8174   59.71708  -39.33588     4.9560         53 0.0000e+00
     101636   4234.776   2828.000   2782.702     1.4595     1.4597  31.400059  31.400581     1.8178   59.71708  -39.33588     4.9560         38 0.0000e+00
     101675   4236.421   2826.000   2780.747     1.4594     1.4596  31.399307  31.399873     1.8184   59.71708  -39.33588     4.9560         43 0.0000e+00
     101725   4238.494   2824.000   2778.792     1.4599     1.4625  31.398937  31.401171     1.8193   59.71708  -39.33588     4.9560         54 0.0000e+00
     101774   4240.523   2822.000   2776.836     1.4748     1.4783  31.410778  31.412642     1.8209   59.71708  -39.33588     4.9560         44 0.0000e+00
     101823   4242.587   2820.000   2774.881     1.5003     1.5289  31.430799  31.451925     1.8220   59.71708  -39.33588     4.9560         57 0.0000e+00
     101876   4244.795   2818.000   2772.926     1.5785     1.5842  31.498103  31.500737     1.8215   59.71708  -39.33588     4.9560         44 0.0000e+00
     101916   4246.478   2816.000   2770.971     1.6290     1.6341  31.542292  31.542994     1.8206   59.71708  -39.33588     4.9560         41 0.0000e+00
     101964   4248.444   2814.000   2769.016     1.6554     1.6486  31.563967  31.557887     1.8197   59.71708  -39.33588     4.9560         53 0.0000e+00
     102013   4250.519   2812.000   2767.060     1.6743     1.6848  31.580070  31.586624     1.8188   59.71708  -39.33588     4.9560         44 0.0000e+00
     102056   4252.298   2810.000   2765.105     1.6997     1.7100  31.599998  31.608668     1.8183   59.71708  -39.33588     4.9560         44 0.0000e+00
     102101   4254.187   2808.000   2763.150     1.7181     1.7236  31.614969  31.620454     1.8181   59.71708  -39.33590     4.9560         45 0.0000e+00
     102147   4256.095   2806.000   2761.195     1.7411     1.7402  31.635875  31.635855     1.8180   59.71708  -39.33590     4.9560         49 0.0000e+00
     102200   4258.308   2804.000   2759.239     1.7580     1.7595  31.650569  31.651560     1.8172   59.71708  -39.33590     4.9560         53 0.0000e+00
     102246   4260.226   2802.000   2757.284     1.7878     1.7912  31.675629  31.677013     1.8167   59.71708  -39.33590     4.9560         42 0.0000e+00
     102292   4262.120   2800.000   2755.329     1.8027     1.8021  31.686781  31.686990     1.8164   59.71708  -39.33590     4.9560         50 0.0000e+00
     102343   4264.263   2798.000   2753.373     1.8149     1.8143  31.698417  31.697792     1.8163   59.71708  -39.33590     4.9560         51 0.0000e+00
     102393   4266.344   2796.000   2751.418     1.8365     1.8426  31.717107  31.720179     1.8163   59.71708  -39.33590     4.9560         48 0.0000e+00
     102438   4268.191   2794.000   2749.463     1.8664     1.8711  31.742061  31.744866     1.8161   59.71708  -39.33590     4.9560         40 0.0000e+00
     102476   4269.779   2792.000   2747.507     1.8982     1.9003  31.769560  31.769795     1.8158   59.71708  -39.33590     4.9560         40 0.0000e+00
     102524   4271.803   2790.000   2745.552     1.9047     1.9074  31.776013  31.777752     1.8157   59.71708  -39.33591     4.9560         58 0.0000e+00
     102579   4274.079   2788.000   2743.596     1.9356     1.9300  31.801116  31.795468     1.8157   59.71708  -39.33591     4.9560         45 0.0000e+00
     102621   4275.830   2786.000   2741.641     1.9456     1.9480  31.809445  31.811024     1.8155   59.71708  -39.33590     4.9560         44 0.0000e+00
     102669   4277.820   2784.000   2739.685     1.9511     1.9538  31.813881  31.815876     1.8154   59.71708  -39.33592     4.9560         51 0.0000e+00
     102719   4279.928   2782.000   2737.730     1.9630     1.9654  31.823219  31.825675     1.8154   59.71708  -39.33592     4.9560         48 0.0000e+00
     102764   4281.796   2780.000   2735.774     1.9800     1.9797  31.837504  31.836546     1.8154   59.71708  -39.33591     4.9560         44 0.0000e+00
     102811   4283.730   2778.000   2733.819     1.9905     1.9861  31.845850  31.841028     1.8156   59.71708  -39.33592     4.9560         48 0.0000e+00
     102865   4285.984   2776.000   2731.863     1.9960     1.9958  31.849911  31.850308     1.8158   59.71708  -39.33592     4.9560         69 0.0000e+00
     102939   4289.088   2774.000   2729.908     2.0042     2.0073  31.856164  31.858808     1.8163   59.71708  -39.33592     4.9560         65 0.0000e+00
     103029   4292.849   2772.000   2727.952     2.0131     2.0154  31.863762  31.865895     1.8165   59.71708  -39.33592     4.9560         76 0.0000e+00
     103111   4296.248   2770.000   2725.996     2.0246     2.0265  31.872212  31.874040     1.8175   59.71708  -39.33592     4.9560         71 0.0000e+00
     103229   4301.173   2768.000   2724.041     2.0382     2.0386  31.882772  31.884032     1.8201   59.71708  -39.33592     4.9560         66 0.0000e+00
     103303   4304.256   2766.000   2722.085     2.0525     2.0517  31.894573  31.894148     1.8211   59.71708  -39.33592     4.9560        103 0.0000e+00
     103408   4308.626   2764.000   2720.130     2.0595     2.0621  31.900265  31.902545     1.8221   59.71708  -39.33592     4.9560         83 0.0000e+00
     103496   4312.310   2762.000   2718.174     2.0675     2.0722  31.906394  31.911395     1.8227   59.71708  -39.33592     4.9560        101 0.0000e+00
     103587   4316.080   2760.000   2716.218     2.0825     2.0833  31.918907  31.920374     1.8228   59.71708  -39.33592     4.9560         89 0.0000e+00
     103688   4320.312   2758.000   2714.263     2.0997     2.1057  31.934143  31.939606     1.8225   59.71708  -39.33592     4.9560         96 0.0000e+00
     103775   4323.924   2756.000   2712.307     2.1195     2.1274  31.951474  31.958695     1.8214   59.71708  -39.33592     4.9560         93 0.0000e+00
     103877   4328.187   2754.000   2710.351     2.1277     2.1385  31.958307  31.967356     1.8205   59.71708  -39.33592     4.9560         97 0.0000e+00
     103965   4331.851   2752.000   2708.395     2.1466     2.1464  31.975716  31.975787     1.8189   59.71708  -39.33593     4.9560         81 0.0000e+00
     104059   4335.735   2750.000   2706.439     2.1510     2.1508  31.979220  31.979119     1.8176   59.71708  -39.33592     4.9560         62 0.0000e+00
     104153   4339.661   2748.000   2704.484     2.1572     2.1601  31.984394  31.987344     1.8168   59.71708  -39.33592     4.9560         76 0.0000e+00
     104253   4343.822   2746.000   2702.528     2.1637     2.1670  31.989930  31.992726     1.8164   59.71708  -39.33592     4.9560        117 0.0000e+00
     104430   4351.209   2744.000   2700.572     2.1745     2.1736  31.998628  31.997971     1.8159   59.71708  -39.33592     4.9560         94 0.0000e+00
     105895   4412.241   2742.000   2698.616     2.1885     2.1906  32.009232  32.011263     1.8187   59.71708  -39.33593     4.9560         77 0.0000e+00
     106145   4422.662   2740.000   2696.660     2.2025     2.1993  32.020501  32.018333     1.8202   59.71708  -39.33592     4.9560         60 0.0000e+00
     106177   4424.010   2738.000   2694.704     2.2123     2.2140  32.028737  32.030127     1.8207   59.71708  -39.33592     4.9560         41 0.0000e+00
     106224   4425.940   2736.000   2692.749     2.2194     2.2186  32.034491  32.034291     1.8212   59.71708  -39.33594     4.9560         55 0.0000e+00
     106279   4428.263   2734.000   2690.793     2.2316     2.2361  32.045499  32.048920     1.8210   59.71707  -39.33593     4.9560         50 0.0000e+00
     106324   4430.122   2732.000   2688.837     2.2517     2.2537  32.063551  32.064232     1.8200   59.71708  -39.33592     4.9560         43 0.0000e+00
     106367   4431.904   2730.000   2686.881     2.2671     2.2673  32.076667  32.076694     1.8198   59.71708  -39.33593     4.9560         43 0.0000e+00
     106413   4433.826   2728.000   2684.925     2.2624     2.2627  32.070938  32.072174     1.8205   59.71708  -39.33593     4.9560         51 0.0000e+00
     106466   4436.025   2726.000   2682.968     2.2594     2.2593  32.066344  32.066662     1.8220   59.71708  -39.33592     4.9560         49 0.0000e+00
     106509   4437.831   2724.000   2681.013     2.2600     2.2612  32.065178  32.066211     1.8233   59.71708  -39.33592     4.9560         41 0.0000e+00
     106551   4439.597   2722.000   2679.057     2.2628     2.2640  32.066578  32.067789     1.8244   59.71708  -39.33592     4.9560         46 0.0000e+00
     106603   4441.762   2720.000   2677.100     2.2627     2.2630  32.065415  32.066098     1.8264   59.71708  -39.33594     4.9560         56 0.0000e+00
     106657   4444.001   2718.000   2675.145     2.2673     2.2676  32.067331  32.067802     1.8283   59.71708  -39.33592     4.9560         48 0.0000e+00
     106700   4445.777   2716.000   2673.188     2.2771     2.2784  32.075589  32.075716     1.8291   59.71708  -39.33592     4.9560         41 0.0000e+00
     106744   4447.624   2714.000   2671.232     2.2891     2.2891  32.085734  32.085736     1.8298   59.71708  -39.33593     4.9560         48 0.0000e+00
     106795   4449.747   2712.000   2669.276     2.2919     2.2985  32.086842  32.093294     1.8302   59.71708  -39.33594     4.9560         52 0.0000e+00
     106844   4451.805   2710.000   2667.320     2.3129     2.3136  32.106279  32.107344     1.8302   59.71708  -39.33594     4.9560         47 0.0000e+00
     106890   4453.709   2708.000   2665.364     2.3215     2.3251  32.113829  32.115832     1.8299   59.71708  -39.33594     4.9560         44 0.0000e+00
     106933   4455.484   2706.000   2663.408     2.3366     2.3404  32.127359  32.129879     1.8290   59.71708  -39.33594     4.9560         43 0.0000e+00
     106978   4457.382   2704.000   2661.452     2.3484     2.3490  32.138526  32.138501     1.8284   59.71708  -39.33594     4.9560         48 0.0000e+00
     107028   4459.459   2702.000   2659.495     2.3563     2.3629  32.144765  32.150323     1.8272   59.71708  -39.33594     4.9560         50 0.0000e+00
     107077   4461.484   2700.000   2657.539     2.3744     2.3732  32.160863  32.158694     1.8265   59.71708  -39.33594     4.9560         47 0.0000e+00
     107125   4463.508   2698.000   2655.583     2.3860     2.3879  32.171633  32.171934     1.8254   59.71708  -39.33594     4.9560         53 0.0000e+00
     107177   4465.683   2696.000   2653.627     2.4004     2.3977  32.184554  32.181385     1.8242   59.71708  -39.33594     4.9560         48 0.0000e+00
     107222   4467.532   2694.000   2651.670     2.4022     2.4023  32.185302  32.185554     1.8240   59.71708  -39.33594     4.9560         44 0.0000e+00
     107267   4469.427   2692.000   2649.714     2.4034     2.4037  32.184811  32.185498     1.8240   59.71708  -39.33594     4.9560         45 0.0000e+00
     107313   4471.318   2690.000   2647.758     2.4145     2.4161  32.194420  32.195368     1.8239   59.71708  -39.33594     4.9560         47 0.0000e+00
     107360   4473.282   2688.000   2645.801     2.4265     2.4253  32.205524  32.203532     1.8232   59.71708  -39.33594     4.9560         45 0.0000e+00
     107404   4475.106   2686.000   2643.845     2.4379     2.4411  32.215103  32.217596     1.8229   59.71708  -39.33594     4.9560         45 0.0000e+00
     107454   4477.221   2684.000   2641.889     2.4452     2.4454  32.221120  32.221104     1.8224   59.71708  -39.33594     4.9560         55 0.0000e+00
     107504   4479.292   2682.000   2639.932     2.4560     2.4574  32.230201  32.231399     1.8217   59.71708  -39.33593     4.9560         43 0.0000e+00
     107546   4481.030   2680.000   2637.976     2.4710     2.4749  32.244676  32.247047     1.8210   59.71708  -39.33594     4.9560         43 0.0000e+00
     107592   4482.978   2678.000   2636.020     2.4814     2.4822  32.252287  32.253995     1.8209   59.71708  -39.33594     4.9560         52 0.0000e+00
     107649   4485.344   2676.000   2634.063     2.4815     2.4858  32.252992  32.257922     1.8201   59.71708  -39.33592     4.9560         55 0.0000e+00
     107695   4487.233   2674.000   2632.107     2.4978     2.4970  32.268018  32.267422     1.8192   59.71708  -39.33594     4.9560         39 0.0000e+00
     107734   4488.859   2672.000   2630.150     2.4976     2.4984  32.267593  32.268664     1.8190   59.71708  -39.33593     4.9560         43 0.0000e+00
     107785   4491.007   2670.000   2628.194     2.5003     2.5031  32.269447  32.272286     1.8189   59.71708  -39.33592     4.9560         55 0.0000e+00
     107832   4492.971   2668.000   2626.237     2.5113     2.5121  32.279102  32.279670     1.8183   59.71708  -39.33592     4.9560         42 0.0000e+00
     107876   4494.807   2666.000   2624.280     2.5171     2.5176  32.283669  32.284489     1.8178   59.71708  -39.33592     4.9560         47 0.0000e+00
     107924   4496.790   2664.000   2622.324     2.5224     2.5224  32.287856  32.287817     1.8175   59.71708  -39.33592     4.9560         47 0.0000e+00
     107975   4498.908   2662.000   2620.368     2.5272     2.5259  32.291729  32.290655     1.8173   59.71708  -39.33592     4.9560         55 0.0000e+00
     108026   4501.033   2660.000   2618.411     2.5298     2.5292  32.293261  32.292633     1.8176   59.71708  -39.33592     4.9560         44 0.0000e+00
     108066   4502.724   2658.000   2616.454     2.5302     2.5305  32.292412  32.292952     1.8181   59.71708  -39.33592     4.9560         41 0.0000e+00
     108114   4504.707   2656.000   2614.498     2.5363     2.5325  32.296936  32.293767     1.8181   59.71708  -39.33592     4.9560         53 0.0000e+00
     108163   4506.737   2654.000   2612.541     2.5500     2.5540  32.309189  32.312150     1.8176   59.71708  -39.33592     4.9560         44 0.0000e+00
     108207   4508.588   2652.000   2610.584     2.5641     2.5674  32.323114  32.325985     1.8171   59.71708  -39.33592     4.9560         47 0.0000e+00
     108260   4510.795   2650.000   2608.628     2.5734     2.5711  32.330865  32.328430     1.8160   59.71708  -39.33592     4.9560         54 0.0000e+00
     108309   4512.827   2648.000   2606.671     2.5887     2.5875  32.345214  32.344249     1.8148   59.71708  -39.33592     4.9560         43 0.0000e+00
     108351   4514.597   2646.000   2604.714     2.5927     2.5921  32.348735  32.348297     1.8141   59.71708  -39.33592     4.9560         45 0.0000e+00
     108399   4516.568   2644.000   2602.758     2.5938     2.5970  32.349431  32.352439     1.8135   59.71708  -39.33592     4.9560         48 0.0000e+00
     108445   4518.479   2642.000   2600.801     2.6003     2.6003  32.354481  32.354941     1.8129   59.71708  -39.33592     4.9560         44 0.0000e+00
     108492   4520.477   2640.000   2598.844     2.6045     2.6018  32.357785  32.355632     1.8127   59.71708  -39.33592     4.9560         53 0.0000e+00
