Example_Files/SBE_Processing_Files/Processed_SBE_cast_files/upcasts/uar69-01_009.cnv
* Sea-Bird SBE 9 Data File:
* FileName = D:\data\ar69-01_009.hex
* Software Version Seasave V 7.26.7.107
* Temperature SN = 4491
* Conductivity SN = 3009
* Number of Bytes Per Scan = 44
* Number of Voltage Words = 5
* Number of Scans Averaged by the Deck Unit = 1
* NMEA Latitude = 59 49.00 N
* NMEA Longitude = 039 06.78 W
* NMEA UTC (Time) = Jun 28 2022  17:49:02
** Cruise ID: AR69-01
** Chief Sci:
** Station #: 009
** Site ID: Glider release (acoustic release test)
# nquan = 14
# nvalues = 506                         
# units = specified
# name 0 = scan: Scan Count
# name 1 = timeS: Time, Elapsed [seconds]
# name 2 = prDM: Pressure, Digiquartz [db]
# name 3 = depSM: Depth [salt water, m]
# name 4 = t090C: Temperature [ITS-90, deg C]
# name 5 = t190C: Temperature, 2 [ITS-90, deg C]
# name 6 = c0mS/cm: Conductivity [mS/cm]
# name 7 = c1mS/cm: Conductivity, 2 [mS/cm]
# name 8 = sbeox0V: Oxygen raw, SBE 43 [V]
# name 9 = latitude: Latitude [deg]
# name 10 = longitude: Longitude [deg]
# name 11 = v7: Voltage 7
# name 12 = nbin: number of scans per bin
# name 13 = flag: flag
# span 0 =      61813,     102883       
# span 1 =   2575.491,   4286.769       
# span 2 =      4.000,   1014.000       
# span 3 =      3.962,   1002.008       
# span 4 =     3.3909,     6.8503       
# span 5 =     3.3906,     6.8495       
# span 6 =  32.260945,  34.969408       
# span 7 =  32.262269,  34.970571       
# span 8 =     2.2376,     2.8537       
# span 9 =   59.81660,   59.81662       
# span 10 =  -39.11300,  -39.11296      
# span 11 =     4.9561,     4.9568      
# span 12 =         29,        115      
# span 13 = 0.0000e+00, 0.0000e+00      
# interval = decibars: 2                
# start_time = Jun 28 2022 17:49:02 [NMEA time, first data scan]
# bad_flag = -9.990e-29
*END*
[from data line 104]
      73406   3058.543    806.000    796.864     3.5173     3.5176  32.378093  32.379988     2.2782   59.81660  -39.11299     4.9566         80 0.0000e+00
      73459   3060.771    804.000    794.890     3.5251     3.5249  32.384710  32.385468     2.2775   59.81660  -39.11300     4.9566         39 0.0000e+00
      73496   3062.309    802.000    792.917     3.5342     3.5326  32.392838  32.392431     2.2774   59.81660  -39.11299     4.9565         36 0.0000e+00
      73538   3064.030    800.000    790.943     3.5349     3.5347  32.392690  32.393921     2.2778   59.81660  -39.11298     4.9564         51 0.0000e+00
      73613   3067.147    798.000    788.969     3.5402     3.5388  32.396923  32.397101     2.2794   59.81660  -39.11300     4.9565         70 0.0000e+00
      73653   3068.837    796.000    786.996     3.5430     3.5419  32.398542  32.398885     2.2807   59.81660  -39.11298     4.9565         32 0.0000e+00
      73685   3070.183    794.000    785.022     3.5430     3.5423  32.397639  32.398523     2.2819   59.81661  -39.11298     4.9564         36 0.0000e+00
      73734   3072.207    792.000    783.049     3.5425     3.5421  32.396179  32.397532     2.2830   59.81662  -39.11299     4.9566         61 0.0000e+00
      73794   3074.694    790.000    781.075     3.5432     3.5423  32.395731  32.396647     2.2839   59.81660  -39.11298     4.9564         54 0.0000e+00
      73842   3076.695    788.000    779.101     3.5439     3.5434  32.395475  32.396570     2.2859   59.81661  -39.11298     4.9566         42 0.0000e+00
      73880   3078.309    786.000    777.128     3.5440     3.5435  32.394529  32.395646     2.2872   59.81662  -39.11298     4.9564         38 0.0000e+00
      73924   3080.112    784.000    775.154     3.5439     3.5435  32.393576  32.394770     2.2889   59.81662  -39.11298     4.9565         49 0.0000e+00
      73978   3082.369    782.000    773.180     3.5438     3.5433  32.392519  32.393755     2.2911   59.81660  -39.11299     4.9564         57 0.0000e+00
      74030   3084.541    780.000    771.206     3.5451     3.5442  32.392624  32.393390     2.2924   59.81660  -39.11300     4.9565         44 0.0000e+00
      74071   3086.256    778.000    769.233     3.5459     3.5454  32.392486  32.393691     2.2939   59.81662  -39.11298     4.9567         42 0.0000e+00
      74117   3088.184    776.000    767.259     3.5453     3.5450  32.390918  32.392399     2.2959   59.81662  -39.11298     4.9566         49 0.0000e+00
      74163   3090.077    774.000    765.285     3.5440     3.5440  32.388500  32.390243     2.2976   59.81661  -39.11298     4.9565         43 0.0000e+00
      74214   3092.213    772.000    763.311     3.5443     3.5437  32.388045  32.389144     2.2996   59.81660  -39.11298     4.9565         60 0.0000e+00
      74268   3094.439    770.000    761.337     3.5455     3.5442  32.388103  32.388532     2.3012   59.81661  -39.11298     4.9564         43 0.0000e+00
      74307   3096.093    768.000    759.363     3.5459     3.5454  32.387748  32.388781     2.3027   59.81662  -39.11298     4.9566         41 0.0000e+00
      74355   3098.093    766.000    757.389     3.5458     3.5454  32.386679  32.387889     2.3035   59.81662  -39.11298     4.9566         53 0.0000e+00
      74402   3100.028    764.000    755.416     3.5463     3.5458  32.386282  32.387367     2.3042   59.81661  -39.11298     4.9565         41 0.0000e+00
      74448   3101.959    762.000    753.442     3.5469     3.5462  32.386004  32.387000     2.3049   59.81662  -39.11298     4.9565         53 0.0000e+00
      74498   3104.025    760.000    751.468     3.5492     3.5490  32.387286  32.388449     2.3058   59.81662  -39.11298     4.9562         42 0.0000e+00
      74542   3105.880    758.000    749.494     3.5509     3.5516  32.388247  32.390384     2.3065   59.81661  -39.11298     4.9565         55 0.0000e+00
      74603   3108.400    756.000    747.520     3.5520     3.5518  32.388225  32.389692     2.3089   59.81662  -39.11298     4.9564         52 0.0000e+00
      74643   3110.093    754.000    745.546     3.5525     3.5521  32.387731  32.388944     2.3103   59.81662  -39.11298     4.9564         36 0.0000e+00
      74679   3111.591    752.000    743.572     3.5514     3.5509  32.385723  32.386988     2.3113   59.81662  -39.11298     4.9564         38 0.0000e+00
      74725   3113.491    750.000    741.598     3.5522     3.5514  32.385626  32.386577     2.3118   59.81661  -39.11298     4.9565         58 0.0000e+00
      74792   3116.308    748.000    739.624     3.5545     3.5534  32.386928  32.387540     2.3142   59.81660  -39.11298     4.9565         63 0.0000e+00
      74838   3118.223    746.000    737.650     3.5547     3.5531  32.386190  32.386405     2.3161   59.81662  -39.11298     4.9564         36 0.0000e+00
      74873   3119.653    744.000    735.676     3.5498     3.5492  32.380074  32.381229     2.3173   59.81662  -39.11298     4.9566         36 0.0000e+00
      74915   3121.421    742.000    733.701     3.5491     3.5493  32.378490  32.380399     2.3194   59.81662  -39.11298     4.9565         50 0.0000e+00
      74968   3123.638    740.000    731.727     3.5453     3.5461  32.373675  32.376306     2.3225   59.81660  -39.11298     4.9565         55 0.0000e+00
      75024   3125.963    738.000    729.753     3.5434     3.5437  32.370759  32.372843     2.3250   59.81662  -39.11298     4.9565         53 0.0000e+00
      75070   3127.874    736.000    727.779     3.5444     3.5439  32.370569  32.371620     2.3261   59.81662  -39.11298     4.9565         40 0.0000e+00
      75110   3129.554    734.000    725.805     3.5458     3.5455  32.371142  32.372422     2.3273   59.81662  -39.11298     4.9566         45 0.0000e+00
      75159   3131.603    732.000    723.831     3.5461     3.5461  32.370507  32.372085     2.3289   59.81660  -39.11298     4.9565         47 0.0000e+00
      75204   3133.465    730.000    721.856     3.5464     3.5463  32.369922  32.371515     2.3308   59.81660  -39.11298     4.9565         48 0.0000e+00
      75260   3135.798    728.000    719.882     3.5462     3.5453  32.368728  32.369580     2.3331   59.81662  -39.11298     4.9565         56 0.0000e+00
      75304   3137.646    726.000    717.908     3.5467     3.5463  32.367993  32.369197     2.3346   59.81662  -39.11298     4.9564         38 0.0000e+00
      75345   3139.316    724.000    715.934     3.5477     3.5474  32.367973  32.369303     2.3357   59.81662  -39.11298     4.9564         43 0.0000e+00
      75391   3141.241    722.000    713.960     3.5476     3.5475  32.367029  32.368508     2.3372   59.81662  -39.11298     4.9564         50 0.0000e+00
      75449   3143.668    720.000    711.985     3.5477     3.5475  32.366229  32.367678     2.3401   59.81662  -39.11298     4.9565         63 0.0000e+00
      75501   3145.813    718.000    710.011     3.5477     3.5472  32.365043  32.366343     2.3424   59.81660  -39.11298     4.9566         39 0.0000e+00
      75539   3147.434    716.000    708.036     3.5474     3.5476  32.364040  32.365689     2.3437   59.81660  -39.11298     4.9565         49 0.0000e+00
      75631   3151.251    714.000    706.062     3.5508     3.5493  32.366450  32.366757     2.3455   59.81662  -39.11298     4.9565        106 0.0000e+00
      75746   3156.061    712.000    704.088     3.5535     3.5509  32.368200  32.367202     2.3475   59.81660  -39.11298     4.9565         79 0.0000e+00
      76273   3178.020    710.000    702.113     3.5570     3.5561  32.370541  32.371370     2.3505   59.81660  -39.11297     4.9563         74 0.0000e+00
      76919   3204.933    708.000    700.139     3.5589     3.5586  32.371427  32.372778     2.3530   59.81660  -39.11298     4.9566         31 0.0000e+00
      76938   3205.694    706.000    698.164     3.5581     3.5575  32.369842  32.370952     2.3533   59.81660  -39.11298     4.9565         38 0.0000e+00
      77026   3209.361    704.000    696.190     3.5569     3.5568  32.367755  32.369371     2.3555   59.81660  -39.11298     4.9565         56 0.0000e+00
      77067   3211.096    702.000    694.216     3.5566     3.5565  32.366375  32.367781     2.3560   59.81662  -39.11298     4.9565         30 0.0000e+00
      77096   3212.275    700.000    692.241     3.5564     3.5562  32.365386  32.366836     2.3562   59.81662  -39.11298     4.9566         30 0.0000e+00
      77145   3214.330    698.000    690.266     3.5562     3.5557  32.364437  32.365660     2.3567   59.81661  -39.11298     4.9565         74 0.0000e+00
      77210   3217.052    696.000    688.292     3.5559     3.5553  32.363038  32.364222     2.3576   59.81660  -39.11298     4.9565         44 0.0000e+00
      77249   3218.655    694.000    686.317     3.5520     3.5509  32.358350  32.359048     2.3586   59.81660  -39.11298     4.9566         40 0.0000e+00
      77297   3220.660    692.000    684.343     3.5504     3.5500  32.355800  32.357063     2.3596   59.81662  -39.11298     4.9566         55 0.0000e+00
      77345   3222.676    690.000    682.368     3.5486     3.5481  32.352913  32.354088     2.3607   59.81662  -39.11298     4.9564         40 0.0000e+00
      77382   3224.225    688.000    680.393     3.5475     3.5472  32.350874  32.352267     2.3618   59.81662  -39.11298     4.9565         38 0.0000e+00
      77440   3226.609    686.000    678.419     3.5482     3.5484  32.350791  32.352698     2.3633   59.81660  -39.11299     4.9565         74 0.0000e+00
      77498   3229.021    684.000    676.444     3.5508     3.5503  32.352359  32.353351     2.3648   59.81660  -39.11298     4.9564         36 0.0000e+00
      77528   3230.274    682.000    674.470     3.5521     3.5516  32.352873  32.353965     2.3654   59.81661  -39.11298     4.9564         30 0.0000e+00
      77572   3232.136    680.000    672.495     3.5519     3.5514  32.351876  32.353032     2.3667   59.81661  -39.11298     4.9564         69 0.0000e+00
      77647   3235.238    678.000    670.520     3.5518     3.5514  32.350764  32.351965     2.3682   59.81660  -39.11300     4.9567         50 0.0000e+00
      77683   3236.741    676.000    668.545     3.5490     3.5488  32.346898  32.348530     2.3688   59.81660  -39.11300     4.9566         31 0.0000e+00
      77713   3237.998    674.000    666.571     3.5482     3.5478  32.345091  32.346490     2.3690   59.81661  -39.11298     4.9566         31 0.0000e+00
      77754   3239.701    672.000    664.596     3.5479     3.5474  32.343980  32.345414     2.3696   59.81662  -39.11298     4.9565         60 0.0000e+00
      77833   3243.009    670.000    662.621     3.5481     3.5479  32.343255  32.344680     2.3708   59.81660  -39.11299     4.9564         71 0.0000e+00
      77880   3244.961    668.000    660.646     3.5515     3.5507  32.345711  32.346323     2.3722   59.81660  -39.11300     4.9565         39 0.0000e+00
      77916   3246.460    666.000    658.671     3.5524     3.5518  32.345679  32.346623     2.3726   59.81660  -39.11298     4.9565         35 0.0000e+00
      77952   3247.964    664.000    656.697     3.5518     3.5513  32.344240  32.345566     2.3721   59.81662  -39.11298     4.9565         39 0.0000e+00
      78001   3249.994    662.000    654.722     3.5512     3.5508  32.342881  32.344033     2.3723   59.81662  -39.11298     4.9566         61 0.0000e+00
      78069   3252.852    660.000    652.747     3.5511     3.5506  32.341635  32.342824     2.3732   59.81660  -39.11300     4.9566         63 0.0000e+00
      78116   3254.777    658.000    650.772     3.5513     3.5510  32.340888  32.342237     2.3740   59.81660  -39.11300     4.9565         38 0.0000e+00
      78156   3256.454    656.000    648.797     3.5515     3.5512  32.340149  32.341532     2.3735   59.81660  -39.11299     4.9565         44 0.0000e+00
      78202   3258.369    654.000    646.822     3.5516     3.5512  32.339360  32.340641     2.3736   59.81662  -39.11298     4.9565         46 0.0000e+00
      78248   3260.309    652.000    644.847     3.5517     3.5513  32.338554  32.339824     2.3753   59.81662  -39.11298     4.9564         52 0.0000e+00
      78307   3262.764    650.000    642.872     3.5518     3.5515  32.337694  32.339021     2.3766   59.81660  -39.11300     4.9566         58 0.0000e+00
      78356   3264.779    648.000    640.897     3.5522     3.5518  32.337144  32.338432     2.3773   59.81660  -39.11298     4.9564         42 0.0000e+00
      78399   3266.574    646.000    638.922     3.5525     3.5522  32.336551  32.337892     2.3775   59.81662  -39.11298     4.9564         46 0.0000e+00
      78447   3268.567    644.000    636.947     3.5526     3.5524  32.335710  32.337114     2.3780   59.81662  -39.11298     4.9565         46 0.0000e+00
      78490   3270.366    642.000    634.972     3.5528     3.5525  32.335020  32.336298     2.3790   59.81660  -39.11298     4.9563         43 0.0000e+00
      78543   3272.571    640.000    632.997     3.5529     3.5526  32.334221  32.335552     2.3796   59.81660  -39.11298     4.9565         61 0.0000e+00
      78595   3274.762    638.000    631.022     3.5539     3.5536  32.334086  32.335512     2.3806   59.81661  -39.11298     4.9565         45 0.0000e+00
      78643   3276.731    636.000    629.047     3.5545     3.5540  32.333792  32.335006     2.3811   59.81661  -39.11298     4.9565         49 0.0000e+00
      78685   3278.509    634.000    627.072     3.5547     3.5543  32.333040  32.334274     2.3817   59.81660  -39.11298     4.9564         38 0.0000e+00
      78732   3280.464    632.000    625.097     3.5544     3.5539  32.332022  32.333292     2.3821   59.81660  -39.11299     4.9565         61 0.0000e+00
      78790   3282.885    630.000    623.121     3.5548     3.5546  32.331374  32.332795     2.3823   59.81662  -39.11298     4.9564         44 0.0000e+00
      78828   3284.477    628.000    621.146     3.5555     3.5552  32.331124  32.332411     2.3825   59.81662  -39.11298     4.9563         39 0.0000e+00
      78875   3286.407    626.000    619.171     3.5556     3.5554  32.330359  32.331856     2.3828   59.81660  -39.11298     4.9566         54 0.0000e+00
      78929   3288.649    624.000    617.196     3.5561     3.5560  32.329896  32.331423     2.3833   59.81660  -39.11298     4.9565         51 0.0000e+00
      78981   3290.826    622.000    615.221     3.5567     3.5563  32.329602  32.330840     2.3837   59.81660  -39.11298     4.9566         51 0.0000e+00
      79024   3292.631    620.000    613.246     3.5572     3.5570  32.329271  32.330538     2.3836   59.81662  -39.11298     4.9565         37 0.0000e+00
      79063   3294.239    618.000    611.270     3.5575     3.5571  32.328651  32.329913     2.3838   59.81662  -39.11298     4.9564         46 0.0000e+00
      79150   3297.855    616.000    609.295     3.5583     3.5576  32.328515  32.329568     2.3846   59.81660  -39.11299     4.9565         92 0.0000e+00
      79245   3301.831    614.000    607.320     3.5588     3.5588  32.328020  32.329624     2.3849   59.81661  -39.11298     4.9564         80 0.0000e+00
      79390   3307.871    612.000    605.344     3.5600     3.5587  32.328420  32.328780     2.3851   59.81660  -39.11299     4.9564         86 0.0000e+00
      79734   3322.214    610.000    603.369     3.5602     3.5598  32.327621  32.328854     2.3857   59.81661  -39.11298     4.9565         93 0.0000e+00
      80285   3345.149    608.000    601.393     3.5605     3.5602  32.326920  32.328336     2.3876   59.81662  -39.11297     4.9565         42 0.0000e+00
      80385   3349.348    606.000    599.418     3.5605     3.5602  32.326030  32.327468     2.3886   59.81662  -39.11296     4.9565         64 0.0000e+00
      80437   3351.505    604.000    597.443     3.5606     3.5601  32.325153  32.326464     2.3890   59.81662  -39.11296     4.9567         48 0.0000e+00
