Example_Files/SBE_Processing_Files/Processed_SBE_cast_files/upcasts/uar69-01_018.cnv
* Sea-Bird SBE 9 Data File:
* FileName = D:\data\ar69-01_018.hex
* Software Version Seasave V 7.26.7.107
* Temperature SN = 4491
* Conductivity SN = 3009
* Number of Bytes Per Scan = 44
* Number of Voltage Words = 5
* Number of Scans Averaged by the Deck Unit = 1
* NMEA Latitude = 59 56.25 N
* NMEA Longitude = 041 08.20 W
* NMEA UTC (Time) = Jul 05 2022  14:07:42
** Cruise ID: AR69-01
** Chief Sci:
** Station #: 018
** Site ID: M1 OSNAP microcats + optodes (post cal dip)
# nquan = 14
# nvalues = 1013                        
# units = specified
# name 0 = scan: Scan Count
# name 1 = timeS: Time, Elapsed [seconds]
# name 2 = prDM: Pressure, Digiquartz [db]
# name 3 = depSM: Depth [salt water, m]
# name 4 = t090C: Temperature [ITS-90, deg C]
# name 5 = t190C: Temperature, 2 [ITS-90, deg C]
# name 6 = c0mS/cm: Conductivity [mS/cm]
# name 7 = c1mS/cm: Conductivity, 2 [mS/cm]
# name 8 = sbeox0V: Oxygen raw, SBE 43 [V]
# name 9 = latitude: Latitude [deg]
# name 10 = longitude: Longitude [deg]
# name 11 = v7: Voltage 7
# name 12 = nbin: number of scans per bin
# name 13 = flag: flag
# span 0 =      63310,     208611       
# span 1 =   2637.884,   8692.063       
# span 2 =      4.000,   2028.000       
# span 3 =      3.962,   1999.200       
# span 4 =     2.1946,     7.8777       
# span 5 =     2.1942,     7.8554       
# span 6 =  31.730489,  35.941541       
# span 7 =  31.730991,  35.923597       
# span 8 =     1.9466,     2.8222       
# span 9 =   59.93398,   59.93631       
# span 10 =  -41.18056,  -41.14812      
# span 11 =     4.9560,     4.9568      
# span 12 =         27,        125      
# span 13 = 0.0000e+00, 0.0000e+00      
# interval = decibars: 2                
# start_time = Jul 05 2022 14:07:43 [NMEA time, first data scan]
# bad_flag = -9.990e-29
*END*
[from data line 620]
     168141   7005.815    788.000    779.094     3.6412     3.6401  32.491277  32.491489     2.2629   59.93406  -41.16918     4.9560         43 0.0000e+00
     168183   7007.601    786.000    777.120     3.6427     3.6421  32.491998  32.492511     2.2627   59.93406  -41.16920     4.9560         44 0.0000e+00
     168233   7009.684    784.000    775.146     3.6467     3.6442  32.494703  32.493898     2.2632   59.93406  -41.16922     4.9560         60 0.0000e+00
     168295   7012.231    782.000    773.173     3.6497     3.6504  32.496991  32.498825     2.2635   59.93406  -41.16922     4.9560         52 0.0000e+00
     168335   7013.913    780.000    771.199     3.6519     3.6511  32.498024  32.498529     2.2635   59.93406  -41.16923     4.9560         35 0.0000e+00
     168372   7015.462    778.000    769.225     3.6524     3.6520  32.497564  32.498553     2.2635   59.93406  -41.16925     4.9560         43 0.0000e+00
     168426   7017.711    776.000    767.252     3.6531     3.6527  32.497396  32.498414     2.2634   59.93406  -41.16926     4.9560         59 0.0000e+00
     168478   7019.892    774.000    765.278     3.6593     3.6564  32.502538  32.500497     2.2639   59.93406  -41.16928     4.9560         46 0.0000e+00
     168525   7021.838    772.000    763.304     3.6642     3.6652  32.506809  32.508588     2.2642   59.93406  -41.16928     4.9560         52 0.0000e+00
     168576   7023.940    770.000    761.330     3.6700     3.6686  32.511111  32.511241     2.2638   59.93406  -41.16929     4.9560         43 0.0000e+00
     168615   7025.573    768.000    759.356     3.6749     3.6734  32.515419  32.514999     2.2638   59.93406  -41.16931     4.9560         40 0.0000e+00
     168667   7027.734    766.000    757.382     3.6765     3.6754  32.516154  32.516614     2.2634   59.93404  -41.16932     4.9560         62 0.0000e+00
     168718   7029.859    764.000    755.409     3.6806     3.6799  32.519358  32.519540     2.2630   59.93404  -41.16933     4.9560         37 0.0000e+00
     168752   7031.285    762.000    753.435     3.6835     3.6821  32.520943  32.520844     2.2627   59.93405  -41.16934     4.9560         35 0.0000e+00
     168804   7033.457    760.000    751.461     3.6854     3.6850  32.522032  32.523010     2.2638   59.93404  -41.16935     4.9560         79 0.0000e+00
     168873   7036.353    758.000    749.487     3.6860     3.6856  32.521538  32.522492     2.2650   59.93404  -41.16936     4.9560         40 0.0000e+00
     168903   7037.579    756.000    747.513     3.6866     3.6859  32.521211  32.521838     2.2649   59.93404  -41.16938     4.9560         28 0.0000e+00
     168934   7038.866    754.000    745.539     3.6864     3.6859  32.520137  32.521022     2.2653   59.93404  -41.16939     4.9560         40 0.0000e+00
     169016   7042.285    752.000    743.565     3.6862     3.6858  32.518948  32.519926     2.2671   59.93404  -41.16940     4.9560         53 0.0000e+00
     169055   7043.913    750.000    741.591     3.6913     3.6911  32.522699  32.523328     2.2675   59.93404  -41.16941     4.9560         31 0.0000e+00
     169085   7045.150    748.000    739.617     3.6937     3.6935  32.523593  32.524607     2.2680   59.93404  -41.16942     4.9560         32 0.0000e+00
     169131   7047.103    746.000    737.643     3.6955     3.6947  32.524276  32.524878     2.2691   59.93404  -41.16944     4.9560         64 0.0000e+00
     169190   7049.531    744.000    735.669     3.6991     3.6975  32.526634  32.525999     2.2695   59.93404  -41.16946     4.9560         50 0.0000e+00
     169244   7051.781    742.000    733.695     3.7054     3.7077  32.531870  32.534951     2.2684   59.93404  -41.16946     4.9560         53 0.0000e+00
     169287   7053.565    740.000    731.721     3.7220     3.7214  32.547729  32.546860     2.2677   59.93404  -41.16948     4.9560         35 0.0000e+00
     169321   7054.983    738.000    729.746     3.7311     3.7308  32.555309  32.555809     2.2670   59.93404  -41.16949     4.9560         35 0.0000e+00
     169370   7057.047    736.000    727.772     3.7335     3.7325  32.556496  32.557107     2.2665   59.93403  -41.16950     4.9560         70 0.0000e+00
     169436   7059.796    734.000    725.798     3.7317     3.7323  32.553558  32.555687     2.2690   59.93402  -41.16952     4.9560         50 0.0000e+00
     169480   7061.604    732.000    723.824     3.7275     3.7271  32.547914  32.549262     2.2702   59.93402  -41.16952     4.9560         41 0.0000e+00
     169520   7063.291    730.000    721.850     3.7272     3.7267  32.546566  32.547367     2.2705   59.93402  -41.16954     4.9560         40 0.0000e+00
     169566   7065.188    728.000    719.876     3.7291     3.7282  32.547092  32.547838     2.2712   59.93402  -41.16955     4.9560         54 0.0000e+00
     169623   7067.570    726.000    717.901     3.7301     3.7290  32.547259  32.547349     2.2728   59.93402  -41.16956     4.9560         50 0.0000e+00
     169664   7069.283    724.000    715.927     3.7324     3.7316  32.548373  32.548835     2.2735   59.93402  -41.16958     4.9560         38 0.0000e+00
     169704   7070.938    722.000    713.953     3.7321     3.7314  32.547294  32.547888     2.2745   59.93402  -41.16959     4.9560         43 0.0000e+00
     169751   7072.930    720.000    711.978     3.7322     3.7315  32.546382  32.547134     2.2755   59.93402  -41.16960     4.9560         55 0.0000e+00
     169816   7075.608    718.000    710.004     3.7348     3.7333  32.547788  32.547715     2.2750   59.93402  -41.16962     4.9560         64 0.0000e+00
     169864   7077.604    716.000    708.030     3.7428     3.7399  32.554632  32.552915     2.2750   59.93402  -41.16963     4.9560         35 0.0000e+00
     169896   7078.968    714.000    706.055     3.7435     3.7436  32.554632  32.555658     2.2753   59.93402  -41.16964     4.9560         35 0.0000e+00
     169944   7080.943    712.000    704.081     3.7446     3.7437  32.554853  32.555427     2.2753   59.93400  -41.16965     4.9560         62 0.0000e+00
     170004   7083.450    710.000    702.107     3.7458     3.7453  32.555044  32.555711     2.2758   59.93400  -41.16967     4.9560         52 0.0000e+00
     170051   7085.433    708.000    700.132     3.7489     3.7481  32.557098  32.557352     2.2774   59.93400  -41.16968     4.9560         43 0.0000e+00
     170090   7087.022    706.000    698.158     3.7503     3.7497  32.557552  32.558167     2.2780   59.93400  -41.16969     4.9560         36 0.0000e+00
     170131   7088.735    704.000    696.183     3.7519     3.7503  32.558127  32.558130     2.2784   59.93400  -41.16970     4.9560         53 0.0000e+00
     170194   7091.371    702.000    694.209     3.7533     3.7523  32.558470  32.558853     2.2793   59.93400  -41.16972     4.9560         60 0.0000e+00
     170240   7093.289    700.000    692.234     3.7560     3.7551  32.559961  32.560445     2.2800   59.93400  -41.16972     4.9560         38 0.0000e+00
     170279   7094.911    698.000    690.260     3.7557     3.7552  32.558754  32.559685     2.2803   59.93400  -41.16974     4.9560         43 0.0000e+00
     170328   7096.962    696.000    688.285     3.7561     3.7554  32.558238  32.558946     2.2814   59.93400  -41.16976     4.9560         54 0.0000e+00
     170379   7099.100    694.000    686.311     3.7565     3.7561  32.557519  32.558525     2.2827   59.93400  -41.16976     4.9560         47 0.0000e+00
     170426   7101.038    692.000    684.336     3.7572     3.7569  32.556998  32.558014     2.2835   59.93400  -41.16978     4.9560         47 0.0000e+00
     170476   7103.111    690.000    682.362     3.7576     3.7570  32.556105  32.557062     2.2841   59.93400  -41.16979     4.9560         52 0.0000e+00
     170526   7105.188    688.000    680.387     3.7579     3.7575  32.555267  32.556268     2.2848   59.93400  -41.16981     4.9560         47 0.0000e+00
     170571   7107.082    686.000    678.412     3.7587     3.7581  32.555167  32.555946     2.2852   59.93400  -41.16982     4.9560         43 0.0000e+00
     170612   7108.797    684.000    676.438     3.7589     3.7584  32.554439  32.555322     2.2860   59.93400  -41.16983     4.9560         39 0.0000e+00
     170654   7110.553    682.000    674.463     3.7589     3.7584  32.553522  32.554448     2.2864   59.93400  -41.16986     4.9560         51 0.0000e+00
     170721   7113.334    680.000    672.488     3.7642     3.7625  32.557538  32.557081     2.2854   59.93400  -41.16986     4.9560         64 0.0000e+00
     170764   7115.117    678.000    670.514     3.7744     3.7721  32.566473  32.565241     2.2853   59.93398  -41.16987     4.9560         34 0.0000e+00
     170799   7116.581    676.000    668.539     3.7753     3.7747  32.566511  32.567144     2.2854   59.93400  -41.16989     4.9560         40 0.0000e+00
     170853   7118.850    674.000    666.564     3.7776     3.7772  32.567927  32.568824     2.2853   59.93399  -41.16990     4.9560         65 0.0000e+00
     170910   7121.207    672.000    664.590     3.7781     3.7775  32.567414  32.568173     2.2855   59.93398  -41.16992     4.9560         48 0.0000e+00
     170956   7123.131    670.000    662.615     3.7808     3.7802  32.569177  32.569682     2.2858   59.93398  -41.16992     4.9560         44 0.0000e+00
     170996   7124.782    668.000    660.640     3.7847     3.7837  32.571699  32.571979     2.2861   59.93398  -41.16994     4.9560         36 0.0000e+00
     171034   7126.391    666.000    658.665     3.7860     3.7852  32.572185  32.572649     2.2862   59.93398  -41.16996     4.9560         47 0.0000e+00
     171101   7129.147    664.000    656.690     3.7880     3.7869  32.573147  32.573517     2.2865   59.93398  -41.16996     4.9560         68 0.0000e+00
     171148   7131.118    662.000    654.716     3.7905     3.7895  32.574469  32.574622     2.2870   59.93398  -41.16997     4.9560         38 0.0000e+00
     171185   7132.679    660.000    652.741     3.7913     3.7906  32.574263  32.574939     2.2870   59.93398  -41.16999     4.9560         38 0.0000e+00
     171226   7134.371    658.000    650.766     3.7908     3.7901  32.572787  32.573410     2.2875   59.93398  -41.17000     4.9560         45 0.0000e+00
     171282   7136.714    656.000    648.791     3.7900     3.7896  32.570912  32.572121     2.2887   59.93398  -41.17002     4.9560         64 0.0000e+00
     171341   7139.159    654.000    646.816     3.7896     3.7893  32.569328  32.570443     2.2903   59.93398  -41.17002     4.9560         51 0.0000e+00
     171385   7140.993    652.000    644.841     3.7927     3.7918  32.571345  32.571397     2.2902   59.93398  -41.17005     4.9560         39 0.0000e+00
     171422   7142.530    650.000    642.866     3.7939     3.7936  32.571513  32.572417     2.2903   59.93398  -41.17006     4.9560         38 0.0000e+00
     171476   7144.793    648.000    640.891     3.7962     3.7952  32.572891  32.573266     2.2925   59.93398  -41.17008     4.9560         71 0.0000e+00
     171533   7147.162    646.000    638.916     3.7962     3.7967  32.571298  32.573348     2.2947   59.93398  -41.17008     4.9560         37 0.0000e+00
     171565   7148.521    644.000    636.941     3.7974     3.7975  32.571416  32.572909     2.2955   59.93398  -41.17010     4.9560         34 0.0000e+00
     171610   7150.358    642.000    634.966     3.8002     3.7996  32.573328  32.574030     2.2963   59.93398  -41.17011     4.9560         54 0.0000e+00
     171665   7152.671    640.000    632.991     3.8054     3.8030  32.577218  32.576353     2.2967   59.93398  -41.17013     4.9560         57 0.0000e+00
     171723   7155.091    638.000    631.016     3.8098     3.8093  32.580352  32.580996     2.2979   59.93398  -41.17013     4.9560         52 0.0000e+00
     171765   7156.840    636.000    629.041     3.8102     3.8105  32.579829  32.581148     2.2986   59.93398  -41.17015     4.9560         37 0.0000e+00
     171801   7158.347    634.000    627.066     3.8111     3.8108  32.579531  32.580490     2.2993   59.93400  -41.17016     4.9560         37 0.0000e+00
     171856   7160.605    632.000    625.091     3.8122     3.8116  32.579608  32.580430     2.3003   59.93399  -41.17018     4.9560         76 0.0000e+00
     171920   7163.303    630.000    623.115     3.8124     3.8120  32.578358  32.579582     2.3022   59.93398  -41.17018     4.9560         41 0.0000e+00
     171953   7164.674    628.000    621.140     3.8135     3.8126  32.578285  32.578682     2.3028   59.93400  -41.17019     4.9560         32 0.0000e+00
     171992   7166.303    626.000    619.165     3.8152     3.8147  32.579065  32.580043     2.3037   59.93400  -41.17020     4.9560         47 0.0000e+00
     172046   7168.525    624.000    617.190     3.8174     3.8168  32.579935  32.580828     2.3050   59.93400  -41.17023     4.9560         59 0.0000e+00
     172105   7170.998    622.000    615.215     3.8201     3.8202  32.581503  32.582535     2.3056   59.93400  -41.17024     4.9560         52 0.0000e+00
     172150   7172.855    620.000    613.240     3.8218     3.8213  32.582061  32.582901     2.3063   59.93400  -41.17025     4.9560         40 0.0000e+00
     172187   7174.437    618.000    611.264     3.8215     3.8212  32.580846  32.581891     2.3066   59.93400  -41.17026     4.9560         38 0.0000e+00
     172230   7176.188    616.000    609.289     3.8218     3.8212  32.580218  32.581059     2.3069   59.93400  -41.17027     4.9560         51 0.0000e+00
     172294   7178.880    614.000    607.314     3.8216     3.8210  32.579186  32.580044     2.3086   59.93400  -41.17029     4.9560         68 0.0000e+00
     172348   7181.118    612.000    605.338     3.8197     3.8196  32.576219  32.577389     2.3108   59.93400  -41.17030     4.9560         42 0.0000e+00
     172386   7182.698    610.000    603.363     3.8259     3.8260  32.580799  32.581603     2.3120   59.93400  -41.17031     4.9560         35 0.0000e+00
     172423   7184.259    608.000    601.388     3.8274     3.8270  32.581199  32.582099     2.3138   59.93400  -41.17032     4.9560         46 0.0000e+00
     172487   7186.900    606.000    599.412     3.8276     3.8273  32.580108  32.581142     2.3174   59.93400  -41.17034     4.9560         65 0.0000e+00
     172531   7188.739    604.000    597.437     3.8282     3.8278  32.579194  32.580261     2.3190   59.93400  -41.17034     4.9560         34 0.0000e+00
     172565   7190.148    602.000    595.462     3.8290     3.8287  32.578842  32.579828     2.3198   59.93400  -41.17035     4.9560         37 0.0000e+00
     172620   7192.443    600.000    593.486     3.8295     3.8292  32.578496  32.579468     2.3208   59.93400  -41.17037     4.9560         71 0.0000e+00
     172680   7194.939    598.000    591.511     3.8308     3.8308  32.578661  32.579913     2.3216   59.93400  -41.17038     4.9560         45 0.0000e+00
     172719   7196.600    596.000    589.535     3.8319     3.8316  32.578860  32.579721     2.3215   59.93401  -41.17039     4.9560         38 0.0000e+00
     172761   7198.318    594.000    587.560     3.8325     3.8315  32.578516  32.578992     2.3221   59.93402  -41.17040     4.9560         44 0.0000e+00
     172812   7200.442    592.000    585.584     3.8350     3.8344  32.579899  32.580527     2.3222   59.93401  -41.17042     4.9560         56 0.0000e+00
     172864   7202.635    590.000    583.609     3.8430     3.8418  32.586583  32.586723     2.3223   59.93402  -41.17043     4.9560         47 0.0000e+00
     172910   7204.524    588.000    581.633     3.8485     3.8494  32.590991  32.592826     2.3235   59.93402  -41.17045     4.9560         48 0.0000e+00
     172962   7206.728    586.000    579.658     3.8498     3.8502  32.591250  32.592834     2.3238   59.93402  -41.17046     4.9560         54 0.0000e+00
