Example_Files/SBE_Processing_Files/Processed_SBE_cast_files/upcasts/uar69-01_008.cnv
* Sea-Bird SBE 9 Data File:
* FileName = D:\data\ar69-01_008.hex
* Software Version Seasave V 7.26.7.107
* Temperature SN = 4491
* Conductivity SN = 3009
* Number of Bytes Per Scan = 44
* Number of Voltage Words = 5
* Number of Scans Averaged by the Deck Unit = 1
* NMEA Latitude = 55 58.83 N
* NMEA Longitude = 043 11.33 W
* NMEA UTC (Time) = Jun 27 2022  11:04:26
** Cruise ID: AR69-01
** Chief Sci:
** Station #: 008
** Site ID: Transit - cal. dip (microcats)
# nquan = 14
# nvalues = 1523                        
# units = specified
# name 0 = scan: Scan Count
# name 1 = timeS: Time, Elapsed [seconds]
# name 2 = prDM: Pressure, Digiquartz [db]
# name 3 = depSM: Depth [salt water, m]
# name 4 = t090C: Temperature [ITS-90, deg C]
# name 5 = t190C: Temperature, 2 [ITS-90, deg C]
# name 6 = c0mS/cm: Conductivity [mS/cm]
# name 7 = c1mS/cm: Conductivity, 2 [mS/cm]
# name 8 = sbeox0V: Oxygen raw, SBE 43 [V]
# name 9 = latitude: Latitude [deg]
# name 10 = longitude: Longitude [deg]
# name 11 = v7: Voltage 7
# name 12 = nbin: number of scans per bin
# name 13 = flag: flag
# span 0 =      89219,     219043       
# span 1 =   3717.426,   9126.768       
# span 2 =      6.000,   3050.000       
# span 3 =      5.945,   3000.541       
# span 4 =     2.6982,     5.8557       
# span 5 =     2.6986,     5.8568       
# span 6 =  31.819190,  33.962844       
# span 7 =  31.820500,  33.966040       
# span 8 =     1.7237,     2.8231       
# span 9 =   55.98069,   55.98086       
# span 10 =  -43.18522,  -43.18264      
# span 11 =     4.9560,     4.9561      
# span 12 =         18,        140      
# span 13 = 0.0000e+00, 0.0000e+00      
# interval = decibars: 2                
# start_time = Jun 27 2022 11:04:26 [NMEA time, first data scan]
# bad_flag = -9.990e-29
*END*
[from data line 104]
      99037   4126.485   2842.000   2797.256     2.8652     2.8654  32.682284  32.682975     1.7596   55.98072  -43.18480     4.9560         39 0.0000e+00
      99079   4128.265   2840.000   2795.300     2.8651     2.8656  32.681440  32.682386     1.7598   55.98072  -43.18479     4.9560         48 0.0000e+00
      99144   4130.964   2838.000   2793.345     2.8652     2.8655  32.680792  32.681736     1.7603   55.98072  -43.18478     4.9560         79 0.0000e+00
      99209   4133.671   2836.000   2791.389     2.8687     2.8695  32.683049  32.684015     1.7612   55.98072  -43.18476     4.9560         46 0.0000e+00
      99247   4135.230   2834.000   2789.434     2.8737     2.8743  32.686730  32.687672     1.7614   55.98072  -43.18476     4.9560         34 0.0000e+00
      99279   4136.567   2832.000   2787.478     2.8751     2.8755  32.687391  32.688155     1.7614   55.98072  -43.18477     4.9560         31 0.0000e+00
      99311   4137.933   2830.000   2785.522     2.8752     2.8756  32.686832  32.687608     1.7616   55.98072  -43.18478     4.9560         36 0.0000e+00
      99368   4140.309   2828.000   2783.566     2.8755     2.8756  32.686385  32.687163     1.7621   55.98072  -43.18477     4.9560         81 0.0000e+00
      99437   4143.156   2826.000   2781.611     2.8756     2.8759  32.685531  32.686440     1.7628   55.98072  -43.18474     4.9560         47 0.0000e+00
      99481   4144.992   2824.000   2779.655     2.8754     2.8757  32.684662  32.685526     1.7633   55.98072  -43.18474     4.9560         44 0.0000e+00
      99524   4146.787   2822.000   2777.699     2.8754     2.8759  32.683992  32.684916     1.7636   55.98072  -43.18475     4.9560         42 0.0000e+00
      99564   4148.445   2820.000   2775.744     2.8756     2.8761  32.683371  32.684320     1.7639   55.98072  -43.18476     4.9560         39 0.0000e+00
      99603   4150.076   2818.000   2773.788     2.8760     2.8764  32.682916  32.683802     1.7639   55.98072  -43.18475     4.9560         39 0.0000e+00
      99645   4151.835   2816.000   2771.832     2.8765     2.8766  32.682646  32.683345     1.7642   55.98073  -43.18474     4.9560         51 0.0000e+00
      99738   4155.695   2814.000   2769.876     2.8772     2.8777  32.682525  32.683482     1.7653   55.98072  -43.18472     4.9560         51 0.0000e+00
      99775   4157.258   2812.000   2767.920     2.8789     2.8795  32.683129  32.684087     1.7658   55.98073  -43.18474     4.9560         28 0.0000e+00
      99802   4158.369   2810.000   2765.965     2.8811     2.8814  32.684457  32.685090     1.7658   55.98074  -43.18474     4.9560         27 0.0000e+00
      99830   4159.527   2808.000   2764.009     2.8823     2.8830  32.684578  32.685574     1.7658   55.98074  -43.18474     4.9560         30 0.0000e+00
      99870   4161.209   2806.000   2762.053     2.8845     2.8852  32.685622  32.686735     1.7662   55.98074  -43.18473     4.9560         52 0.0000e+00
      99980   4165.776   2804.000   2760.097     2.8841     2.8839  32.684544  32.685010     1.7678   55.98074  -43.18470     4.9560         50 0.0000e+00
     100006   4166.856   2802.000   2758.141     2.8888     2.8891  32.687480  32.688224     1.7681   55.98074  -43.18472     4.9560         29 0.0000e+00
     100033   4168.004   2800.000   2756.185     2.8905     2.8908  32.688174  32.688927     1.7682   55.98074  -43.18472     4.9560         28 0.0000e+00
     100064   4169.295   2798.000   2754.229     2.8907     2.8913  32.687547  32.688776     1.7681   55.98074  -43.18473     4.9560         36 0.0000e+00
     100161   4173.329   2796.000   2752.273     2.8907     2.8908  32.686964  32.687733     1.7688   55.98074  -43.18470     4.9560         66 0.0000e+00
     100227   4176.084   2794.000   2750.317     2.8913     2.8917  32.686590  32.687503     1.7689   55.98074  -43.18471     4.9560         37 0.0000e+00
     100393   4183.011   2792.000   2748.361     2.8914     2.8916  32.685981  32.686844     1.7687   55.98074  -43.18471     4.9560         66 0.0000e+00
     111115   4629.731   2790.000   2746.405     2.8918     2.8921  32.685542  32.686516     1.7708   55.98077  -43.18392     4.9560         65 0.0000e+00
     116784   4865.951   2788.000   2744.449     2.8910     2.8915  32.684092  32.685116     1.7725   55.98078  -43.18355     4.9560         29 0.0000e+00
     116689   4862.011   2786.000   2742.493     2.8910     2.8914  32.683345  32.684306     1.7725   55.98078  -43.18356     4.9560         26 0.0000e+00
     116717   4863.182   2784.000   2740.537     2.8910     2.8916  32.682583  32.683656     1.7727   55.98078  -43.18356     4.9560         31 0.0000e+00
     116756   4864.810   2782.000   2738.581     2.8910     2.8915  32.681951  32.682934     1.7729   55.98078  -43.18356     4.9560         51 0.0000e+00
     116841   4868.348   2780.000   2736.624     2.8913     2.8916  32.681440  32.682324     1.7740   55.98078  -43.18354     4.9560         80 0.0000e+00
     116896   4870.616   2778.000   2734.668     2.8930     2.8931  32.681959  32.682644     1.7746   55.98078  -43.18354     4.9560         33 0.0000e+00
     116927   4871.906   2776.000   2732.712     2.8949     2.8954  32.683020  32.683968     1.7748   55.98078  -43.18354     4.9560         31 0.0000e+00
     116959   4873.243   2774.000   2730.756     2.8963     2.8970  32.683566  32.684690     1.7750   55.98078  -43.18354     4.9560         34 0.0000e+00
     116998   4874.872   2772.000   2728.800     2.8987     2.8980  32.685005  32.685076     1.7752   55.98078  -43.18355     4.9560         47 0.0000e+00
     117079   4878.230   2770.000   2726.843     2.9011     2.9011  32.686429  32.687114     1.7761   55.98078  -43.18352     4.9560         65 0.0000e+00
     117128   4880.275   2768.000   2724.887     2.9016     2.9018  32.686005  32.686742     1.7763   55.98078  -43.18353     4.9560         30 0.0000e+00
     117156   4881.464   2766.000   2722.931     2.9030     2.9033  32.686591  32.687383     1.7763   55.98078  -43.18354     4.9560         30 0.0000e+00
     117190   4882.886   2764.000   2720.975     2.9044     2.9047  32.687077  32.688213     1.7764   55.98078  -43.18354     4.9560         40 0.0000e+00
     117239   4884.926   2762.000   2719.018     2.9078     2.9072  32.689528  32.689608     1.7770   55.98078  -43.18354     4.9560         58 0.0000e+00
     117304   4887.620   2760.000   2717.062     2.9102     2.9097  32.690918  32.691136     1.7775   55.98078  -43.18354     4.9560         64 0.0000e+00
     117354   4889.706   2758.000   2715.106     2.9194     2.9175  32.698470  32.696632     1.7779   55.98078  -43.18352     4.9560         39 0.0000e+00
     117390   4891.203   2756.000   2713.149     2.9228     2.9226  32.700774  32.701103     1.7782   55.98078  -43.18352     4.9560         36 0.0000e+00
     117435   4893.083   2754.000   2711.193     2.9229     2.9248  32.700310  32.702345     1.7788   55.98078  -43.18352     4.9560         57 0.0000e+00
     117491   4895.399   2752.000   2709.237     2.9259     2.9255  32.702074  32.702270     1.7790   55.98078  -43.18352     4.9560         46 0.0000e+00
     117532   4897.142   2750.000   2707.281     2.9280     2.9278  32.703224  32.703587     1.7795   55.98078  -43.18352     4.9560         42 0.0000e+00
     117576   4898.955   2748.000   2705.324     2.9291     2.9293  32.703434  32.704285     1.7797   55.98078  -43.18352     4.9560         42 0.0000e+00
     117619   4900.732   2746.000   2703.368     2.9299     2.9303  32.703328  32.704363     1.7801   55.98078  -43.18352     4.9560         46 0.0000e+00
     117689   4903.678   2744.000   2701.411     2.9310     2.9315  32.703747  32.704905     1.7808   55.98080  -43.18350     4.9560         82 0.0000e+00
     117740   4905.809   2742.000   2699.455     2.9319     2.9320  32.703547  32.704240     1.7812   55.98080  -43.18352     4.9560         28 0.0000e+00
     117765   4906.826   2740.000   2697.498     2.9327     2.9330  32.703688  32.704466     1.7812   55.98078  -43.18352     4.9560         24 0.0000e+00
     117790   4907.873   2738.000   2695.542     2.9328     2.9332  32.703013  32.704010     1.7812   55.98078  -43.18352     4.9560         28 0.0000e+00
     117857   4910.657   2736.000   2693.585     2.9328     2.9337  32.702342  32.703728     1.7816   55.98079  -43.18351     4.9560         55 0.0000e+00
     117941   4914.178   2734.000   2691.629     2.9340     2.9341  32.702475  32.703154     1.7825   55.98078  -43.18350     4.9560         33 0.0000e+00
     117969   4915.350   2732.000   2689.672     2.9363     2.9372  32.703732  32.704808     1.7826   55.98078  -43.18351     4.9560         28 0.0000e+00
     117997   4916.508   2730.000   2687.716     2.9393     2.9395  32.705548  32.706377     1.7827   55.98078  -43.18352     4.9560         28 0.0000e+00
     118027   4917.731   2728.000   2685.759     2.9409     2.9410  32.706246  32.706864     1.7827   55.98078  -43.18352     4.9560         32 0.0000e+00
     118097   4920.657   2726.000   2683.802     2.9412     2.9418  32.705941  32.707072     1.7836   55.98079  -43.18350     4.9560         61 0.0000e+00
     118168   4923.642   2724.000   2681.846     2.9428     2.9429  32.706370  32.707031     1.7844   55.98078  -43.18348     4.9560         29 0.0000e+00
     118195   4924.771   2722.000   2679.889     2.9440     2.9442  32.706672  32.707449     1.7845   55.98078  -43.18350     4.9560         28 0.0000e+00
     118227   4926.074   2720.000   2677.933     2.9445     2.9445  32.706285  32.707018     1.7847   55.98078  -43.18350     4.9560         36 0.0000e+00
     118271   4927.905   2718.000   2675.976     2.9447     2.9448  32.705859  32.706611     1.7848   55.98079  -43.18351     4.9560         52 0.0000e+00
     118332   4930.438   2716.000   2674.019     2.9455     2.9455  32.705774  32.706549     1.7859   55.98079  -43.18349     4.9560         69 0.0000e+00
     118393   4932.992   2714.000   2672.062     2.9481     2.9475  32.707110  32.707125     1.7863   55.98078  -43.18348     4.9560         43 0.0000e+00
     118426   4934.373   2712.000   2670.106     2.9516     2.9517  32.709288  32.709960     1.7864   55.98079  -43.18349     4.9560         31 0.0000e+00
     118460   4935.812   2710.000   2668.149     2.9517     2.9517  32.708669  32.709473     1.7864   55.98080  -43.18350     4.9560         44 0.0000e+00
     118537   4939.005   2708.000   2666.192     2.9521     2.9521  32.708263  32.709007     1.7877   55.98078  -43.18348     4.9560         60 0.0000e+00
     118577   4940.674   2706.000   2664.236     2.9542     2.9547  32.709223  32.709940     1.7877   55.98078  -43.18348     4.9560         29 0.0000e+00
     118606   4941.873   2704.000   2662.278     2.9564     2.9566  32.710306  32.711022     1.7876   55.98078  -43.18348     4.9560         30 0.0000e+00
     118655   4943.905   2702.000   2660.322     2.9568     2.9569  32.709904  32.710641     1.7882   55.98078  -43.18348     4.9560         58 0.0000e+00
     118743   4947.582   2700.000   2658.365     2.9579     2.9580  32.709717  32.710463     1.7894   55.98078  -43.18348     4.9560         35 0.0000e+00
     118767   4948.573   2698.000   2656.408     2.9586     2.9591  32.709466  32.710411     1.7896   55.98078  -43.18348     4.9560         25 0.0000e+00
     118792   4949.624   2696.000   2654.451     2.9600     2.9603  32.709909  32.710739     1.7897   55.98078  -43.18348     4.9560         26 0.0000e+00
     118824   4950.941   2694.000   2652.494     2.9612     2.9615  32.710148  32.711148     1.7898   55.98078  -43.18348     4.9560         40 0.0000e+00
     118915   4954.741   2692.000   2650.537     2.9614     2.9614  32.709556  32.710307     1.7909   55.98078  -43.18347     4.9560         64 0.0000e+00
     118976   4957.289   2690.000   2648.581     2.9641     2.9641  32.710897  32.711413     1.7918   55.98078  -43.18346     4.9560         29 0.0000e+00
     119001   4958.345   2688.000   2646.623     2.9661     2.9668  32.711911  32.712966     1.7918   55.98078  -43.18346     4.9560         25 0.0000e+00
     119026   4959.372   2686.000   2644.667     2.9679     2.9682  32.712677  32.713493     1.7918   55.98078  -43.18346     4.9560         26 0.0000e+00
     119058   4960.699   2684.000   2642.710     2.9683     2.9692  32.712346  32.713779     1.7920   55.98078  -43.18347     4.9560         43 0.0000e+00
     119148   4964.463   2682.000   2640.752     2.9693     2.9690  32.712443  32.712958     1.7928   55.98078  -43.18346     4.9560         55 0.0000e+00
     119189   4966.173   2680.000   2638.796     2.9731     2.9734  32.714818  32.715537     1.7931   55.98078  -43.18346     4.9560         34 0.0000e+00
     119226   4967.729   2678.000   2636.838     2.9758     2.9753  32.716630  32.716799     1.7936   55.98078  -43.18346     4.9560         42 0.0000e+00
     119275   4969.745   2676.000   2634.881     2.9762     2.9763  32.716145  32.716981     1.7940   55.98078  -43.18346     4.9560         49 0.0000e+00
     119318   4971.539   2674.000   2632.924     2.9803     2.9797  32.718865  32.719004     1.7941   55.98078  -43.18346     4.9560         38 0.0000e+00
     119357   4973.183   2672.000   2630.967     2.9801     2.9807  32.718114  32.719232     1.7943   55.98078  -43.18346     4.9560         46 0.0000e+00
     119423   4975.905   2670.000   2629.010     2.9809     2.9809  32.717983  32.718738     1.7953   55.98078  -43.18346     4.9560         73 0.0000e+00
     119476   4978.121   2668.000   2627.053     2.9810     2.9811  32.717088  32.717856     1.7958   55.98078  -43.18346     4.9560         37 0.0000e+00
     119508   4979.462   2666.000   2625.096     2.9810     2.9813  32.716411  32.717328     1.7956   55.98078  -43.18346     4.9560         31 0.0000e+00
     119540   4980.790   2664.000   2623.139     2.9814     2.9815  32.715978  32.716805     1.7958   55.98078  -43.18346     4.9560         36 0.0000e+00
     119612   4983.808   2662.000   2621.182     2.9816     2.9818  32.715496  32.716340     1.7972   55.98078  -43.18346     4.9560         61 0.0000e+00
     119668   4986.141   2660.000   2619.225     2.9845     2.9848  32.717164  32.717656     1.7981   55.98078  -43.18346     4.9560         30 0.0000e+00
     119697   4987.317   2658.000   2617.267     2.9899     2.9905  32.721189  32.722013     1.7982   55.98078  -43.18345     4.9560         28 0.0000e+00
     119727   4988.598   2656.000   2615.310     2.9915     2.9923  32.721947  32.723311     1.7985   55.98078  -43.18344     4.9560         35 0.0000e+00
     119784   4990.950   2654.000   2613.353     2.9937     2.9942  32.723314  32.724400     1.7988   55.98080  -43.18344     4.9560         87 0.0000e+00
     119863   4994.231   2652.000   2611.396     2.9950     2.9948  32.723457  32.724067     1.7992   55.98080  -43.18344     4.9560         50 0.0000e+00
     119900   4995.780   2650.000   2609.438     2.9958     2.9960  32.723420  32.724173     1.7994   55.98080  -43.18344     4.9560         34 0.0000e+00
     119932   4997.137   2648.000   2607.481     2.9957     2.9959  32.722633  32.723522     1.7996   55.98080  -43.18344     4.9560         32 0.0000e+00
     119968   4998.618   2646.000   2605.524     2.9959     2.9962  32.722035  32.723028     1.8001   55.98080  -43.18344     4.9560         41 0.0000e+00
     120020   5000.784   2644.000   2603.566     2.9966     2.9966  32.722052  32.722669     1.8006   55.98080  -43.18344     4.9560         61 0.0000e+00
     120079   5003.244   2642.000   2601.609     2.9991     2.9981  32.723347  32.723095     1.8009   55.98080  -43.18344     4.9560         57 0.0000e+00
     120131   5005.433   2640.000   2599.652     3.0008     3.0011  32.724146  32.724954     1.8011   55.98080  -43.18343     4.9560         45 0.0000e+00
