Example_Files/SBE_Processing_Files/Processed_SBE_cast_files/upcasts/uar69-01_009.cnv
* Sea-Bird SBE 9 Data File:
* FileName = D:\data\ar69-01_009.hex
* Software Version Seasave V 7.26.7.107
* Temperature SN = 4491
* Conductivity SN = 3009
* Number of Bytes Per Scan = 44
* Number of Voltage Words = 5
* Number of Scans Averaged by the Deck Unit = 1
* NMEA Latitude = 59 49.00 N
* NMEA Longitude = 039 06.78 W
* NMEA UTC (Time) = Jun 28 2022  17:49:02
** Cruise ID: AR69-01
** Chief Sci:
** Station #: 009
** Site ID: Glider release (acoustic release test)
# nquan = 14
# nvalues = 506                         
# units = specified
# name 0 = scan: Scan Count
# name 1 = timeS: Time, Elapsed [seconds]
# name 2 = prDM: Pressure, Digiquartz [db]
# name 3 = depSM: Depth [salt water, m]
# name 4 = t090C: Temperature [ITS-90, deg C]
# name 5 = t190C: Temperature, 2 [ITS-90, deg C]
# name 6 = c0mS/cm: Conductivity [mS/cm]
# name 7 = c1mS/cm: Conductivity, 2 [mS/cm]
# name 8 = sbeox0V: Oxygen raw, SBE 43 [V]
# name 9 = latitude: Latitude [deg]
# name 10 = longitude: Longitude [deg]
# name 11 = v7: Voltage 7
# name 12 = nbin: number of scans per bin
# name 13 = flag: flag
# span 0 =      61813,     102883       
# span 1 =   2575.491,   4286.769       
# span 2 =      4.000,   1014.000       
# span 3 =      3.962,   1002.008       
# span 4 =     3.3909,     6.8503       
# span 5 =     3.3906,     6.8495       
# span 6 =  32.260945,  34.969408       
# span 7 =  32.262269,  34.970571       
# span 8 =     2.2376,     2.8537       
# span 9 =   59.81660,   59.81662       
# span 10 =  -39.11300,  -39.11296      
# span 11 =     4.9561,     4.9568      
# span 12 =         29,        115      
# span 13 = 0.0000e+00, 0.0000e+00      
# interval = decibars: 2                
# start_time = Jun 28 2022 17:49:02 [NMEA time, first data scan]
# bad_flag = -9.990e-29
*END*
[from data line 207]
      80522   3355.039    600.000    593.492     3.5607     3.5602  32.323448  32.324691     2.3894   59.81660  -39.11296     4.9565         39 0.0000e+00
      80574   3357.226    598.000    591.516     3.5604     3.5599  32.322391  32.323594     2.3900   59.81662  -39.11297     4.9564         66 0.0000e+00
      80632   3359.623    596.000    589.541     3.5605     3.5600  32.321490  32.322706     2.3913   59.81662  -39.11296     4.9564         44 0.0000e+00
      80671   3361.229    594.000    587.565     3.5602     3.5598  32.320216  32.321550     2.3922   59.81662  -39.11296     4.9563         37 0.0000e+00
      80713   3362.994    592.000    585.590     3.5598     3.5594  32.319008  32.320427     2.3929   59.81662  -39.11296     4.9564         49 0.0000e+00
      80767   3365.254    590.000    583.614     3.5596     3.5592  32.317868  32.319034     2.3941   59.81662  -39.11296     4.9566         55 0.0000e+00
      80818   3367.371    588.000    581.638     3.5591     3.5585  32.316310  32.317484     2.3950   59.81662  -39.11296     4.9564         45 0.0000e+00
      80860   3369.127    586.000    579.663     3.5584     3.5579  32.314743  32.315962     2.3955   59.81662  -39.11296     4.9565         43 0.0000e+00
      80909   3371.161    584.000    577.687     3.5585     3.5581  32.313859  32.315200     2.3961   59.81662  -39.11296     4.9564         52 0.0000e+00
      80958   3373.224    582.000    575.712     3.5586     3.5581  32.313042  32.314256     2.3963   59.81662  -39.11297     4.9564         48 0.0000e+00
      81005   3375.157    580.000    573.736     3.5585     3.5581  32.312051  32.313349     2.3962   59.81662  -39.11298     4.9565         44 0.0000e+00
      81051   3377.065    578.000    571.761     3.5588     3.5584  32.311439  32.312717     2.3973   59.81661  -39.11296     4.9565         48 0.0000e+00
      81104   3379.290    576.000    569.785     3.5593     3.5592  32.310951  32.312420     2.3976   59.81662  -39.11296     4.9565         53 0.0000e+00
      81147   3381.068    574.000    567.809     3.5616     3.5616  32.312237  32.313752     2.3971   59.81662  -39.11296     4.9565         36 0.0000e+00
      81192   3382.944    572.000    565.833     3.5625     3.5621  32.312409  32.313676     2.3971   59.81661  -39.11297     4.9566         65 0.0000e+00
      81257   3385.671    570.000    563.858     3.5636     3.5632  32.312482  32.313635     2.3978   59.81660  -39.11298     4.9566         46 0.0000e+00
      81293   3387.164    568.000    561.882     3.5640     3.5636  32.311845  32.313196     2.3985   59.81662  -39.11297     4.9566         35 0.0000e+00
      81332   3388.784    566.000    559.906     3.5641     3.5638  32.311080  32.312377     2.3988   59.81662  -39.11296     4.9565         45 0.0000e+00
      81381   3390.822    564.000    557.930     3.5649     3.5656  32.310805  32.313153     2.3991   59.81662  -39.11296     4.9564         54 0.0000e+00
      81445   3393.509    562.000    555.955     3.5662     3.5656  32.311220  32.312378     2.3998   59.81660  -39.11298     4.9565         62 0.0000e+00
      81490   3395.370    560.000    553.979     3.5661     3.5656  32.310052  32.311314     2.4003   59.81661  -39.11298     4.9564         35 0.0000e+00
      81525   3396.821    558.000    552.003     3.5658     3.5653  32.308766  32.310114     2.4002   59.81662  -39.11296     4.9564         38 0.0000e+00
      81570   3398.727    556.000    550.027     3.5657     3.5654  32.307952  32.309263     2.4005   59.81662  -39.11296     4.9564         51 0.0000e+00
      81621   3400.826    554.000    548.051     3.5659     3.5655  32.307144  32.308322     2.4017   59.81662  -39.11296     4.9566         52 0.0000e+00
      81681   3403.317    552.000    546.075     3.5659     3.5654  32.306206  32.307427     2.4031   59.81662  -39.11298     4.9567         65 0.0000e+00
      81735   3405.598    550.000    544.099     3.5671     3.5670  32.306125  32.307662     2.4037   59.81662  -39.11298     4.9567         41 0.0000e+00
      81769   3406.993    548.000    542.123     3.5684     3.5681  32.306467  32.307856     2.4045   59.81662  -39.11297     4.9566         31 0.0000e+00
      81803   3408.426    546.000    540.147     3.5684     3.5680  32.305632  32.307045     2.4050   59.81662  -39.11296     4.9565         41 0.0000e+00
      81862   3410.858    544.000    538.172     3.5685     3.5679  32.304819  32.306076     2.4063   59.81662  -39.11297     4.9566         71 0.0000e+00
      81922   3413.372    542.000    536.196     3.5687     3.5682  32.303955  32.305312     2.4083   59.81662  -39.11298     4.9566         46 0.0000e+00
      81963   3415.103    540.000    534.220     3.5691     3.5686  32.303512  32.304761     2.4088   59.81662  -39.11297     4.9564         43 0.0000e+00
      82010   3417.041    538.000    532.243     3.5690     3.5686  32.302538  32.303866     2.4101   59.81662  -39.11296     4.9566         48 0.0000e+00
      82053   3418.845    536.000    530.267     3.5697     3.5693  32.302264  32.303491     2.4107   59.81662  -39.11296     4.9565         39 0.0000e+00
      82095   3420.567    534.000    528.291     3.5696     3.5691  32.301196  32.302517     2.4111   59.81662  -39.11296     4.9565         49 0.0000e+00
      82158   3423.222    532.000    526.315     3.5680     3.5662  32.298733  32.298697     2.4121   59.81662  -39.11297     4.9565         66 0.0000e+00
      82209   3425.313    530.000    524.339     3.5649     3.5640  32.294493  32.295406     2.4132   59.81662  -39.11298     4.9564         40 0.0000e+00
      82246   3426.892    528.000    522.363     3.5638     3.5634  32.292415  32.293874     2.4133   59.81662  -39.11296     4.9564         39 0.0000e+00
      82291   3428.769    526.000    520.387     3.5631     3.5628  32.290956  32.292458     2.4133   59.81662  -39.11296     4.9563         51 0.0000e+00
      82341   3430.813    524.000    518.411     3.5627     3.5621  32.289540  32.290781     2.4141   59.81662  -39.11296     4.9563         45 0.0000e+00
      82392   3432.938    522.000    516.435     3.5624     3.5618  32.288402  32.289589     2.4152   59.81662  -39.11298     4.9564         61 0.0000e+00
      82446   3435.221    520.000    514.458     3.5634     3.5633  32.288375  32.289889     2.4165   59.81662  -39.11296     4.9565         43 0.0000e+00
      82490   3437.032    518.000    512.482     3.5649     3.5646  32.289067  32.290434     2.4173   59.81662  -39.11296     4.9565         52 0.0000e+00
      82549   3439.481    516.000    510.506     3.5653     3.5654  32.288520  32.290262     2.4172   59.81662  -39.11296     4.9564         56 0.0000e+00
      82631   3442.930    514.000    508.530     3.5662     3.5658  32.288402  32.289700     2.4182   59.81662  -39.11296     4.9566         72 0.0000e+00
      82723   3446.739    512.000    506.553     3.5671     3.5666  32.288300  32.289500     2.4191   59.81662  -39.11296     4.9566         52 0.0000e+00
      82927   3455.237    510.000    504.577     3.5673     3.5668  32.287612  32.288908     2.4190   59.81661  -39.11296     4.9564        109 0.0000e+00
      83589   3482.826    508.000    502.601     3.5685     3.5691  32.287840  32.289996     2.4194   59.81662  -39.11297     4.9564         74 0.0000e+00
      83792   3491.276    506.000    500.624     3.5717     3.5718  32.289926  32.291520     2.4204   59.81660  -39.11298     4.9564         41 0.0000e+00
      83825   3492.653    504.000    498.648     3.5752     3.5748  32.292467  32.293824     2.4210   59.81660  -39.11298     4.9566         46 0.0000e+00
      83879   3494.910    502.000    496.672     3.5770     3.5770  32.293422  32.295131     2.4211   59.81662  -39.11296     4.9564         54 0.0000e+00
      83924   3496.793    500.000    494.695     3.5785     3.5780  32.293831  32.295041     2.4216   59.81662  -39.11296     4.9566         43 0.0000e+00
      83977   3499.018    498.000    492.719     3.5774     3.5765  32.291947  32.292652     2.4219   59.81660  -39.11298     4.9563         60 0.0000e+00
      84027   3501.093    496.000    490.742     3.5742     3.5736  32.287570  32.288735     2.4233   59.81660  -39.11298     4.9566         39 0.0000e+00
      84062   3502.555    494.000    488.766     3.5721     3.5713  32.284369  32.285488     2.4239   59.81662  -39.11296     4.9565         35 0.0000e+00
      84107   3504.417    492.000    486.789     3.5714     3.5704  32.282811  32.283517     2.4249   59.81662  -39.11297     4.9565         57 0.0000e+00
      84172   3507.131    490.000    484.813     3.5704     3.5704  32.280779  32.282436     2.4254   59.81660  -39.11298     4.9566         64 0.0000e+00
      84220   3509.125    488.000    482.837     3.5744     3.5748  32.283662  32.285589     2.4258   59.81660  -39.11298     4.9566         35 0.0000e+00
      84253   3510.510    486.000    480.860     3.5773     3.5774  32.285720  32.287428     2.4258   59.81662  -39.11298     4.9568         36 0.0000e+00
      84309   3512.828    484.000    478.883     3.5796     3.5790  32.287266  32.288342     2.4267   59.81662  -39.11298     4.9566         70 0.0000e+00
      84363   3515.064    482.000    476.907     3.5799     3.5797  32.286375  32.287892     2.4271   59.81660  -39.11298     4.9561         36 0.0000e+00
      84395   3516.405    480.000    474.930     3.5805     3.5800  32.286168  32.287376     2.4275   59.81662  -39.11298     4.9563         33 0.0000e+00
      84443   3518.405    478.000    472.954     3.5810     3.5806  32.285839  32.287158     2.4284   59.81662  -39.11298     4.9564         73 0.0000e+00
      84515   3521.423    476.000    470.977     3.5817     3.5819  32.285494  32.287291     2.4293   59.81660  -39.11298     4.9567         49 0.0000e+00
      84549   3522.845    474.000    469.001     3.5834     3.5832  32.286143  32.287678     2.4303   59.81662  -39.11298     4.9567         32 0.0000e+00
      84585   3524.324    472.000    467.024     3.5830     3.5824  32.284896  32.286136     2.4314   59.81662  -39.11298     4.9565         43 0.0000e+00
      84641   3526.685    470.000    465.047     3.5821     3.5814  32.283049  32.284116     2.4327   59.81662  -39.11298     4.9563         62 0.0000e+00
      84693   3528.844    468.000    463.071     3.5822     3.5819  32.282118  32.283440     2.4337   59.81661  -39.11298     4.9564         44 0.0000e+00
      84737   3530.651    466.000    461.094     3.5826     3.5821  32.281518  32.282807     2.4337   59.81662  -39.11298     4.9564         45 0.0000e+00
      84782   3532.556    464.000    459.117     3.5825     3.5823  32.280542  32.282060     2.4344   59.81662  -39.11298     4.9564         46 0.0000e+00
      84830   3534.557    462.000    457.140     3.5829     3.5826  32.279918  32.281454     2.4349   59.81662  -39.11298     4.9566         50 0.0000e+00
      84882   3536.715    460.000    455.163     3.5830     3.5826  32.279095  32.280482     2.4347   59.81661  -39.11298     4.9567         52 0.0000e+00
      84929   3538.647    458.000    453.187     3.5832     3.5828  32.278266  32.279563     2.4353   59.81662  -39.11298     4.9563         42 0.0000e+00
      84976   3540.609    456.000    451.210     3.5829     3.5824  32.277061  32.278427     2.4369   59.81662  -39.11298     4.9564         56 0.0000e+00
      85028   3542.804    454.000    449.233     3.5832     3.5827  32.276322  32.277454     2.4378   59.81662  -39.11298     4.9566         41 0.0000e+00
      85065   3544.331    452.000    447.256     3.5842     3.5838  32.276318  32.277631     2.4384   59.81662  -39.11298     4.9564         39 0.0000e+00
      85117   3546.497    450.000    445.279     3.5841     3.5837  32.275489  32.276825     2.4394   59.81662  -39.11299     4.9567         63 0.0000e+00
      85177   3548.994    448.000    443.302     3.5842     3.5837  32.274540  32.275772     2.4403   59.81662  -39.11299     4.9564         53 0.0000e+00
      85220   3550.793    446.000    441.326     3.5842     3.5839  32.273529  32.274926     2.4406   59.81662  -39.11298     4.9564         35 0.0000e+00
      85252   3552.120    444.000    439.349     3.5839     3.5833  32.272229  32.273526     2.4409   59.81662  -39.11298     4.9562         32 0.0000e+00
      85303   3554.233    442.000    437.372     3.5825     3.5818  32.269964  32.271039     2.4417   59.81662  -39.11298     4.9566         80 0.0000e+00
      85378   3557.374    440.000    435.395     3.5822     3.5814  32.268560  32.269465     2.4426   59.81662  -39.11299     4.9564         43 0.0000e+00
      85409   3558.685    438.000    433.418     3.5819     3.5817  32.267088  32.268536     2.4425   59.81662  -39.11298     4.9563         30 0.0000e+00
      85444   3560.110    436.000    431.441     3.5822     3.5820  32.266608  32.268101     2.4424   59.81662  -39.11298     4.9563         41 0.0000e+00
      85499   3562.416    434.000    429.464     3.5830     3.5827  32.266430  32.267928     2.4429   59.81662  -39.11300     4.9564         65 0.0000e+00
      85552   3564.632    432.000    427.487     3.5841     3.5838  32.266360  32.267823     2.4439   59.81662  -39.11300     4.9565         41 0.0000e+00
      85590   3566.213    430.000    425.510     3.5852     3.5846  32.266474  32.267683     2.4448   59.81662  -39.11298     4.9566         40 0.0000e+00
      85651   3568.761    428.000    423.533     3.5863     3.5861  32.266806  32.268287     2.4460   59.81662  -39.11299     4.9566         72 0.0000e+00
      85701   3570.831    426.000    421.555     3.5889     3.5889  32.268222  32.269766     2.4469   59.81661  -39.11300     4.9568         32 0.0000e+00
      85731   3572.071    424.000    419.578     3.5901     3.5897  32.268421  32.269733     2.4476   59.81662  -39.11299     4.9564         32 0.0000e+00
      85779   3574.087    422.000    417.601     3.5905     3.5898  32.268013  32.269211     2.4473   59.81662  -39.11298     4.9565         66 0.0000e+00
      85839   3576.595    420.000    415.624     3.5910     3.5908  32.267458  32.268921     2.4464   59.81662  -39.11298     4.9566         49 0.0000e+00
      85885   3578.505    418.000    413.647     3.5952     3.5949  32.270594  32.271939     2.4464   59.81661  -39.11299     4.9565         45 0.0000e+00
      85931   3580.404    416.000    411.670     3.5948     3.5942  32.269403  32.270497     2.4469   59.81662  -39.11299     4.9565         47 0.0000e+00
      85983   3582.589    414.000    409.693     3.5942     3.5938  32.267916  32.269263     2.4477   59.81662  -39.11298     4.9566         61 0.0000e+00
      86063   3585.896    412.000    407.715     3.5940     3.5934  32.266758  32.267955     2.4481   59.81662  -39.11298     4.9568         75 0.0000e+00
      86251   3593.736    410.000    405.738     3.5939     3.5935  32.265538  32.266833     2.4497   59.81662  -39.11298     4.9564         62 0.0000e+00
      86621   3609.173    408.000    403.761     3.5946     3.5941  32.265298  32.266470     2.4498   59.81661  -39.11298     4.9565         79 0.0000e+00
      87204   3633.467    406.000    401.783     3.5967     3.5959  32.266229  32.267289     2.4508   59.81660  -39.11298     4.9564         41 0.0000e+00
      87217   3633.998    404.000    399.806     3.5973     3.5967  32.265942  32.267103     2.4516   59.81660  -39.11298     4.9567         35 0.0000e+00
      87262   3635.863    402.000    397.829     3.5976     3.5971  32.265469  32.266710     2.4525   59.81662  -39.11298     4.9565         63 0.0000e+00
      87329   3638.669    400.000    395.851     3.5986     3.5981  32.265359  32.266559     2.4532   59.81662  -39.11298     4.9565         52 0.0000e+00
      87365   3640.176    398.000    393.874     3.6003     3.5995  32.265921  32.266822     2.4529   59.81662  -39.11298     4.9565         31 0.0000e+00
