Example_Files/SBE_Processing_Files/Processed_SBE_cast_files/upcasts/uar69-01_021.cnv
* Sea-Bird SBE 9 Data File:
* FileName = D:\data\ar69-01_021.hex
* Software Version Seasave V 7.26.7.107
* Temperature SN = 4491
* Conductivity SN = 3009
* Number of Bytes Per Scan = 44
* Number of Voltage Words = 5
* Number of Scans Averaged by the Deck Unit = 1
* NMEA Latitude = 59 47.95 N
* NMEA Longitude = 039 48.39 W
* NMEA UTC (Time) = Jul 08 2022  18:44:49
** Cruise ID: AR69-01
** Chief Sci:
** Station #: 021
** Site ID: OSNAP cal dip
# nquan = 14
# nvalues = 1319                        
# units = specified
# name 0 = scan: Scan Count
# name 1 = timeS: Time, Elapsed [seconds]
# name 2 = prDM: Pressure, Digiquartz [db]
# name 3 = depSM: Depth [salt water, m]
# name 4 = t090C: Temperature [ITS-90, deg C]
# name 5 = t190C: Temperature, 2 [ITS-90, deg C]
# name 6 = c0mS/cm: Conductivity [mS/cm]
# name 7 = c1mS/cm: Conductivity, 2 [mS/cm]
# name 8 = sbeox0V: Oxygen raw, SBE 43 [V]
# name 9 = latitude: Latitude [deg]
# name 10 = longitude: Longitude [deg]
# name 11 = v7: Voltage 7
# name 12 = nbin: number of scans per bin
# name 13 = flag: flag
# span 0 =      68087,     228698       
# span 1 =   2836.912,   9529.043       
# span 2 =      2.000,   2638.000       
# span 3 =      1.981,   2596.869       
# span 4 =     1.6506,     7.5981       
# span 5 =     1.6450,     7.5968       
# span 6 =  31.491567,  35.620047       
# span 7 =  31.486522,  35.620912       
# span 8 =     1.8477,     2.8427       
# span 9 =   59.80361,   59.81919       
# span 10 =  -39.81582,  -39.80894      
# span 11 =     4.9560,     4.9567      
# span 12 =         16,        108      
# span 13 = 0.0000e+00, 0.0000e+00      
# interval = decibars: 2                
# start_time = Jul 08 2022 18:44:49 [NMEA time, first data scan]
# bad_flag = -9.990e-29
*END*
[from data line 723]
     165072   6877.961   1192.000   1177.404     3.4334     3.4331  32.482048  32.482486     2.1734   59.81332  -39.81334     4.9560         33 0.0000e+00
     165115   6879.742   1190.000   1175.434     3.4337     3.4333  32.481626  32.482056     2.1736   59.81332  -39.81334     4.9560         65 0.0000e+00
     165185   6882.675   1188.000   1173.464     3.4342     3.4338  32.481159  32.481556     2.1737   59.81332  -39.81334     4.9560         45 0.0000e+00
     165217   6884.005   1186.000   1171.495     3.4341     3.4339  32.480064  32.480711     2.1741   59.81332  -39.81334     4.9560         34 0.0000e+00
     165261   6885.823   1184.000   1169.524     3.4337     3.4335  32.478755  32.479538     2.1749   59.81333  -39.81334     4.9560         59 0.0000e+00
     165320   6888.284   1182.000   1167.555     3.4328     3.4330  32.476923  32.477964     2.1761   59.81334  -39.81334     4.9560         46 0.0000e+00
     165358   6889.862   1180.000   1165.584     3.4301     3.4305  32.473223  32.474664     2.1765   59.81334  -39.81334     4.9560         38 0.0000e+00
     165410   6892.051   1178.000   1163.615     3.4290     3.4289  32.471200  32.471952     2.1779   59.81334  -39.81334     4.9560         64 0.0000e+00
     165462   6894.217   1176.000   1161.644     3.4283     3.4285  32.469507  32.470595     2.1795   59.81334  -39.81334     4.9560         40 0.0000e+00
     165502   6895.871   1174.000   1159.674     3.4262     3.4263  32.466160  32.467163     2.1802   59.81335  -39.81334     4.9560         42 0.0000e+00
     165547   6897.746   1172.000   1157.704     3.4247     3.4252  32.463601  32.465152     2.1808   59.81336  -39.81334     4.9560         46 0.0000e+00
     165592   6899.619   1170.000   1155.734     3.4236     3.4235  32.461542  32.462285     2.1816   59.81336  -39.81334     4.9560         47 0.0000e+00
     165647   6901.933   1168.000   1153.764     3.4231     3.4231  32.460053  32.461001     2.1829   59.81336  -39.81334     4.9560         60 0.0000e+00
     165700   6904.105   1166.000   1151.794     3.4226     3.4226  32.458686  32.459521     2.1842   59.81336  -39.81334     4.9560         43 0.0000e+00
     165738   6905.715   1164.000   1149.824     3.4224     3.4222  32.457476  32.458240     2.1847   59.81336  -39.81334     4.9560         38 0.0000e+00
     165781   6907.506   1162.000   1147.853     3.4220     3.4218  32.456259  32.456964     2.1853   59.81338  -39.81336     4.9560         51 0.0000e+00
     165837   6909.818   1160.000   1145.883     3.4220     3.4218  32.455381  32.456020     2.1858   59.81338  -39.81334     4.9560         55 0.0000e+00
     165892   6912.113   1158.000   1143.913     3.4224     3.4222  32.454851  32.455501     2.1860   59.81338  -39.81336     4.9560         53 0.0000e+00
     165935   6913.935   1156.000   1141.943     3.4227     3.4225  32.454179  32.454821     2.1866   59.81338  -39.81336     4.9560         36 0.0000e+00
     165970   6915.382   1154.000   1139.973     3.4226     3.4224  32.453259  32.453936     2.1874   59.81338  -39.81336     4.9560         38 0.0000e+00
     166026   6917.724   1152.000   1138.002     3.4222     3.4219  32.452073  32.452504     2.1882   59.81338  -39.81335     4.9560         65 0.0000e+00
     166073   6919.680   1150.000   1136.032     3.4217     3.4217  32.450555  32.451437     2.1888   59.81340  -39.81337     4.9560         35 0.0000e+00
     166112   6921.301   1148.000   1134.062     3.4212     3.4211  32.449333  32.450097     2.1893   59.81340  -39.81337     4.9560         50 0.0000e+00
     166178   6924.040   1146.000   1132.091     3.4211     3.4208  32.448264  32.448820     2.1906   59.81340  -39.81336     4.9560         60 0.0000e+00
     166217   6925.672   1144.000   1130.121     3.4205     3.4205  32.446797  32.447628     2.1913   59.81340  -39.81338     4.9560         32 0.0000e+00
     166249   6927.011   1142.000   1128.151     3.4195     3.4192  32.444888  32.445409     2.1919   59.81342  -39.81338     4.9560         37 0.0000e+00
     166317   6929.817   1140.000   1126.180     3.4183     3.4183  32.442668  32.443453     2.1928   59.81342  -39.81338     4.9560         67 0.0000e+00
     166368   6931.967   1138.000   1124.210     3.4184     3.4185  32.441643  32.442379     2.1933   59.81342  -39.81340     4.9560         35 0.0000e+00
     166403   6933.414   1136.000   1122.239     3.4195     3.4194  32.441638  32.442341     2.1939   59.81342  -39.81340     4.9560         36 0.0000e+00
     166446   6935.188   1134.000   1120.269     3.4198     3.4194  32.440942  32.441505     2.1941   59.81342  -39.81340     4.9560         49 0.0000e+00
     166495   6937.263   1132.000   1118.299     3.4199     3.4197  32.440204  32.440840     2.1945   59.81344  -39.81340     4.9560         50 0.0000e+00
     166549   6939.500   1130.000   1116.328     3.4197     3.4196  32.439295  32.439947     2.1956   59.81344  -39.81340     4.9560         57 0.0000e+00
     166601   6941.649   1128.000   1114.358     3.4200     3.4198  32.438572  32.439222     2.1965   59.81344  -39.81340     4.9560         44 0.0000e+00
     166644   6943.448   1126.000   1112.387     3.4201     3.4200  32.437993  32.438598     2.1969   59.81344  -39.81340     4.9560         45 0.0000e+00
     166687   6945.254   1124.000   1110.416     3.4203     3.4201  32.437010  32.437727     2.1971   59.81345  -39.81342     4.9560         40 0.0000e+00
     166726   6946.889   1122.000   1108.446     3.4200     3.4198  32.435724  32.436448     2.1977   59.81346  -39.81342     4.9560         42 0.0000e+00
     166793   6949.647   1120.000   1106.475     3.4194     3.4190  32.434334  32.434708     2.1987   59.81346  -39.81342     4.9560         77 0.0000e+00
     166842   6951.701   1118.000   1104.505     3.4186     3.4186  32.432366  32.433246     2.1996   59.81346  -39.81342     4.9560         32 0.0000e+00
     166874   6953.057   1116.000   1102.534     3.4165     3.4166  32.429223  32.430327     2.2007   59.81346  -39.81342     4.9560         37 0.0000e+00
     166926   6955.195   1114.000   1100.563     3.4146     3.4136  32.426410  32.426305     2.2014   59.81348  -39.81342     4.9560         60 0.0000e+00
     166976   6957.276   1112.000   1098.593     3.4120     3.4119  32.422569  32.423585     2.2022   59.81348  -39.81343     4.9560         42 0.0000e+00
     167022   6959.192   1110.000   1096.622     3.4105     3.4101  32.420232  32.420786     2.2032   59.81348  -39.81342     4.9560         54 0.0000e+00
     167077   6961.489   1108.000   1094.651     3.4108     3.4109  32.419313  32.420209     2.2040   59.81348  -39.81342     4.9560         45 0.0000e+00
     167113   6963.017   1106.000   1092.681     3.4124     3.4122  32.419849  32.420595     2.2039   59.81349  -39.81344     4.9560         33 0.0000e+00
     167147   6964.431   1104.000   1090.710     3.4125     3.4121  32.419173  32.419793     2.2041   59.81350  -39.81344     4.9560         40 0.0000e+00
     167223   6967.578   1102.000   1088.739     3.4125     3.4124  32.418444  32.419088     2.2052   59.81350  -39.81342     4.9560         57 0.0000e+00
     167268   6969.439   1100.000   1086.769     3.4129     3.4126  32.417948  32.418515     2.2061   59.81350  -39.81344     4.9560         33 0.0000e+00
     167300   6970.788   1098.000   1084.798     3.4136     3.4133  32.417839  32.418394     2.2067   59.81350  -39.81344     4.9560         35 0.0000e+00
     167356   6973.138   1096.000   1082.827     3.4137     3.4135  32.417135  32.417777     2.2072   59.81352  -39.81343     4.9560         73 0.0000e+00
     167410   6975.368   1094.000   1080.856     3.4139     3.4137  32.416296  32.417062     2.2076   59.81352  -39.81344     4.9560         35 0.0000e+00
     167444   6976.798   1092.000   1078.885     3.4123     3.4117  32.413476  32.413966     2.2080   59.81352  -39.81344     4.9560         37 0.0000e+00
     167492   6978.801   1090.000   1076.914     3.4107     3.4104  32.410887  32.411594     2.2087   59.81353  -39.81344     4.9560         61 0.0000e+00
     167551   6981.241   1088.000   1074.943     3.4094     3.4095  32.408621  32.409569     2.2101   59.81354  -39.81345     4.9560         49 0.0000e+00
     167593   6983.000   1086.000   1072.973     3.4080     3.4080  32.406243  32.407278     2.2108   59.81354  -39.81345     4.9560         38 0.0000e+00
     167632   6984.609   1084.000   1071.002     3.4063     3.4062  32.403584  32.404394     2.2115   59.81354  -39.81344     4.9560         43 0.0000e+00
     167686   6986.896   1082.000   1069.031     3.4055     3.4052  32.401813  32.402367     2.2131   59.81354  -39.81345     4.9560         61 0.0000e+00
     167736   6988.953   1080.000   1067.060     3.4053     3.4050  32.400614  32.401258     2.2140   59.81356  -39.81346     4.9560         40 0.0000e+00
     167780   6990.792   1078.000   1065.089     3.4055     3.4052  32.399948  32.400579     2.2147   59.81356  -39.81346     4.9560         55 0.0000e+00
     167840   6993.294   1076.000   1063.118     3.4053     3.4051  32.398907  32.399439     2.2153   59.81356  -39.81348     4.9560         52 0.0000e+00
     167882   6995.034   1074.000   1061.147     3.4058     3.4057  32.398456  32.399091     2.2154   59.81356  -39.81348     4.9560         37 0.0000e+00
     167917   6996.490   1072.000   1059.176     3.4074     3.4066  32.399192  32.399222     2.2161   59.81357  -39.81348     4.9560         35 0.0000e+00
     167969   6998.664   1070.000   1057.205     3.4069     3.4064  32.397841  32.398179     2.2165   59.81358  -39.81349     4.9560         78 0.0000e+00
     168036   7001.443   1068.000   1055.234     3.4052     3.4044  32.395134  32.395290     2.2181   59.81358  -39.81349     4.9560         40 0.0000e+00
     168070   7002.860   1066.000   1053.263     3.4018     3.4020  32.390726  32.391956     2.2187   59.81358  -39.81348     4.9560         34 0.0000e+00
     168103   7004.259   1064.000   1051.292     3.4013     3.4012  32.389323  32.390139     2.2193   59.81359  -39.81350     4.9560         35 0.0000e+00
     168155   7006.424   1062.000   1049.321     3.4002     3.3999  32.387389  32.387983     2.2202   59.81360  -39.81351     4.9560         78 0.0000e+00
     168226   7009.390   1060.000   1047.349     3.3995     3.3991  32.385573  32.385945     2.2208   59.81360  -39.81350     4.9560         47 0.0000e+00
     168264   7010.961   1058.000   1045.378     3.3989     3.3987  32.383879  32.384631     2.2210   59.81360  -39.81352     4.9560         35 0.0000e+00
     168299   7012.403   1056.000   1043.407     3.3991     3.3990  32.383198  32.383929     2.2214   59.81361  -39.81352     4.9560         35 0.0000e+00
     168347   7014.435   1054.000   1041.436     3.3991     3.3990  32.382418  32.383159     2.2221   59.81362  -39.81352     4.9560         73 0.0000e+00
     168416   7017.308   1052.000   1039.465     3.3994     3.3992  32.381738  32.382366     2.2221   59.81362  -39.81352     4.9560         43 0.0000e+00
     168449   7018.650   1050.000   1037.493     3.4000     3.3995  32.381210  32.381638     2.2225   59.81362  -39.81354     4.9560         32 0.0000e+00
     168487   7020.263   1048.000   1035.522     3.3988     3.3987  32.379290  32.380023     2.2231   59.81364  -39.81352     4.9560         53 0.0000e+00
     168549   7022.824   1046.000   1033.551     3.3989     3.3997  32.378417  32.379943     2.2242   59.81364  -39.81352     4.9560         52 0.0000e+00
     168587   7024.403   1044.000   1031.580     3.3984     3.3982  32.376907  32.377736     2.2249   59.81364  -39.81354     4.9560         34 0.0000e+00
     168624   7025.966   1042.000   1029.608     3.3977     3.3975  32.375389  32.376193     2.2258   59.81366  -39.81354     4.9560         47 0.0000e+00
     168690   7028.717   1040.000   1027.637     3.3969     3.3966  32.373850  32.374328     2.2273   59.81366  -39.81354     4.9560         67 0.0000e+00
     168738   7030.726   1038.000   1025.666     3.3953     3.3950  32.371213  32.371864     2.2280   59.81366  -39.81355     4.9560         41 0.0000e+00
     168779   7032.417   1036.000   1023.694     3.3937     3.3930  32.368517  32.368926     2.2286   59.81366  -39.81356     4.9560         42 0.0000e+00
     168829   7034.501   1034.000   1021.723     3.3928     3.3924  32.367003  32.367473     2.2296   59.81368  -39.81355     4.9560         56 0.0000e+00
     168875   7036.403   1032.000   1019.752     3.3915     3.3912  32.364550  32.365103     2.2303   59.81368  -39.81357     4.9560         35 0.0000e+00
     168909   7037.831   1030.000   1017.780     3.3908     3.3906  32.362974  32.363688     2.2308   59.81368  -39.81358     4.9560         38 0.0000e+00
     168972   7040.472   1028.000   1015.809     3.3904     3.3901  32.361786  32.362387     2.2315   59.81370  -39.81356     4.9560         82 0.0000e+00
     169034   7043.039   1026.000   1013.838     3.3906     3.3904  32.360979  32.361649     2.2322   59.81370  -39.81358     4.9560         37 0.0000e+00
     169062   7044.206   1024.000   1011.866     3.3913     3.3909  32.360494  32.361087     2.2323   59.81370  -39.81358     4.9560         26 0.0000e+00
     169088   7045.293   1022.000   1009.894     3.3917     3.3919  32.360152  32.361067     2.2328   59.81371  -39.81358     4.9560         29 0.0000e+00
     169168   7048.610   1020.000   1007.923     3.3923     3.3920  32.359786  32.360352     2.2337   59.81371  -39.81358     4.9560         42 0.0000e+00
     169217   7050.649   1018.000   1005.951     3.3929     3.3926  32.359431  32.359986     2.2337   59.81372  -39.81358     4.9560         29 0.0000e+00
     169286   7053.550   1016.000   1003.980     3.3932     3.3928  32.358921  32.359437     2.2333   59.81373  -39.81358     4.9560         63 0.0000e+00
     169437   7059.840   1014.000   1002.008     3.3934     3.3930  32.358216  32.358760     2.2332   59.81375  -39.81360     4.9560         60 0.0000e+00
     181654   7568.861   1012.000   1000.037     3.3970     3.3968  32.360851  32.361524     2.2344   59.81481  -39.81403     4.9560         74 0.0000e+00
     185855   7743.921   1010.000    998.065     3.3984     3.3982  32.361314  32.361995     2.2354   59.81517  -39.81418     4.9560         43 0.0000e+00
     185799   7741.583   1008.000    996.093     3.3990     3.3988  32.360944  32.361634     2.2354   59.81516  -39.81417     4.9560         38 0.0000e+00
     185838   7743.200   1006.000    994.122     3.3988     3.3986  32.359924  32.360622     2.2353   59.81517  -39.81418     4.9560         41 0.0000e+00
     185885   7745.178   1004.000    992.150     3.3986     3.3986  32.358937  32.359706     2.2360   59.81518  -39.81420     4.9560         58 0.0000e+00
     185953   7748.002   1002.000    990.178     3.3988     3.3985  32.358108  32.358724     2.2366   59.81518  -39.81418     4.9560         61 0.0000e+00
     185994   7749.707   1000.000    988.207     3.4000     3.3999  32.358322  32.359026     2.2365   59.81518  -39.81420     4.9560         30 0.0000e+00
     186021   7750.825    998.000    986.235     3.4016     3.4014  32.359077  32.359683     2.2365   59.81518  -39.81420     4.9560         27 0.0000e+00
     186076   7753.128    996.000    984.263     3.4023     3.4019  32.358910  32.359317     2.2377   59.81520  -39.81420     4.9560         45 0.0000e+00
     186152   7756.288    994.000    982.292     3.4031     3.4027  32.358607  32.359163     2.2386   59.81520  -39.81421     4.9560         24 0.0000e+00
     186173   7757.173    992.000    980.320     3.4025     3.4021  32.357183  32.357667     2.2384   59.81520  -39.81422     4.9560         23 0.0000e+00
     186202   7758.382    990.000    978.348     3.4016     3.4011  32.355396  32.355851     2.2389   59.81521  -39.81422     4.9560         40 0.0000e+00
