Example_Files/SBE_Processing_Files/Processed_SBE_cast_files/upcasts/uar69-01_022.cnv
* Sea-Bird SBE 9 Data File:
* FileName = D:\data\ar69-01_022.hex
* Software Version Seasave V 7.26.7.107
* Temperature SN = 4491
* Conductivity SN = 3009
* Number of Bytes Per Scan = 44
* Number of Voltage Words = 5
* Number of Scans Averaged by the Deck Unit = 1
* NMEA Latitude = 59 55.83 N
* NMEA Longitude = 039 28.98 W
* NMEA UTC (Time) = Jul 12 2022  09:36:48
** Cruise ID: AR69-01
** Chief Sci:
** Station #: 022
** Site ID: OOI cal dip - CTDMOs (SUMO area)
# nquan = 14
# nvalues = 1319                        
# units = specified
# name 0 = scan: Scan Count
# name 1 = timeS: Time, Elapsed [seconds]
# name 2 = prDM: Pressure, Digiquartz [db]
# name 3 = depSM: Depth [salt water, m]
# name 4 = t090C: Temperature [ITS-90, deg C]
# name 5 = t190C: Temperature, 2 [ITS-90, deg C]
# name 6 = c0mS/cm: Conductivity [mS/cm]
# name 7 = c1mS/cm: Conductivity, 2 [mS/cm]
# name 8 = sbeox0V: Oxygen raw, SBE 43 [V]
# name 9 = latitude: Latitude [deg]
# name 10 = longitude: Longitude [deg]
# name 11 = v7: Voltage 7
# name 12 = nbin: number of scans per bin
# name 13 = flag: flag
# span 0 =      79085,     196416       
# span 1 =   3295.148,   8183.944       
# span 2 =      2.000,   2638.000       
# span 3 =      1.981,   2596.843       
# span 4 =     1.7268,     7.7898       
# span 5 =     1.7270,     7.7899       
# span 6 =  31.555236,  35.806758       
# span 7 =  31.555354,  35.806655       
# span 8 =     1.8586,     2.8477       
# span 9 =   59.93050,   59.93056       
# span 10 =  -39.48300,  -39.48289      
# span 11 =     4.9560,     4.9569      
# span 12 =         22,        119      
# span 13 = 0.0000e+00, 0.0000e+00      
# interval = decibars: 2                
# start_time = Jul 12 2022 09:36:48 [NMEA time, first data scan]
# bad_flag = -9.990e-29
*END*
[from data line 517]
     154532   6438.787   1604.000   1582.799     3.4235     3.4237  32.676761  32.677223     2.0195   59.93052  -39.48294     4.9563         42 0.0000e+00
     154571   6440.403   1602.000   1580.833     3.4245     3.4247  32.676812  32.677168     2.0198   59.93053  -39.48294     4.9564         38 0.0000e+00
     154608   6441.958   1600.000   1578.867     3.4263     3.4256  32.677455  32.677213     2.0199   59.93054  -39.48295     4.9563         37 0.0000e+00
     154647   6443.585   1598.000   1576.901     3.4280     3.4273  32.678309  32.677851     2.0204   59.93053  -39.48296     4.9563         43 0.0000e+00
     154703   6445.899   1596.000   1574.935     3.4296     3.4294  32.678811  32.678855     2.0216   59.93052  -39.48295     4.9562         69 0.0000e+00
     154763   6448.435   1594.000   1572.969     3.4316     3.4320  32.679522  32.679932     2.0225   59.93052  -39.48294     4.9560         46 0.0000e+00
     154805   6450.152   1592.000   1571.002     3.4335     3.4335  32.680345  32.680483     2.0233   59.93052  -39.48296     4.9562         41 0.0000e+00
     154847   6451.923   1590.000   1569.036     3.4335     3.4334  32.679503  32.679601     2.0236   59.93053  -39.48296     4.9564         43 0.0000e+00
     154892   6453.796   1588.000   1567.070     3.4340     3.4341  32.679096  32.679373     2.0237   59.93053  -39.48296     4.9564         48 0.0000e+00
     154946   6456.034   1586.000   1565.104     3.4345     3.4342  32.678659  32.678759     2.0244   59.93052  -39.48296     4.9564         59 0.0000e+00
     155000   6458.300   1584.000   1563.137     3.4354     3.4351  32.678460  32.678449     2.0248   59.93052  -39.48296     4.9563         47 0.0000e+00
     155042   6460.061   1582.000   1561.171     3.4367     3.4367  32.678799  32.678890     2.0253   59.93052  -39.48296     4.9563         39 0.0000e+00
     155082   6461.700   1580.000   1559.205     3.4371     3.4372  32.678170  32.678508     2.0258   59.93052  -39.48296     4.9563         42 0.0000e+00
     155129   6463.670   1578.000   1557.239     3.4385     3.4372  32.678521  32.677830     2.0268   59.93052  -39.48296     4.9564         51 0.0000e+00
     155178   6465.694   1576.000   1555.272     3.4403     3.4402  32.679141  32.679240     2.0275   59.93052  -39.48296     4.9563         46 0.0000e+00
     155229   6467.835   1574.000   1553.306     3.4422     3.4423  32.679915  32.680197     2.0282   59.93052  -39.48296     4.9563         59 0.0000e+00
     155286   6470.216   1572.000   1551.339     3.4437     3.4444  32.680349  32.681126     2.0290   59.93052  -39.48297     4.9564         50 0.0000e+00
     155329   6472.001   1570.000   1549.373     3.4467     3.4466  32.682056  32.682080     2.0289   59.93052  -39.48297     4.9563         38 0.0000e+00
     155366   6473.558   1568.000   1547.407     3.4478     3.4473  32.682186  32.681996     2.0292   59.93052  -39.48296     4.9563         38 0.0000e+00
     155409   6475.313   1566.000   1545.440     3.4479     3.4480  32.681489  32.681812     2.0300   59.93052  -39.48296     4.9563         50 0.0000e+00
     155469   6477.848   1564.000   1543.474     3.4492     3.4494  32.681849  32.682231     2.0313   59.93052  -39.48297     4.9563         65 0.0000e+00
     155524   6480.114   1562.000   1541.507     3.4499     3.4498  32.681208  32.681509     2.0322   59.93052  -39.48298     4.9563         45 0.0000e+00
     155565   6481.848   1560.000   1539.541     3.4495     3.4496  32.679967  32.680392     2.0328   59.93052  -39.48296     4.9563         39 0.0000e+00
     155605   6483.507   1558.000   1537.574     3.4490     3.4490  32.678629  32.678906     2.0333   59.93052  -39.48296     4.9563         43 0.0000e+00
     155654   6485.533   1556.000   1535.608     3.4486     3.4486  32.677396  32.677774     2.0340   59.93052  -39.48298     4.9565         53 0.0000e+00
     155702   6487.561   1554.000   1533.641     3.4488     3.4486  32.676520  32.676622     2.0345   59.93052  -39.48298     4.9563         43 0.0000e+00
     155745   6489.333   1552.000   1531.675     3.4493     3.4496  32.676133  32.676546     2.0349   59.93052  -39.48297     4.9564         46 0.0000e+00
     155798   6491.548   1550.000   1529.708     3.4497     3.4502  32.675647  32.676211     2.0356   59.93052  -39.48296     4.9563         56 0.0000e+00
     155848   6493.610   1548.000   1527.742     3.4519     3.4517  32.676286  32.676316     2.0362   59.93052  -39.48298     4.9565         44 0.0000e+00
     155891   6495.429   1546.000   1525.775     3.4528     3.4529  32.676239  32.676567     2.0369   59.93052  -39.48298     4.9564         46 0.0000e+00
     155945   6497.683   1544.000   1523.808     3.4531     3.4531  32.675715  32.675921     2.0380   59.93052  -39.48297     4.9564         59 0.0000e+00
     155995   6499.744   1542.000   1521.842     3.4548     3.4548  32.676140  32.676230     2.0387   59.93052  -39.48296     4.9562         39 0.0000e+00
     156032   6501.290   1540.000   1519.875     3.4569     3.4565  32.676961  32.676957     2.0393   59.93052  -39.48298     4.9560         39 0.0000e+00
     156080   6503.305   1538.000   1517.908     3.4569     3.4570  32.676254  32.676547     2.0399   59.93052  -39.48298     4.9561         55 0.0000e+00
     156131   6505.419   1536.000   1515.941     3.4588     3.4585  32.676837  32.676753     2.0405   59.93052  -39.48297     4.9563         46 0.0000e+00
     156176   6507.296   1534.000   1513.975     3.4600     3.4598  32.676920  32.677077     2.0414   59.93052  -39.48296     4.9563         45 0.0000e+00
     156222   6509.198   1532.000   1512.008     3.4606     3.4605  32.676549  32.676690     2.0420   59.93052  -39.48298     4.9563         46 0.0000e+00
     156271   6511.232   1530.000   1510.041     3.4609     3.4607  32.675963  32.676000     2.0426   59.93052  -39.48298     4.9563         55 0.0000e+00
     156325   6513.507   1528.000   1508.075     3.4623     3.4623  32.676134  32.676388     2.0433   59.93052  -39.48297     4.9563         48 0.0000e+00
     156369   6515.319   1526.000   1506.108     3.4648     3.4648  32.677288  32.677477     2.0439   59.93052  -39.48296     4.9564         43 0.0000e+00
     156416   6517.311   1524.000   1504.141     3.4653     3.4651  32.676890  32.676939     2.0448   59.93052  -39.48298     4.9563         55 0.0000e+00
     156472   6519.611   1522.000   1502.174     3.4658     3.4657  32.676382  32.676530     2.0458   59.93052  -39.48297     4.9563         48 0.0000e+00
     156512   6521.307   1520.000   1500.207     3.4667     3.4665  32.676111  32.676254     2.0465   59.93052  -39.48297     4.9561         38 0.0000e+00
     156552   6522.972   1518.000   1498.240     3.4666     3.4666  32.675231  32.675505     2.0472   59.93052  -39.48298     4.9560         43 0.0000e+00
     156599   6524.902   1516.000   1496.273     3.4667     3.4667  32.674430  32.674697     2.0474   59.93052  -39.48298     4.9560         48 0.0000e+00
     156650   6527.036   1514.000   1494.306     3.4670     3.4668  32.673791  32.673917     2.0480   59.93052  -39.48296     4.9560         56 0.0000e+00
     156706   6529.357   1512.000   1492.340     3.4673     3.4671  32.673058  32.673281     2.0487   59.93052  -39.48298     4.9562         51 0.0000e+00
     156753   6531.332   1510.000   1490.373     3.4676     3.4676  32.672371  32.672684     2.0494   59.93052  -39.48298     4.9562         47 0.0000e+00
     156799   6533.261   1508.000   1488.406     3.4677     3.4676  32.671529  32.671827     2.0502   59.93052  -39.48298     4.9563         43 0.0000e+00
     156839   6534.903   1506.000   1486.439     3.4687     3.4685  32.671386  32.671531     2.0509   59.93052  -39.48298     4.9563         38 0.0000e+00
     156887   6536.921   1504.000   1484.471     3.4691     3.4690  32.671001  32.671292     2.0518   59.93052  -39.48298     4.9564         66 0.0000e+00
     156950   6539.556   1502.000   1482.505     3.4699     3.4702  32.670657  32.671160     2.0526   59.93052  -39.48298     4.9564         48 0.0000e+00
     156990   6541.227   1500.000   1480.538     3.4708     3.4707  32.670412  32.670722     2.0536   59.93053  -39.48298     4.9561         39 0.0000e+00
     157031   6542.921   1498.000   1478.570     3.4709     3.4707  32.669704  32.669865     2.0539   59.93054  -39.48298     4.9560         42 0.0000e+00
     157073   6544.672   1496.000   1476.603     3.4710     3.4709  32.668955  32.669140     2.0540   59.93053  -39.48298     4.9560         42 0.0000e+00
     157127   6546.929   1494.000   1474.636     3.4711     3.4707  32.668210  32.668352     2.0545   59.93053  -39.48298     4.9563         73 0.0000e+00
     157192   6549.642   1492.000   1472.669     3.4713     3.4713  32.667391  32.667684     2.0547   59.93054  -39.48298     4.9563         42 0.0000e+00
     157225   6551.009   1490.000   1470.702     3.4714     3.4714  32.666679  32.666974     2.0550   59.93054  -39.48298     4.9563         32 0.0000e+00
     157260   6552.475   1488.000   1468.735     3.4712     3.4710  32.665760  32.665947     2.0555   59.93054  -39.48297     4.9564         41 0.0000e+00
     157317   6554.815   1486.000   1466.768     3.4710     3.4709  32.664744  32.664989     2.0563   59.93054  -39.48296     4.9563         70 0.0000e+00
     157379   6557.421   1484.000   1464.800     3.4711     3.4710  32.663774  32.664037     2.0574   59.93054  -39.48296     4.9565         49 0.0000e+00
     157420   6559.137   1482.000   1462.833     3.4709     3.4709  32.662353  32.662748     2.0583   59.93054  -39.48296     4.9565         37 0.0000e+00
     157459   6560.739   1480.000   1460.866     3.4704     3.4704  32.660686  32.661140     2.0593   59.93054  -39.48296     4.9565         43 0.0000e+00
     157510   6562.869   1478.000   1458.899     3.4702     3.4700  32.659377  32.659524     2.0609   59.93054  -39.48296     4.9564         55 0.0000e+00
     157558   6564.878   1476.000   1456.932     3.4706     3.4705  32.658258  32.658618     2.0617   59.93054  -39.48296     4.9563         40 0.0000e+00
     157597   6566.485   1474.000   1454.964     3.4708     3.4706  32.657404  32.657620     2.0622   59.93053  -39.48296     4.9563         41 0.0000e+00
     157655   6568.908   1472.000   1452.997     3.4708     3.4705  32.656530  32.656682     2.0630   59.93053  -39.48296     4.9563         69 0.0000e+00
     157708   6571.132   1470.000   1451.030     3.4719     3.4720  32.656233  32.656646     2.0641   59.93053  -39.48296     4.9564         39 0.0000e+00
     157746   6572.695   1468.000   1449.063     3.4726     3.4724  32.655704  32.655910     2.0646   59.93052  -39.48296     4.9564         39 0.0000e+00
     157787   6574.434   1466.000   1447.095     3.4723     3.4723  32.654714  32.654990     2.0653   59.93052  -39.48296     4.9564         48 0.0000e+00
     157850   6577.056   1464.000   1445.128     3.4722     3.4722  32.653736  32.653965     2.0666   59.93054  -39.48296     4.9563         65 0.0000e+00
     157897   6578.985   1462.000   1443.160     3.4729     3.4728  32.653010  32.653310     2.0676   59.93052  -39.48296     4.9564         35 0.0000e+00
     157934   6580.523   1460.000   1441.193     3.4730     3.4730  32.652256  32.652511     2.0684   59.93052  -39.48296     4.9565         43 0.0000e+00
     157988   6582.806   1458.000   1439.225     3.4731     3.4732  32.651430  32.651833     2.0692   59.93052  -39.48296     4.9564         59 0.0000e+00
     158037   6584.818   1456.000   1437.258     3.4739     3.4739  32.650885  32.651244     2.0701   59.93052  -39.48296     4.9565         42 0.0000e+00
     158079   6586.573   1454.000   1435.291     3.4741     3.4740  32.650195  32.650461     2.0708   59.93052  -39.48298     4.9565         44 0.0000e+00
     158124   6588.450   1452.000   1433.323     3.4741     3.4738  32.649296  32.649481     2.0716   59.93052  -39.48296     4.9564         45 0.0000e+00
     158172   6590.440   1450.000   1431.356     3.4741     3.4739  32.648269  32.648550     2.0722   59.93052  -39.48296     4.9565         52 0.0000e+00
     158227   6592.736   1448.000   1429.388     3.4739     3.4738  32.647290  32.647568     2.0728   59.93052  -39.48296     4.9564         56 0.0000e+00
     158280   6594.962   1446.000   1427.421     3.4742     3.4741  32.646340  32.646656     2.0738   59.93052  -39.48296     4.9564         49 0.0000e+00
     158323   6596.758   1444.000   1425.453     3.4742     3.4743  32.645439  32.645682     2.0745   59.93052  -39.48296     4.9565         39 0.0000e+00
     158364   6598.455   1442.000   1423.485     3.4741     3.4740  32.644428  32.644721     2.0748   59.93052  -39.48296     4.9564         44 0.0000e+00
     158413   6600.499   1440.000   1421.518     3.4739     3.4739  32.643453  32.643808     2.0754   59.93052  -39.48296     4.9563         54 0.0000e+00
     158467   6602.752   1438.000   1419.550     3.4740     3.4739  32.642549  32.642882     2.0760   59.93052  -39.48296     4.9564         50 0.0000e+00
     158512   6604.618   1436.000   1417.583     3.4740     3.4739  32.641603  32.641864     2.0766   59.93052  -39.48296     4.9566         42 0.0000e+00
     158555   6606.415   1434.000   1415.615     3.4738     3.4737  32.640466  32.640840     2.0772   59.93052  -39.48296     4.9563         46 0.0000e+00
     158607   6608.598   1432.000   1413.647     3.4735     3.4733  32.639248  32.639562     2.0780   59.93052  -39.48296     4.9565         57 0.0000e+00
     158658   6610.719   1430.000   1411.680     3.4735     3.4734  32.638158  32.638438     2.0788   59.93052  -39.48296     4.9565         43 0.0000e+00
     158698   6612.384   1428.000   1409.712     3.4732     3.4731  32.636866  32.637265     2.0794   59.93052  -39.48296     4.9563         41 0.0000e+00
     158750   6614.534   1426.000   1407.744     3.4730     3.4728  32.635868  32.636093     2.0802   59.93052  -39.48296     4.9564         65 0.0000e+00
     158809   6617.017   1424.000   1405.776     3.4730     3.4731  32.634670  32.635044     2.0811   59.93052  -39.48296     4.9566         45 0.0000e+00
     158849   6618.677   1422.000   1403.809     3.4728     3.4728  32.633349  32.633682     2.0819   59.93052  -39.48296     4.9564         39 0.0000e+00
     158889   6620.323   1420.000   1401.841     3.4728     3.4726  32.632269  32.632571     2.0828   59.93052  -39.48296     4.9565         41 0.0000e+00
     158934   6622.196   1418.000   1399.873     3.4726     3.4724  32.631207  32.631582     2.0833   59.93052  -39.48296     4.9564         50 0.0000e+00
     158989   6624.511   1416.000   1397.905     3.4725     3.4722  32.630189  32.630401     2.0843   59.93052  -39.48296     4.9563         60 0.0000e+00
     159045   6626.826   1414.000   1395.938     3.4725     3.4723  32.629015  32.629380     2.0858   59.93052  -39.48296     4.9564         47 0.0000e+00
     159085   6628.518   1412.000   1393.970     3.4727     3.4724  32.627966  32.628158     2.0868   59.93052  -39.48296     4.9564         37 0.0000e+00
     159123   6630.066   1410.000   1392.002     3.4729     3.4727  32.627241  32.627490     2.0872   59.93052  -39.48296     4.9563         39 0.0000e+00
     159174   6632.193   1408.000   1390.034     3.4736     3.4727  32.627074  32.626777     2.0879   59.93052  -39.48297     4.9564         68 0.0000e+00
     159236   6634.812   1406.000   1388.066     3.4737     3.4741  32.626183  32.626812     2.0894   59.93052  -39.48296     4.9564         47 0.0000e+00
     159276   6636.448   1404.000   1386.098     3.4735     3.4737  32.624579  32.625306     2.0903   59.93052  -39.48294     4.9564         37 0.0000e+00
     159319   6638.235   1402.000   1384.130     3.4725     3.4728  32.622518  32.623465     2.0911   59.93052  -39.48296     4.9564         53 0.0000e+00
