Example_Files/SBE_Processing_Files/Processed_SBE_cast_files/upcasts/uar69-01_016.cnv
* Sea-Bird SBE 9 Data File:
* FileName = D:\data\ar69-01_016.hex
* Software Version Seasave V 7.26.7.107
* Temperature SN = 4491
* Conductivity SN = 3009
* Number of Bytes Per Scan = 44
* Number of Voltage Words = 5
* Number of Scans Averaged by the Deck Unit = 1
* NMEA Latitude = 59 38.89 N
* NMEA Longitude = 038 34.97 W
* NMEA UTC (Time) = Jul 04 2022  07:20:38
** Cruise ID: AR69-01
** Chief Sci:
** Station #: 016
** Site ID: M4 OSNAP acoustic releases
# nquan = 14
# nvalues = 1508                        
# units = specified
# name 0 = scan: Scan Count
# name 1 = timeS: Time, Elapsed [seconds]
# name 2 = prDM: Pressure, Digiquartz [db]
# name 3 = depSM: Depth [salt water, m]
# name 4 = t090C: Temperature [ITS-90, deg C]
# name 5 = t190C: Temperature, 2 [ITS-90, deg C]
# name 6 = c0mS/cm: Conductivity [mS/cm]
# name 7 = c1mS/cm: Conductivity, 2 [mS/cm]
# name 8 = sbeox0V: Oxygen raw, SBE 43 [V]
# name 9 = latitude: Latitude [deg]
# name 10 = longitude: Longitude [deg]
# name 11 = v7: Voltage 7
# name 12 = nbin: number of scans per bin
# name 13 = flag: flag
# span 0 =      84854,     213202       
# span 1 =   3535.562,   8883.383       
# span 2 =      4.000,   3018.000       
# span 3 =      3.962,   2968.373       
# span 4 =     1.4106,     7.4279       
# span 5 =     1.4100,     7.4228       
# span 6 =  31.428956,  35.480498       
# span 7 =  31.428677,  34.938115       
# span 8 =     1.7808,     2.8238       
# span 9 =   59.64808,   59.64810       
# span 10 =  -38.58288,  -38.58284      
# span 11 =     4.9560,     4.9567      
# span 12 =         30,        146      
# span 13 = 0.0000e+00, 0.0000e+00      
# interval = decibars: 2                
# start_time = Jul 04 2022 07:20:38 [NMEA time, first data scan]
# bad_flag = -9.990e-29
*END*
[from data line 207]
     116178   4840.719   2604.000   2563.634     2.8593     2.8576  32.578956  32.570894     1.8113   59.64808  -38.58285     4.9560         36 0.0000e+00
     116219   4842.427   2602.000   2561.677     2.8610     2.8600  32.579803  32.571006     1.8117   59.64808  -38.58284     4.9560         48 0.0000e+00
     116271   4844.600   2600.000   2559.719     2.8622     2.8617  32.579814  32.572104     1.8122   59.64808  -38.58286     4.9560         53 0.0000e+00
     116320   4846.635   2598.000   2557.762     2.8639     2.8628  32.580673  32.572984     1.8126   59.64809  -38.58286     4.9560         45 0.0000e+00
     116364   4848.456   2596.000   2555.805     2.8647     2.8632  32.580454  32.573387     1.8130   59.64808  -38.58284     4.9560         43 0.0000e+00
     116412   4850.475   2594.000   2553.848     2.8647     2.8636  32.579511  32.573586     1.8135   59.64808  -38.58285     4.9560         56 0.0000e+00
     116466   4852.697   2592.000   2551.891     2.8637     2.8629  32.577544  32.573524     1.8141   59.64809  -38.58285     4.9560         45 0.0000e+00
     116506   4854.385   2590.000   2549.933     2.8654     2.8644  32.578077  32.572802     1.8145   59.64808  -38.58284     4.9560         40 0.0000e+00
     116551   4856.230   2588.000   2547.976     2.8679     2.8666  32.579706  32.572425     1.8148   59.64809  -38.58284     4.9560         50 0.0000e+00
     116605   4858.488   2586.000   2546.019     2.8688     2.8681  32.579804  32.573208     1.8157   59.64809  -38.58284     4.9560         56 0.0000e+00
     116656   4860.617   2584.000   2544.062     2.8675     2.8668  32.577022  32.573699     1.8166   59.64808  -38.58284     4.9560         43 0.0000e+00
     116694   4862.203   2582.000   2542.104     2.8647     2.8646  32.572830  32.573034     1.8176   59.64810  -38.58284     4.9560         37 0.0000e+00
     116733   4863.814   2580.000   2540.147     2.8643     2.8640  32.571363  32.571206     1.8179   59.64810  -38.58284     4.9560         42 0.0000e+00
     116780   4865.806   2578.000   2538.190     2.8649     2.8644  32.571030  32.569452     1.8186   59.64809  -38.58284     4.9560         56 0.0000e+00
     116848   4868.642   2576.000   2536.233     2.8654     2.8655  32.570699  32.568272     1.8197   59.64809  -38.58284     4.9560         65 0.0000e+00
     116893   4870.496   2574.000   2534.275     2.8689     2.8672  32.572753  32.567913     1.8203   59.64808  -38.58284     4.9560         34 0.0000e+00
     116926   4871.891   2572.000   2532.318     2.8717     2.8698  32.574450  32.567449     1.8207   59.64808  -38.58284     4.9560         36 0.0000e+00
     116972   4873.788   2570.000   2530.360     2.8734     2.8737  32.575279  32.568010     1.8207   59.64809  -38.58284     4.9560         56 0.0000e+00
     117028   4876.134   2568.000   2528.403     2.8758     2.8757  32.576626  32.569681     1.8213   59.64808  -38.58284     4.9560         52 0.0000e+00
     117079   4878.255   2566.000   2526.446     2.8796     2.8778  32.579260  32.570633     1.8218   59.64808  -38.58284     4.9560         51 0.0000e+00
     117125   4880.176   2564.000   2524.488     2.8837     2.8822  32.582164  32.571447     1.8221   59.64808  -38.58284     4.9560         40 0.0000e+00
     117162   4881.712   2562.000   2522.531     2.8861     2.8842  32.583654  32.572455     1.8223   59.64808  -38.58284     4.9560         36 0.0000e+00
     117204   4883.449   2560.000   2520.573     2.8874     2.8867  32.583964  32.573751     1.8227   59.64808  -38.58284     4.9560         51 0.0000e+00
     117265   4885.986   2558.000   2518.616     2.8895     2.8900  32.584919  32.575916     1.8236   59.64808  -38.58284     4.9560         62 0.0000e+00
     117316   4888.130   2556.000   2516.658     2.8920     2.8904  32.586156  32.577340     1.8240   59.64808  -38.58284     4.9560         44 0.0000e+00
     117358   4889.874   2554.000   2514.701     2.8950     2.8928  32.588151  32.577719     1.8241   59.64808  -38.58284     4.9560         41 0.0000e+00
     117401   4891.651   2552.000   2512.743     2.8961     2.8948  32.588222  32.578351     1.8246   59.64808  -38.58284     4.9560         47 0.0000e+00
     117453   4893.814   2550.000   2510.785     2.8966     2.8955  32.587830  32.579465     1.8252   59.64808  -38.58284     4.9560         52 0.0000e+00
     117498   4895.692   2548.000   2508.828     2.8991     2.8972  32.589254  32.579935     1.8255   59.64808  -38.58284     4.9560         40 0.0000e+00
     117541   4897.505   2546.000   2506.870     2.9016     2.8998  32.590892  32.580415     1.8257   59.64808  -38.58284     4.9560         49 0.0000e+00
     117595   4899.763   2544.000   2504.913     2.9030     2.9024  32.591491  32.581752     1.8259   59.64808  -38.58284     4.9560         57 0.0000e+00
     117652   4902.108   2542.000   2502.955     2.9072     2.9059  32.594823  32.583411     1.8259   59.64808  -38.58284     4.9560         55 0.0000e+00
     117722   4905.021   2540.000   2500.997     2.9128     2.9105  32.599521  32.586282     1.8257   59.64808  -38.58284     4.9560         75 0.0000e+00
     118836   4951.452   2538.000   2499.040     2.9188     2.9172  32.604807  32.600665     1.8251   59.64808  -38.58285     4.9560        108 0.0000e+00
     120336   5013.972   2536.000   2497.082     2.9244     2.9221  32.609672  32.606786     1.8258   59.64808  -38.58286     4.9560         48 0.0000e+00
     120323   5013.414   2534.000   2495.124     2.9291     2.9245  32.613610  32.605379     1.8260   59.64808  -38.58286     4.9560         37 0.0000e+00
     120362   5015.043   2532.000   2493.166     2.9332     2.9293  32.617129  32.604897     1.8261   59.64808  -38.58286     4.9560         43 0.0000e+00
     120419   5017.417   2530.000   2491.209     2.9377     2.9369  32.621123  32.608092     1.8260   59.64808  -38.58286     4.9560         71 0.0000e+00
     120480   5019.944   2528.000   2489.251     2.9423     2.9398  32.624562  32.612950     1.8262   59.64808  -38.58286     4.9560         45 0.0000e+00
     120519   5021.584   2526.000   2487.293     2.9456     2.9420  32.627079  32.614326     1.8263   59.64808  -38.58286     4.9560         38 0.0000e+00
     120559   5023.231   2524.000   2485.336     2.9477     2.9453  32.628298  32.615289     1.8265   59.64808  -38.58286     4.9560         41 0.0000e+00
     120603   5025.065   2522.000   2483.378     2.9496     2.9484  32.629334  32.616986     1.8262   59.64808  -38.58286     4.9560         47 0.0000e+00
     120654   5027.211   2520.000   2481.420     2.9511     2.9502  32.629907  32.619041     1.8263   59.64808  -38.58286     4.9560         56 0.0000e+00
     120709   5029.505   2518.000   2479.462     2.9527     2.9518  32.630621  32.620651     1.8267   59.64808  -38.58286     4.9560         51 0.0000e+00
     120755   5031.398   2516.000   2477.504     2.9553     2.9534  32.632170  32.621448     1.8270   59.64808  -38.58286     4.9560         41 0.0000e+00
     120795   5033.063   2514.000   2475.546     2.9563     2.9546  32.632277  32.621923     1.8273   59.64808  -38.58286     4.9560         41 0.0000e+00
     120845   5035.155   2512.000   2473.588     2.9570     2.9563  32.632124  32.622911     1.8278   59.64808  -38.58286     4.9560         60 0.0000e+00
     120900   5037.456   2510.000   2471.630     2.9595     2.9580  32.633383  32.623831     1.8281   59.64808  -38.58286     4.9560         46 0.0000e+00
     120941   5039.168   2508.000   2469.672     2.9619     2.9593  32.634745  32.624201     1.8285   59.64808  -38.58286     4.9560         40 0.0000e+00
     120983   5040.922   2506.000   2467.714     2.9634     2.9613  32.635260  32.624738     1.8289   59.64808  -38.58286     4.9560         45 0.0000e+00
     121033   5042.989   2504.000   2465.756     2.9645     2.9632  32.635384  32.625569     1.8293   59.64808  -38.58286     4.9560         50 0.0000e+00
     121078   5044.885   2502.000   2463.798     2.9655     2.9642  32.635596  32.626353     1.8297   59.64808  -38.58286     4.9560         42 0.0000e+00
     121123   5046.750   2500.000   2461.840     2.9660     2.9648  32.635263  32.626764     1.8301   59.64808  -38.58286     4.9560         48 0.0000e+00
     121173   5048.833   2498.000   2459.882     2.9665     2.9654  32.634888  32.627192     1.8304   59.64808  -38.58286     4.9560         51 0.0000e+00
     121226   5051.028   2496.000   2457.924     2.9675     2.9664  32.635005  32.627383     1.8306   59.64808  -38.58286     4.9560         53 0.0000e+00
     121273   5053.009   2494.000   2455.966     2.9697     2.9679  32.636087  32.627502     1.8312   59.64808  -38.58286     4.9560         43 0.0000e+00
     121317   5054.836   2492.000   2454.008     2.9707     2.9693  32.636167  32.627754     1.8315   59.64808  -38.58286     4.9560         45 0.0000e+00
     121363   5056.729   2490.000   2452.050     2.9718     2.9701  32.636261  32.628169     1.8316   59.64808  -38.58286     4.9560         45 0.0000e+00
     121409   5058.650   2488.000   2450.092     2.9731     2.9722  32.636677  32.628442     1.8319   59.64808  -38.58286     4.9560         50 0.0000e+00
     121462   5060.856   2486.000   2448.134     2.9747     2.9741  32.637412  32.629099     1.8325   59.64808  -38.58286     4.9560         53 0.0000e+00
     121510   5062.857   2484.000   2446.176     2.9779     2.9756  32.639526  32.629738     1.8329   59.64808  -38.58286     4.9560         43 0.0000e+00
     121550   5064.524   2482.000   2444.217     2.9804     2.9777  32.641059  32.630328     1.8329   59.64808  -38.58286     4.9560         39 0.0000e+00
     121593   5066.333   2480.000   2442.259     2.9808     2.9798  32.640756  32.630792     1.8331   59.64808  -38.58286     4.9560         50 0.0000e+00
     121648   5068.618   2478.000   2440.301     2.9823     2.9811  32.641188  32.632135     1.8335   59.64808  -38.58286     4.9560         55 0.0000e+00
     121699   5070.730   2476.000   2438.343     2.9841     2.9820  32.642218  32.632673     1.8342   59.64808  -38.58286     4.9560         47 0.0000e+00
     121744   5072.626   2474.000   2436.385     2.9843     2.9830  32.641468  32.632964     1.8346   59.64808  -38.58286     4.9560         45 0.0000e+00
     121790   5074.539   2472.000   2434.426     2.9858     2.9842  32.642002  32.633319     1.8349   59.64808  -38.58286     4.9560         48 0.0000e+00
     121840   5076.644   2470.000   2432.468     2.9874     2.9860  32.642790  32.633885     1.8354   59.64808  -38.58286     4.9560         51 0.0000e+00
     121888   5078.611   2468.000   2430.510     2.9889     2.9872  32.643279  32.634470     1.8359   59.64808  -38.58286     4.9560         41 0.0000e+00
     121928   5080.285   2466.000   2428.551     2.9899     2.9881  32.643391  32.634804     1.8361   59.64808  -38.58286     4.9560         42 0.0000e+00
     121974   5082.205   2464.000   2426.593     2.9913     2.9898  32.643734  32.635111     1.8364   59.64808  -38.58286     4.9560         51 0.0000e+00
     122028   5084.449   2462.000   2424.635     2.9922     2.9911  32.643750  32.635708     1.8369   59.64808  -38.58286     4.9560         53 0.0000e+00
     122074   5086.387   2460.000   2422.676     2.9935     2.9919  32.644119  32.636010     1.8370   59.64808  -38.58286     4.9560         41 0.0000e+00
     122118   5088.196   2458.000   2420.718     2.9945     2.9932  32.644323  32.636200     1.8380   59.64808  -38.58286     4.9560         49 0.0000e+00
     122172   5090.463   2456.000   2418.759     2.9953     2.9947  32.644144  32.636539     1.8382   59.64808  -38.58286     4.9560         54 0.0000e+00
     122218   5092.374   2454.000   2416.801     2.9973     2.9957  32.645011  32.637050     1.8388   59.64808  -38.58286     4.9560         40 0.0000e+00
     122260   5094.136   2452.000   2414.842     2.9983     2.9970  32.645161  32.637183     1.8391   59.64808  -38.58286     4.9560         47 0.0000e+00
     122311   5096.265   2450.000   2412.884     3.0008     2.9995  32.646522  32.637416     1.8397   59.64808  -38.58286     4.9560         53 0.0000e+00
     122363   5098.402   2448.000   2410.926     3.0056     3.0024  32.650089  32.638299     1.8401   59.64808  -38.58286     4.9560         49 0.0000e+00
     122409   5100.330   2446.000   2408.967     3.0078     3.0047  32.651360  32.639439     1.8406   59.64808  -38.58286     4.9560         44 0.0000e+00
     122451   5102.090   2444.000   2407.009     3.0088     3.0064  32.651594  32.640267     1.8407   59.64808  -38.58286     4.9560         42 0.0000e+00
     122498   5104.057   2442.000   2405.050     3.0095     3.0085  32.651397  32.641267     1.8410   59.64808  -38.58286     4.9560         53 0.0000e+00
     122550   5106.218   2440.000   2403.092     3.0108     3.0091  32.651654  32.642480     1.8415   59.64808  -38.58286     4.9560         47 0.0000e+00
     122596   5108.144   2438.000   2401.133     3.0118     3.0103  32.651839  32.642932     1.8418   59.64808  -38.58286     4.9560         49 0.0000e+00
     122645   5110.184   2436.000   2399.174     3.0135     3.0117  32.652613  32.643359     1.8419   59.64808  -38.58286     4.9560         46 0.0000e+00
     122688   5111.971   2434.000   2397.216     3.0142     3.0126  32.652391  32.643636     1.8419   59.64808  -38.58286     4.9560         42 0.0000e+00
     122737   5113.983   2432.000   2395.257     3.0146     3.0142  32.651952  32.644028     1.8423   59.64808  -38.58286     4.9560         58 0.0000e+00
     122796   5116.478   2430.000   2393.298     3.0165     3.0157  32.652564  32.644732     1.8434   59.64808  -38.58286     4.9560         52 0.0000e+00
     122839   5118.256   2428.000   2391.340     3.0190     3.0166  32.654090  32.644986     1.8438   59.64808  -38.58286     4.9560         39 0.0000e+00
     122879   5119.898   2426.000   2389.381     3.0207     3.0188  32.654982  32.644960     1.8442   59.64808  -38.58286     4.9560         41 0.0000e+00
     122923   5121.751   2424.000   2387.422     3.0226     3.0209  32.655831  32.645380     1.8447   59.64808  -38.58286     4.9560         48 0.0000e+00
     122974   5123.864   2422.000   2385.464     3.0239     3.0227  32.656233  32.646444     1.8450   59.64808  -38.58286     4.9560         53 0.0000e+00
     123025   5126.017   2420.000   2383.505     3.0253     3.0236  32.656422  32.647218     1.8455   59.64808  -38.58286     4.9560         49 0.0000e+00
     123073   5127.986   2418.000   2381.546     3.0260     3.0242  32.656206  32.647721     1.8456   59.64808  -38.58286     4.9560         46 0.0000e+00
     123119   5129.919   2416.000   2379.587     3.0262     3.0248  32.655519  32.647760     1.8457   59.64808  -38.58286     4.9560         46 0.0000e+00
     123164   5131.778   2414.000   2377.629     3.0270     3.0257  32.655279  32.647793     1.8461   59.64808  -38.58286     4.9560         44 0.0000e+00
     123211   5133.756   2412.000   2375.670     3.0272     3.0266  32.654564  32.647763     1.8467   59.64808  -38.58286     4.9560         53 0.0000e+00
     123264   5135.965   2410.000   2373.711     3.0281     3.0270  32.654449  32.647835     1.8474   59.64808  -38.58286     4.9560         49 0.0000e+00
     123310   5137.872   2408.000   2371.752     3.0280     3.0272  32.653376  32.647713     1.8481   59.64808  -38.58286     4.9560         45 0.0000e+00
     123357   5139.848   2406.000   2369.793     3.0275     3.0268  32.651831  32.647414     1.8486   59.64808  -38.58286     4.9560         48 0.0000e+00
     123405   5141.817   2404.000   2367.835     3.0284     3.0272  32.651976  32.646810     1.8491   59.64808  -38.58286     4.9560         46 0.0000e+00
     123449   5143.666   2402.000   2365.876     3.0316     3.0295  32.654150  32.646219     1.8494   59.64808  -38.58286     4.9560         43 0.0000e+00
