Example_Files/SBE_Processing_Files/Processed_SBE_cast_files/upcasts/uar69-01_022.cnv
* Sea-Bird SBE 9 Data File:
* FileName = D:\data\ar69-01_022.hex
* Software Version Seasave V 7.26.7.107
* Temperature SN = 4491
* Conductivity SN = 3009
* Number of Bytes Per Scan = 44
* Number of Voltage Words = 5
* Number of Scans Averaged by the Deck Unit = 1
* NMEA Latitude = 59 55.83 N
* NMEA Longitude = 039 28.98 W
* NMEA UTC (Time) = Jul 12 2022  09:36:48
** Cruise ID: AR69-01
** Chief Sci:
** Station #: 022
** Site ID: OOI cal dip - CTDMOs (SUMO area)
# nquan = 14
# nvalues = 1319                        
# units = specified
# name 0 = scan: Scan Count
# name 1 = timeS: Time, Elapsed [seconds]
# name 2 = prDM: Pressure, Digiquartz [db]
# name 3 = depSM: Depth [salt water, m]
# name 4 = t090C: Temperature [ITS-90, deg C]
# name 5 = t190C: Temperature, 2 [ITS-90, deg C]
# name 6 = c0mS/cm: Conductivity [mS/cm]
# name 7 = c1mS/cm: Conductivity, 2 [mS/cm]
# name 8 = sbeox0V: Oxygen raw, SBE 43 [V]
# name 9 = latitude: Latitude [deg]
# name 10 = longitude: Longitude [deg]
# name 11 = v7: Voltage 7
# name 12 = nbin: number of scans per bin
# name 13 = flag: flag
# span 0 =      79085,     196416       
# span 1 =   3295.148,   8183.944       
# span 2 =      2.000,   2638.000       
# span 3 =      1.981,   2596.843       
# span 4 =     1.7268,     7.7898       
# span 5 =     1.7270,     7.7899       
# span 6 =  31.555236,  35.806758       
# span 7 =  31.555354,  35.806655       
# span 8 =     1.8586,     2.8477       
# span 9 =   59.93050,   59.93056       
# span 10 =  -39.48300,  -39.48289      
# span 11 =     4.9560,     4.9569      
# span 12 =         22,        119      
# span 13 = 0.0000e+00, 0.0000e+00      
# interval = decibars: 2                
# start_time = Jul 12 2022 09:36:48 [NMEA time, first data scan]
# bad_flag = -9.990e-29
*END*
[from data line 310]
     144723   6030.095   2018.000   1989.389     3.0834     3.0834  32.548366  32.548338     1.9218   59.93054  -39.48294     4.9560         46 0.0000e+00
     144766   6031.891   2016.000   1987.427     3.0837     3.0839  32.547887  32.548092     1.9222   59.93054  -39.48296     4.9560         41 0.0000e+00
     144806   6033.536   2014.000   1985.465     3.0828     3.0830  32.546034  32.546412     1.9225   59.93054  -39.48296     4.9560         40 0.0000e+00
     144851   6035.405   2012.000   1983.502     3.0832     3.0843  32.545751  32.546635     1.9228   59.93054  -39.48295     4.9560         51 0.0000e+00
     144906   6037.724   2010.000   1981.540     3.0844     3.0852  32.546018  32.546816     1.9232   59.93053  -39.48294     4.9560         56 0.0000e+00
     144957   6039.825   2008.000   1979.577     3.0841     3.0840  32.544517  32.544629     1.9239   59.93052  -39.48294     4.9560         43 0.0000e+00
     144999   6041.565   2006.000   1977.615     3.0815     3.0820  32.540940  32.541550     1.9244   59.93054  -39.48294     4.9560         43 0.0000e+00
     145048   6043.638   2004.000   1975.653     3.0816     3.0813  32.539998  32.540044     1.9251   59.93054  -39.48296     4.9560         56 0.0000e+00
     145097   6045.685   2002.000   1973.690     3.0817     3.0818  32.538945  32.538862     1.9257   59.93054  -39.48295     4.9560         39 0.0000e+00
     145132   6047.115   2000.000   1971.727     3.0826     3.0829  32.538741  32.538779     1.9261   59.93054  -39.48294     4.9560         34 0.0000e+00
     145180   6049.117   1998.000   1969.765     3.0864     3.0855  32.541780  32.540782     1.9268   59.93053  -39.48294     4.9560         70 0.0000e+00
     145248   6051.966   1996.000   1967.803     3.0897     3.0896  32.543843  32.543728     1.9275   59.93054  -39.48294     4.9560         50 0.0000e+00
     145289   6053.671   1994.000   1965.840     3.0942     3.0943  32.547646  32.547538     1.9278   59.93054  -39.48294     4.9560         39 0.0000e+00
     145329   6055.350   1992.000   1963.878     3.0947     3.0948  32.547402  32.547458     1.9278   59.93054  -39.48294     4.9560         43 0.0000e+00
     145379   6057.404   1990.000   1961.915     3.0949     3.0950  32.546804  32.546896     1.9281   59.93054  -39.48294     4.9560         56 0.0000e+00
     145429   6059.504   1988.000   1959.953     3.0968     3.0974  32.547696  32.548209     1.9285   59.93054  -39.48292     4.9560         41 0.0000e+00
     145466   6061.027   1986.000   1957.990     3.0988     3.0990  32.548706  32.548847     1.9286   59.93054  -39.48292     4.9560         35 0.0000e+00
     145507   6062.759   1984.000   1956.027     3.0991     3.0993  32.548295  32.548487     1.9288   59.93054  -39.48292     4.9560         52 0.0000e+00
     145572   6065.471   1982.000   1954.065     3.1000     3.1004  32.548217  32.548671     1.9295   59.93054  -39.48292     4.9560         67 0.0000e+00
     145625   6067.677   1980.000   1952.102     3.1020     3.1022  32.549210  32.549233     1.9300   59.93054  -39.48292     4.9560         43 0.0000e+00
     145663   6069.262   1978.000   1950.139     3.1042     3.1046  32.550523  32.550671     1.9301   59.93054  -39.48292     4.9560         35 0.0000e+00
     145699   6070.750   1976.000   1948.177     3.1059     3.1057  32.551183  32.550881     1.9304   59.93054  -39.48292     4.9560         38 0.0000e+00
     145748   6072.788   1974.000   1946.214     3.1064     3.1066  32.550914  32.551109     1.9309   59.93054  -39.48292     4.9560         63 0.0000e+00
     145817   6075.683   1972.000   1944.251     3.1073     3.1078  32.550785  32.551258     1.9318   59.93054  -39.48292     4.9560         60 0.0000e+00
     145861   6077.517   1970.000   1942.288     3.1113     3.1116  32.553409  32.553398     1.9322   59.93054  -39.48292     4.9560         36 0.0000e+00
     145895   6078.922   1968.000   1940.326     3.1139     3.1141  32.554815  32.555152     1.9324   59.93054  -39.48292     4.9560         34 0.0000e+00
     145936   6080.618   1966.000   1938.363     3.1153     3.1162  32.555525  32.556169     1.9329   59.93054  -39.48292     4.9560         50 0.0000e+00
     145990   6082.870   1964.000   1936.400     3.1180     3.1187  32.557110  32.557639     1.9330   59.93054  -39.48294     4.9560         52 0.0000e+00
     146037   6084.847   1962.000   1934.437     3.1248     3.1241  32.562676  32.561831     1.9334   59.93054  -39.48294     4.9560         46 0.0000e+00
     146086   6086.868   1960.000   1932.474     3.1270     3.1269  32.564115  32.563903     1.9338   59.93054  -39.48294     4.9560         52 0.0000e+00
     146138   6089.062   1958.000   1930.512     3.1281     3.1285  32.564528  32.564662     1.9341   59.93054  -39.48294     4.9560         49 0.0000e+00
     146181   6090.835   1956.000   1928.549     3.1312     3.1310  32.566171  32.566153     1.9345   59.93054  -39.48294     4.9560         39 0.0000e+00
     146223   6092.603   1954.000   1926.586     3.1308     3.1309  32.565072  32.565258     1.9348   59.93054  -39.48295     4.9560         49 0.0000e+00
     146275   6094.755   1952.000   1924.623     3.1311     3.1309  32.564354  32.564335     1.9349   59.93054  -39.48295     4.9560         50 0.0000e+00
     146323   6096.768   1950.000   1922.660     3.1309     3.1311  32.563053  32.563309     1.9352   59.93054  -39.48294     4.9560         49 0.0000e+00
     146372   6098.797   1948.000   1920.697     3.1309     3.1312  32.562138  32.562381     1.9360   59.93054  -39.48296     4.9560         47 0.0000e+00
     146417   6100.675   1946.000   1918.734     3.1302     3.1305  32.560032  32.560425     1.9366   59.93054  -39.48296     4.9560         43 0.0000e+00
     146459   6102.425   1944.000   1916.771     3.1315     3.1315  32.560158  32.560117     1.9374   59.93053  -39.48296     4.9560         42 0.0000e+00
     146505   6104.348   1942.000   1914.808     3.1326     3.1344  32.560642  32.561740     1.9384   59.93052  -39.48296     4.9560         52 0.0000e+00
     146559   6106.596   1940.000   1912.845     3.1392     3.1385  32.566354  32.564725     1.9387   59.93054  -39.48297     4.9560         51 0.0000e+00
     146605   6108.505   1938.000   1910.882     3.1475     3.1474  32.573195  32.572815     1.9389   59.93053  -39.48296     4.9560         43 0.0000e+00
     146650   6110.391   1936.000   1908.919     3.1485     3.1486  32.573382  32.573373     1.9387   59.93052  -39.48296     4.9560         48 0.0000e+00
     146698   6112.375   1934.000   1906.956     3.1504     3.1500  32.574414  32.573856     1.9389   59.93052  -39.48296     4.9560         47 0.0000e+00
     146745   6114.336   1932.000   1904.993     3.1541     3.1534  32.577013  32.576291     1.9394   59.93054  -39.48296     4.9560         49 0.0000e+00
     146800   6116.621   1930.000   1903.030     3.1543     3.1547  32.576507  32.576828     1.9396   59.93054  -39.48296     4.9560         57 0.0000e+00
     146848   6118.636   1928.000   1901.067     3.1576     3.1569  32.578517  32.577802     1.9402   59.93052  -39.48296     4.9560         40 0.0000e+00
     146886   6120.223   1926.000   1899.103     3.1559     3.1563  32.575824  32.576376     1.9408   59.93053  -39.48296     4.9560         38 0.0000e+00
     146930   6122.051   1924.000   1897.140     3.1541     3.1542  32.572918  32.573250     1.9415   59.93054  -39.48296     4.9560         52 0.0000e+00
     146983   6124.246   1922.000   1895.177     3.1535     3.1533  32.571200  32.570909     1.9424   59.93054  -39.48296     4.9560         48 0.0000e+00
     147029   6126.154   1920.000   1893.214     3.1562     3.1556  32.572492  32.571960     1.9430   59.93054  -39.48295     4.9560         48 0.0000e+00
     147079   6128.269   1918.000   1891.251     3.1564     3.1569  32.571848  32.572338     1.9436   59.93054  -39.48295     4.9560         51 0.0000e+00
     147127   6130.248   1916.000   1889.288     3.1603     3.1601  32.574700  32.574350     1.9442   59.93054  -39.48296     4.9560         47 0.0000e+00
     147179   6132.402   1914.000   1887.324     3.1615     3.1629  32.575330  32.576078     1.9448   59.93054  -39.48295     4.9560         53 0.0000e+00
     147226   6134.360   1912.000   1885.361     3.1719     3.1702  32.583928  32.581984     1.9450   59.93054  -39.48294     4.9560         41 0.0000e+00
     147268   6136.116   1910.000   1883.398     3.1749     3.1776  32.586449  32.588814     1.9450   59.93054  -39.48294     4.9560         46 0.0000e+00
     147317   6138.168   1908.000   1881.434     3.1793     3.1786  32.590018  32.589038     1.9451   59.93054  -39.48294     4.9560         49 0.0000e+00
     147364   6140.131   1906.000   1879.471     3.1837     3.1838  32.593007  32.593071     1.9451   59.93054  -39.48294     4.9560         47 0.0000e+00
     147411   6142.101   1904.000   1877.508     3.1849     3.1846  32.593188  32.592986     1.9453   59.93054  -39.48294     4.9560         47 0.0000e+00
     147457   6143.989   1902.000   1875.544     3.1864     3.1862  32.593746  32.593618     1.9457   59.93054  -39.48294     4.9560         45 0.0000e+00
     147506   6146.023   1900.000   1873.581     3.1860     3.1868  32.592772  32.593348     1.9463   59.93054  -39.48294     4.9562         53 0.0000e+00
     147558   6148.193   1898.000   1871.617     3.1872     3.1871  32.592807  32.592590     1.9471   59.93054  -39.48294     4.9563         47 0.0000e+00
     147602   6150.051   1896.000   1869.654     3.1892     3.1892  32.593417  32.593482     1.9476   59.93054  -39.48294     4.9561         46 0.0000e+00
     147652   6152.111   1894.000   1867.691     3.1897     3.1896  32.593049  32.592947     1.9480   59.93054  -39.48294     4.9560         49 0.0000e+00
     147696   6153.977   1892.000   1865.727     3.1926     3.1925  32.594619  32.594427     1.9486   59.93054  -39.48294     4.9560         43 0.0000e+00
     147743   6155.918   1890.000   1863.764     3.1934     3.1935  32.594693  32.594792     1.9489   59.93054  -39.48294     4.9560         51 0.0000e+00
     147795   6158.065   1888.000   1861.800     3.1962     3.1953  32.596265  32.595502     1.9492   59.93054  -39.48294     4.9561         49 0.0000e+00
     147840   6159.976   1886.000   1859.837     3.1992     3.1989  32.598182  32.597910     1.9495   59.93054  -39.48294     4.9562         44 0.0000e+00
     147885   6161.814   1884.000   1857.873     3.2011     3.2001  32.599111  32.598101     1.9499   59.93054  -39.48294     4.9563         44 0.0000e+00
     147930   6163.713   1882.000   1855.909     3.2034     3.2021  32.600511  32.599326     1.9500   59.93054  -39.48295     4.9560         47 0.0000e+00
     147977   6165.679   1880.000   1853.946     3.2047     3.2052  32.601179  32.601084     1.9503   59.93054  -39.48296     4.9560         49 0.0000e+00
     148034   6168.056   1878.000   1851.982     3.2083     3.2063  32.603526  32.601710     1.9507   59.93054  -39.48296     4.9560         61 0.0000e+00
     148083   6170.074   1876.000   1850.019     3.2101     3.2106  32.604186  32.604443     1.9511   59.93054  -39.48296     4.9560         36 0.0000e+00
     148116   6171.472   1874.000   1848.055     3.2126     3.2127  32.605444  32.605580     1.9515   59.93054  -39.48296     4.9562         35 0.0000e+00
     148163   6173.404   1872.000   1846.091     3.2131     3.2130  32.605192  32.605275     1.9519   59.93054  -39.48296     4.9563         61 0.0000e+00
     148223   6175.934   1870.000   1844.128     3.2138     3.2140  32.604818  32.604950     1.9526   59.93054  -39.48296     4.9560         53 0.0000e+00
     148274   6178.022   1868.000   1842.165     3.2166     3.2169  32.606409  32.606594     1.9530   59.93054  -39.48298     4.9560         48 0.0000e+00
     148315   6179.757   1866.000   1840.201     3.2207     3.2205  32.609332  32.608932     1.9534   59.93054  -39.48296     4.9560         36 0.0000e+00
     148352   6181.271   1864.000   1838.237     3.2219     3.2214  32.609795  32.609394     1.9537   59.93054  -39.48296     4.9560         40 0.0000e+00
     148402   6183.363   1862.000   1836.273     3.2226     3.2232  32.609744  32.610358     1.9541   59.93052  -39.48296     4.9560         60 0.0000e+00
     148456   6185.635   1860.000   1834.309     3.2238     3.2245  32.609857  32.610506     1.9541   59.93052  -39.48298     4.9560         43 0.0000e+00
     148495   6187.256   1858.000   1832.346     3.2257     3.2265  32.610955  32.611406     1.9546   59.93054  -39.48298     4.9560         40 0.0000e+00
     148545   6189.347   1856.000   1830.382     3.2282     3.2279  32.612464  32.611997     1.9556   59.93053  -39.48298     4.9560         62 0.0000e+00
     148602   6191.699   1854.000   1828.418     3.2300     3.2318  32.612875  32.614373     1.9563   59.93052  -39.48298     4.9562         45 0.0000e+00
     148642   6193.391   1852.000   1826.454     3.2360     3.2364  32.617534  32.617841     1.9565   59.93052  -39.48298     4.9563         40 0.0000e+00
     148685   6195.158   1850.000   1824.490     3.2366     3.2370  32.617227  32.617604     1.9565   59.93052  -39.48298     4.9562         44 0.0000e+00
     148732   6197.104   1848.000   1822.526     3.2373     3.2378  32.617015  32.617605     1.9570   59.93052  -39.48298     4.9560         52 0.0000e+00
     148791   6199.564   1846.000   1820.563     3.2381     3.2383  32.616969  32.617304     1.9581   59.93052  -39.48298     4.9561         58 0.0000e+00
     148836   6201.456   1844.000   1818.599     3.2399     3.2401  32.617635  32.617744     1.9583   59.93052  -39.48298     4.9563         36 0.0000e+00
     148870   6202.867   1842.000   1816.635     3.2428     3.2429  32.619425  32.619366     1.9586   59.93052  -39.48298     4.9562         35 0.0000e+00
     148919   6204.917   1840.000   1814.671     3.2436     3.2444  32.619332  32.620003     1.9592   59.93052  -39.48298     4.9561         72 0.0000e+00
     148986   6207.694   1838.000   1812.707     3.2454     3.2463  32.619849  32.620697     1.9597   59.93052  -39.48298     4.9560         42 0.0000e+00
     149017   6209.006   1836.000   1810.743     3.2493     3.2493  32.622462  32.622504     1.9596   59.93052  -39.48296     4.9560         31 0.0000e+00
     149057   6210.650   1834.000   1808.779     3.2499     3.2496  32.622372  32.622254     1.9602   59.93052  -39.48297     4.9560         58 0.0000e+00
     149139   6214.095   1832.000   1806.815     3.2507     3.2505  32.622168  32.622006     1.9615   59.93052  -39.48296     4.9563         54 0.0000e+00
     149172   6215.471   1830.000   1804.851     3.2545     3.2545  32.624486  32.624538     1.9614   59.93052  -39.48296     4.9562         29 0.0000e+00
     149201   6216.661   1828.000   1802.887     3.2551     3.2555  32.624295  32.624695     1.9615   59.93052  -39.48296     4.9561         30 0.0000e+00
     149245   6218.521   1826.000   1800.923     3.2558     3.2556  32.624172  32.624169     1.9623   59.93052  -39.48296     4.9560         60 0.0000e+00
     149323   6221.749   1824.000   1798.959     3.2561     3.2564  32.623422  32.623697     1.9634   59.93052  -39.48294     4.9560         44 0.0000e+00
     149355   6223.083   1822.000   1796.995     3.2587     3.2588  32.624370  32.624566     1.9636   59.93052  -39.48296     4.9560         32 0.0000e+00
     149391   6224.577   1820.000   1795.031     3.2597     3.2595  32.624556  32.624422     1.9640   59.93052  -39.48296     4.9561         41 0.0000e+00
     149445   6226.814   1818.000   1793.067     3.2608     3.2614  32.624758  32.625368     1.9647   59.93052  -39.48294     4.9563         66 0.0000e+00
     149502   6229.217   1816.000   1791.102     3.2632     3.2643  32.625742  32.626627     1.9656   59.93052  -39.48294     4.9562         44 0.0000e+00
