Example_Files/SBE_Processing_Files/Processed_SBE_cast_files/upcasts/uar69-01_021.cnv
* Sea-Bird SBE 9 Data File:
* FileName = D:\data\ar69-01_021.hex
* Software Version Seasave V 7.26.7.107
* Temperature SN = 4491
* Conductivity SN = 3009
* Number of Bytes Per Scan = 44
* Number of Voltage Words = 5
* Number of Scans Averaged by the Deck Unit = 1
* NMEA Latitude = 59 47.95 N
* NMEA Longitude = 039 48.39 W
* NMEA UTC (Time) = Jul 08 2022  18:44:49
** Cruise ID: AR69-01
** Chief Sci:
** Station #: 021
** Site ID: OSNAP cal dip
# nquan = 14
# nvalues = 1319                        
# units = specified
# name 0 = scan: Scan Count
# name 1 = timeS: Time, Elapsed [seconds]
# name 2 = prDM: Pressure, Digiquartz [db]
# name 3 = depSM: Depth [salt water, m]
# name 4 = t090C: Temperature [ITS-90, deg C]
# name 5 = t190C: Temperature, 2 [ITS-90, deg C]
# name 6 = c0mS/cm: Conductivity [mS/cm]
# name 7 = c1mS/cm: Conductivity, 2 [mS/cm]
# name 8 = sbeox0V: Oxygen raw, SBE 43 [V]
# name 9 = latitude: Latitude [deg]
# name 10 = longitude: Longitude [deg]
# name 11 = v7: Voltage 7
# name 12 = nbin: number of scans per bin
# name 13 = flag: flag
# span 0 =      68087,     228698       
# span 1 =   2836.912,   9529.043       
# span 2 =      2.000,   2638.000       
# span 3 =      1.981,   2596.869       
# span 4 =     1.6506,     7.5981       
# span 5 =     1.6450,     7.5968       
# span 6 =  31.491567,  35.620047       
# span 7 =  31.486522,  35.620912       
# span 8 =     1.8477,     2.8427       
# span 9 =   59.80361,   59.81919       
# span 10 =  -39.81582,  -39.80894      
# span 11 =     4.9560,     4.9567      
# span 12 =         16,        108      
# span 13 = 0.0000e+00, 0.0000e+00      
# interval = decibars: 2                
# start_time = Jul 08 2022 18:44:49 [NMEA time, first data scan]
# bad_flag = -9.990e-29
*END*
[from data line 1033]
     196198   8174.858    572.000    565.834     3.5842     3.5835  32.336126  32.336616     2.3768   59.81629  -39.81460     4.9560         59 0.0000e+00
     196396   8183.111    570.000    563.858     3.5829     3.5825  32.333946  32.334610     2.3778   59.81631  -39.81460     4.9560         80 0.0000e+00
     209218   8717.357    568.000    561.882     3.5787     3.5785  32.328972  32.329879     2.3810   59.81752  -39.81514     4.9560         73 0.0000e+00
     212390   8849.539    566.000    559.906     3.5768     3.5765  32.326214  32.327026     2.3831   59.81780  -39.81526     4.9560         38 0.0000e+00
     212390   8849.531    564.000    557.930     3.5769     3.5767  32.325415  32.326253     2.3833   59.81780  -39.81526     4.9560         45 0.0000e+00
     212443   8851.767    562.000    555.954     3.5772     3.5777  32.324870  32.326414     2.3840   59.81782  -39.81526     4.9560         63 0.0000e+00
     212504   8854.275    560.000    553.979     3.5793     3.5795  32.326002  32.327051     2.3838   59.81782  -39.81526     4.9560         47 0.0000e+00
     212540   8855.788    558.000    552.003     3.5820     3.5818  32.327736  32.328276     2.3824   59.81782  -39.81526     4.9560         33 0.0000e+00
     212586   8857.688    556.000    550.027     3.5865     3.5856  32.331427  32.331471     2.3811   59.81782  -39.81525     4.9560         66 0.0000e+00
     212644   8860.144    554.000    548.051     3.5897     3.5891  32.333448  32.333905     2.3800   59.81782  -39.81524     4.9560         39 0.0000e+00
     212680   8861.622    552.000    546.075     3.5940     3.5937  32.336680  32.337417     2.3799   59.81782  -39.81524     4.9560         40 0.0000e+00
     212735   8863.925    550.000    544.099     3.5955     3.5955  32.337435  32.338379     2.3790   59.81783  -39.81524     4.9560         61 0.0000e+00
     212783   8865.898    548.000    542.123     3.5966     3.5962  32.337416  32.338018     2.3794   59.81784  -39.81524     4.9560         40 0.0000e+00
     212830   8867.859    546.000    540.147     3.5969     3.5964  32.336701  32.337390     2.3802   59.81784  -39.81524     4.9560         56 0.0000e+00
     212881   8870.008    544.000    538.171     3.5976     3.5969  32.336382  32.336765     2.3815   59.81784  -39.81524     4.9560         43 0.0000e+00
     212920   8871.635    542.000    536.195     3.5946     3.5942  32.332219  32.333164     2.3835   59.81784  -39.81523     4.9562         40 0.0000e+00
     212975   8873.914    540.000    534.219     3.5921     3.5919  32.328839  32.329830     2.3866   59.81784  -39.81522     4.9563         62 0.0000e+00
     213020   8875.804    538.000    532.243     3.5869     3.5854  32.322152  32.322269     2.3895   59.81784  -39.81522     4.9560         31 0.0000e+00
     213051   8877.069    536.000    530.267     3.5825     3.5819  32.316581  32.317305     2.3912   59.81786  -39.81522     4.9560         35 0.0000e+00
     213123   8880.069    534.000    528.291     3.5809     3.5806  32.314069  32.314908     2.3939   59.81786  -39.81522     4.9560         55 0.0000e+00
     213167   8881.937    532.000    526.315     3.5821     3.5816  32.314372  32.314904     2.3954   59.81786  -39.81522     4.9560         33 0.0000e+00
     213204   8883.452    530.000    524.339     3.5793     3.5785  32.310555  32.310814     2.3973   59.81786  -39.81522     4.9560         44 0.0000e+00
     213255   8885.583    528.000    522.363     3.5774     3.5764  32.307742  32.307830     2.3992   59.81786  -39.81522     4.9560         53 0.0000e+00
     213302   8887.561    526.000    520.387     3.5741     3.5736  32.303412  32.303938     2.4007   59.81786  -39.81523     4.9560         42 0.0000e+00
     213353   8889.660    524.000    518.411     3.5731     3.5720  32.301413  32.301417     2.4024   59.81788  -39.81522     4.9560         69 0.0000e+00
     213416   8892.293    522.000    516.435     3.5709     3.5694  32.298107  32.297716     2.4039   59.81788  -39.81522     4.9560         40 0.0000e+00
     213446   8893.531    520.000    514.458     3.5682     3.5682  32.294250  32.295474     2.4046   59.81788  -39.81523     4.9560         28 0.0000e+00
     213475   8894.766    518.000    512.482     3.5677     3.5673  32.292891  32.293753     2.4060   59.81788  -39.81524     4.9560         37 0.0000e+00
     213557   8898.153    516.000    510.506     3.5668     3.5663  32.291149  32.291782     2.4068   59.81789  -39.81522     4.9560         56 0.0000e+00
     213596   8899.793    514.000    508.530     3.5671     3.5668  32.290439  32.291338     2.4068   59.81788  -39.81524     4.9560         29 0.0000e+00
     213625   8900.991    512.000    506.553     3.5664     3.5659  32.288882  32.289586     2.4075   59.81790  -39.81524     4.9560         31 0.0000e+00
     213686   8903.525    510.000    504.577     3.5656     3.5650  32.287233  32.287914     2.4088   59.81790  -39.81523     4.9560         76 0.0000e+00
     213742   8905.889    508.000    502.601     3.5653     3.5649  32.285953  32.286612     2.4103   59.81790  -39.81524     4.9560         35 0.0000e+00
     213777   8907.336    506.000    500.624     3.5645     3.5641  32.284131  32.285022     2.4110   59.81790  -39.81524     4.9560         39 0.0000e+00
     213826   8909.383    504.000    498.648     3.5640     3.5634  32.282799  32.283379     2.4120   59.81792  -39.81524     4.9560         60 0.0000e+00
     213883   8911.755    502.000    496.672     3.5635     3.5632  32.281400  32.282179     2.4128   59.81792  -39.81525     4.9560         48 0.0000e+00
     213927   8913.573    500.000    494.695     3.5632     3.5629  32.280083  32.280910     2.4131   59.81791  -39.81526     4.9560         42 0.0000e+00
     213969   8915.327    498.000    492.719     3.5632     3.5628  32.279104  32.279945     2.4136   59.81792  -39.81526     4.9560         44 0.0000e+00
     214018   8917.355    496.000    490.742     3.5631     3.5626  32.278200  32.278880     2.4141   59.81792  -39.81526     4.9560         53 0.0000e+00
     214066   8919.384    494.000    488.766     3.5632     3.5628  32.277238  32.277957     2.4149   59.81792  -39.81526     4.9560         42 0.0000e+00
     214109   8921.177    492.000    486.789     3.5631     3.5626  32.276289  32.276996     2.4162   59.81792  -39.81526     4.9560         49 0.0000e+00
     214168   8923.632    490.000    484.813     3.5636     3.5632  32.275782  32.276553     2.4168   59.81792  -39.81526     4.9560         60 0.0000e+00
     214215   8925.596    488.000    482.836     3.5676     3.5670  32.278800  32.278938     2.4153   59.81792  -39.81526     4.9560         38 0.0000e+00
     214251   8927.099    486.000    480.860     3.5714     3.5710  32.281683  32.282065     2.4142   59.81793  -39.81527     4.9560         37 0.0000e+00
     214303   8929.231    484.000    478.883     3.5748     3.5747  32.284254  32.285183     2.4141   59.81794  -39.81528     4.9560         68 0.0000e+00
     214364   8931.796    482.000    476.907     3.5773     3.5800  32.285608  32.289104     2.4139   59.81794  -39.81528     4.9560         42 0.0000e+00
     214397   8933.174    480.000    474.930     3.5826     3.5826  32.289992  32.291064     2.4135   59.81794  -39.81528     4.9561         32 0.0000e+00
     214443   8935.099    478.000    472.954     3.5835     3.5832  32.290158  32.291001     2.4137   59.81794  -39.81528     4.9563         66 0.0000e+00
     214504   8937.614    476.000    470.977     3.5850     3.5846  32.290501  32.291250     2.4138   59.81794  -39.81528     4.9561         42 0.0000e+00
     214540   8939.125    474.000    469.000     3.5860     3.5857  32.290514  32.291259     2.4145   59.81794  -39.81528     4.9560         35 0.0000e+00
     214582   8940.862    472.000    467.024     3.5866     3.5864  32.290255  32.291060     2.4152   59.81794  -39.81528     4.9560         53 0.0000e+00
     214644   8943.459    470.000    465.047     3.5875     3.5870  32.290020  32.290530     2.4153   59.81796  -39.81528     4.9560         59 0.0000e+00
     214692   8945.451    468.000    463.071     3.5868     3.5864  32.288289  32.288939     2.4159   59.81796  -39.81528     4.9560         45 0.0000e+00
     214739   8947.414    466.000    461.094     3.5879     3.5877  32.288324  32.289073     2.4165   59.81796  -39.81528     4.9560         46 0.0000e+00
     214777   8949.008    464.000    459.117     3.5881     3.5876  32.287427  32.288126     2.4172   59.81796  -39.81528     4.9560         33 0.0000e+00
     214815   8950.595    462.000    457.140     3.5867     3.5861  32.285040  32.285722     2.4184   59.81796  -39.81529     4.9560         49 0.0000e+00
     214891   8953.731    460.000    455.163     3.5857     3.5857  32.283183  32.284284     2.4203   59.81796  -39.81528     4.9560         79 0.0000e+00
     214939   8955.742    458.000    453.187     3.5842     3.5834  32.280348  32.280934     2.4212   59.81796  -39.81530     4.9560         32 0.0000e+00
     214969   8956.982    456.000    451.210     3.5826     3.5823  32.277859  32.278585     2.4212   59.81796  -39.81530     4.9560         30 0.0000e+00
     215000   8958.311    454.000    449.233     3.5833     3.5828  32.277438  32.278224     2.4217   59.81796  -39.81529     4.9560         35 0.0000e+00
     215061   8960.838    452.000    447.256     3.5824     3.5821  32.275706  32.276422     2.4238   59.81798  -39.81529     4.9560         65 0.0000e+00
     215142   8964.221    450.000    445.279     3.5827     3.5822  32.274764  32.275485     2.4261   59.81796  -39.81528     4.9560         35 0.0000e+00
     215167   8965.270    448.000    443.302     3.5807     3.5802  32.271732  32.272479     2.4260   59.81796  -39.81528     4.9560         24 0.0000e+00
     215193   8966.326    446.000    441.326     3.5809     3.5804  32.271016  32.271695     2.4261   59.81797  -39.81529     4.9560         28 0.0000e+00
     215258   8969.023    444.000    439.349     3.5809     3.5802  32.270220  32.270773     2.4274   59.81798  -39.81530     4.9560         58 0.0000e+00
     215327   8971.923    442.000    437.372     3.5830     3.5826  32.271166  32.271731     2.4275   59.81798  -39.81530     4.9560         29 0.0000e+00
     215351   8972.896    440.000    435.395     3.5867     3.5860  32.273936  32.273904     2.4272   59.81798  -39.81528     4.9560         24 0.0000e+00
     215379   8974.080    438.000    433.418     3.5952     3.5945  32.281402  32.281470     2.4270   59.81798  -39.81528     4.9560         38 0.0000e+00
     215468   8977.808    436.000    431.441     3.5968     3.5951  32.282239  32.281564     2.4263   59.81798  -39.81530     4.9560         52 0.0000e+00
     215501   8979.154    434.000    429.464     3.6019     3.6013  32.285971  32.286323     2.4266   59.81798  -39.81528     4.9560         31 0.0000e+00
     215533   8980.500    432.000    427.487     3.6030     3.6022  32.286346  32.286602     2.4268   59.81799  -39.81528     4.9560         37 0.0000e+00
     215585   8982.651    430.000    425.510     3.6037     3.6030  32.286038  32.286574     2.4264   59.81800  -39.81529     4.9560         70 0.0000e+00
     215651   8985.402    428.000    423.532     3.6042     3.6053  32.285641  32.287505     2.4257   59.81800  -39.81528     4.9560         48 0.0000e+00
     215689   8987.002    426.000    421.555     3.6110     3.6111  32.291211  32.292089     2.4265   59.81800  -39.81528     4.9560         38 0.0000e+00
     215733   8988.843    424.000    419.578     3.6109     3.6103  32.290156  32.290869     2.4269   59.81800  -39.81529     4.9560         51 0.0000e+00
     215784   8990.948    422.000    417.601     3.6119     3.6117  32.289991  32.291023     2.4274   59.81800  -39.81528     4.9560         46 0.0000e+00
     215829   8992.835    420.000    415.624     3.6134     3.6133  32.290443  32.291544     2.4283   59.81800  -39.81528     4.9560         49 0.0000e+00
     215881   8994.991    418.000    413.647     3.6135     3.6136  32.289713  32.290789     2.4295   59.81800  -39.81528     4.9560         51 0.0000e+00
     215926   8996.865    416.000    411.670     3.6145     3.6140  32.289589  32.290162     2.4301   59.81800  -39.81528     4.9560         40 0.0000e+00
     215967   8998.569    414.000    409.693     3.6151     3.6153  32.289213  32.290191     2.4308   59.81801  -39.81528     4.9560         44 0.0000e+00
     216016   9000.633    412.000    407.715     3.6170     3.6169  32.289974  32.291011     2.4315   59.81802  -39.81529     4.9560         54 0.0000e+00
     216072   9002.957    410.000    405.738     3.6176     3.6190  32.289646  32.291912     2.4307   59.81802  -39.81528     4.9560         55 0.0000e+00
     216120   9004.942    408.000    403.761     3.6258     3.6262  32.296375  32.297321     2.4303   59.81802  -39.81528     4.9560         41 0.0000e+00
     216160   9006.623    406.000    401.784     3.6292     3.6289  32.298891  32.299419     2.4305   59.81802  -39.81529     4.9560         41 0.0000e+00
     216207   9008.591    404.000    399.806     3.6300     3.6293  32.298834  32.299275     2.4313   59.81802  -39.81529     4.9560         62 0.0000e+00
     216276   9011.469    402.000    397.829     3.6305     3.6301  32.298310  32.299051     2.4328   59.81802  -39.81529     4.9560         55 0.0000e+00
     216313   9013.003    400.000    395.851     3.6297     3.6290  32.296160  32.296690     2.4328   59.81802  -39.81530     4.9560         31 0.0000e+00
     216344   9014.296    398.000    393.874     3.6301     3.6296  32.295623  32.296238     2.4327   59.81803  -39.81530     4.9560         33 0.0000e+00
     216399   9016.572    396.000    391.897     3.6315     3.6313  32.296179  32.297210     2.4342   59.81804  -39.81530     4.9560         82 0.0000e+00
     216468   9019.454    394.000    389.919     3.6328     3.6329  32.296340  32.297333     2.4352   59.81803  -39.81530     4.9560         39 0.0000e+00
     216497   9020.650    392.000    387.942     3.6364     3.6360  32.298933  32.299538     2.4341   59.81804  -39.81530     4.9560         28 0.0000e+00
     216527   9021.917    390.000    385.964     3.6373     3.6375  32.298951  32.300178     2.4341   59.81804  -39.81530     4.9560         38 0.0000e+00
     216612   9025.467    388.000    383.987     3.6384     3.6380  32.299275  32.299977     2.4357   59.81804  -39.81531     4.9560         55 0.0000e+00
     216652   9027.118    386.000    382.009     3.6410     3.6407  32.300653  32.301316     2.4351   59.81804  -39.81532     4.9560         28 0.0000e+00
     216680   9028.301    384.000    380.032     3.6427     3.6423  32.301469  32.302060     2.4348   59.81804  -39.81531     4.9560         31 0.0000e+00
     216725   9030.176    382.000    378.055     3.6457     3.6450  32.303548  32.303971     2.4355   59.81806  -39.81530     4.9560         64 0.0000e+00
     216801   9033.352    380.000    376.077     3.6467     3.6463  32.303473  32.304228     2.4363   59.81805  -39.81532     4.9560         67 0.0000e+00
     216846   9035.220    378.000    374.100     3.6525     3.6540  32.307810  32.309914     2.4364   59.81805  -39.81531     4.9560         32 0.0000e+00
     216874   9036.375    376.000    372.122     3.6562     3.6555  32.310515  32.310856     2.4366   59.81806  -39.81532     4.9560         27 0.0000e+00
     216906   9037.727    374.000    370.144     3.6551     3.6548  32.308586  32.309538     2.4369   59.81806  -39.81532     4.9560         44 0.0000e+00
     216989   9041.156    372.000    368.167     3.6539     3.6540  32.306430  32.307776     2.4386   59.81806  -39.81532     4.9560         58 0.0000e+00
     217031   9042.912    370.000    366.189     3.6499     3.6494  32.301311  32.302304     2.4401   59.81806  -39.81532     4.9560         33 0.0000e+00
