Example_Files/SBE_Processing_Files/Processed_SBE_cast_files/upcasts/uar69-01_011.cnv
* Sea-Bird SBE 9 Data File:
* FileName = D:\data\ar69-01_011.hex
* Software Version Seasave V 7.26.7.107
* Temperature SN = 4491
* Conductivity SN = 3009
* Number of Bytes Per Scan = 44
* Number of Voltage Words = 5
* Number of Scans Averaged by the Deck Unit = 1
* NMEA Latitude = 59 50.97 N
* NMEA Longitude = 040 41.43 W
* NMEA UTC (Time) = Jun 29 2022  18:39:20
** Cruise ID: AR69-01
** Chief Sci:
** Station #: 011
** Site ID: M2
# nquan = 14
# nvalues = 1242                        
# units = specified
# name 0 = scan: Scan Count
# name 1 = timeS: Time, Elapsed [seconds]
# name 2 = prDM: Pressure, Digiquartz [db]
# name 3 = depSM: Depth [salt water, m]
# name 4 = t090C: Temperature [ITS-90, deg C]
# name 5 = t190C: Temperature, 2 [ITS-90, deg C]
# name 6 = c0mS/cm: Conductivity [mS/cm]
# name 7 = c1mS/cm: Conductivity, 2 [mS/cm]
# name 8 = sbeox0V: Oxygen raw, SBE 43 [V]
# name 9 = latitude: Latitude [deg]
# name 10 = longitude: Longitude [deg]
# name 11 = v7: Voltage 7
# name 12 = nbin: number of scans per bin
# name 13 = flag: flag
# span 0 =      68192,     155969       
# span 1 =   2841.279,   6498.646       
# span 2 =      4.000,   2486.000       
# span 3 =      3.962,   2448.095       
# span 4 =     1.8978,     7.0782       
# span 5 =     1.8978,     7.0775       
# span 6 =  31.646807,  35.253772       
# span 7 =  31.647221,  35.255469       
# span 8 =     1.8768,     2.8261       
# span 9 =   59.84089,   59.84692       
# span 10 =  -40.69738,  -40.69258      
# span 11 =     4.9560,     4.9570      
# span 12 =         21,        123      
# span 13 = 0.0000e+00, 0.0000e+00      
# interval = decibars: 2                
# start_time = Jun 29 2022 18:39:20 [NMEA time, first data scan]
# bad_flag = -9.990e-29
*END*
      68192   2841.279   2486.000   2448.095     1.9004     1.9013  31.651334  31.652352     1.8795   59.84692  -40.69258     4.9560         52 0.0000e+00
      69854   2910.549   2484.000   2446.137     1.8984     1.8989  31.648711  31.649490     1.8805   59.84678  -40.69274     4.9560         35 0.0000e+00
      69743   2905.921   2482.000   2444.178     1.8982     1.8984  31.647851  31.648440     1.8812   59.84680  -40.69274     4.9560         35 0.0000e+00
      69815   2908.899   2480.000   2442.220     1.8978     1.8978  31.646807  31.647221     1.8818   59.84679  -40.69273     4.9560         82 0.0000e+00
      69885   2911.825   2478.000   2440.262     1.8997     1.8996  31.647792  31.647476     1.8826   59.84678  -40.69272     4.9560         48 0.0000e+00
      69923   2913.435   2476.000   2438.304     1.9035     1.9037  31.650132  31.650430     1.8831   59.84678  -40.69274     4.9560         33 0.0000e+00
      69954   2914.724   2474.000   2436.345     1.9042     1.9044  31.649973  31.650328     1.8834   59.84678  -40.69274     4.9560         31 0.0000e+00
      69991   2916.260   2472.000   2434.387     1.9046     1.9048  31.649627  31.650104     1.8838   59.84678  -40.69276     4.9560         48 0.0000e+00
      70066   2919.390   2470.000   2432.429     1.9053     1.9054  31.649544  31.649939     1.8846   59.84677  -40.69274     4.9560         77 0.0000e+00
      70114   2921.394   2468.000   2430.471     1.9078     1.9083  31.651074  31.651209     1.8848   59.84676  -40.69274     4.9560         36 0.0000e+00
      70149   2922.829   2466.000   2428.513     1.9099     1.9102  31.651853  31.652321     1.8849   59.84676  -40.69276     4.9560         35 0.0000e+00
      70187   2924.412   2464.000   2426.554     1.9102     1.9106  31.651555  31.652129     1.8851   59.84676  -40.69276     4.9560         43 0.0000e+00
      70236   2926.450   2462.000   2424.596     1.9119     1.9113  31.652112  31.651838     1.8855   59.84676  -40.69276     4.9560         54 0.0000e+00
      70297   2928.988   2460.000   2422.638     1.9124     1.9116  31.651764  31.651434     1.8862   59.84676  -40.69276     4.9560         68 0.0000e+00
      70354   2931.394   2458.000   2420.679     1.9147     1.9141  31.653009  31.652467     1.8865   59.84674  -40.69277     4.9560         41 0.0000e+00
      70389   2932.828   2456.000   2418.721     1.9164     1.9165  31.653637  31.653940     1.8865   59.84674  -40.69278     4.9560         33 0.0000e+00
      70427   2934.430   2454.000   2416.762     1.9168     1.9167  31.653236  31.653522     1.8865   59.84674  -40.69278     4.9560         46 0.0000e+00
      70479   2936.579   2452.000   2414.804     1.9171     1.9172  31.652672  31.653203     1.8870   59.84673  -40.69278     4.9560         53 0.0000e+00
      70526   2938.555   2450.000   2412.846     1.9176     1.9178  31.652329  31.652714     1.8872   59.84672  -40.69278     4.9560         43 0.0000e+00
      70568   2940.304   2448.000   2410.887     1.9179     1.9180  31.651729  31.652221     1.8877   59.84672  -40.69280     4.9560         44 0.0000e+00
      70622   2942.552   2446.000   2408.929     1.9177     1.9176  31.650826  31.651318     1.8881   59.84672  -40.69280     4.9560         63 0.0000e+00
      70676   2944.810   2444.000   2406.970     1.9174     1.9178  31.649810  31.650411     1.8881   59.84670  -40.69280     4.9560         40 0.0000e+00
      70712   2946.297   2442.000   2405.012     1.9175     1.9176  31.648992  31.649500     1.8884   59.84670  -40.69280     4.9560         36 0.0000e+00
      70757   2948.156   2440.000   2403.053     1.9173     1.9175  31.648144  31.648659     1.8888   59.84670  -40.69281     4.9560         56 0.0000e+00
      70813   2950.516   2438.000   2401.095     1.9186     1.9180  31.648604  31.648316     1.8890   59.84670  -40.69282     4.9560         53 0.0000e+00
      70869   2952.827   2436.000   2399.136     1.9210     1.9212  31.649860  31.650024     1.8897   59.84670  -40.69280     4.9560         55 0.0000e+00
      70912   2954.604   2434.000   2397.177     1.9232     1.9231  31.651041  31.650977     1.8900   59.84668  -40.69282     4.9560         33 0.0000e+00
      70942   2955.887   2432.000   2395.219     1.9241     1.9241  31.650916  31.651309     1.8900   59.84668  -40.69283     4.9560         31 0.0000e+00
      70981   2957.517   2430.000   2393.260     1.9242     1.9242  31.650404  31.650746     1.8906   59.84668  -40.69284     4.9560         50 0.0000e+00
      71078   2961.539   2428.000   2391.301     1.9245     1.9247  31.649799  31.650255     1.8921   59.84668  -40.69282     4.9560         49 0.0000e+00
      71103   2962.587   2426.000   2389.343     1.9265     1.9276  31.651075  31.651707     1.8920   59.84668  -40.69284     4.9560         27 0.0000e+00
      71129   2963.686   2424.000   2387.384     1.9301     1.9307  31.653121  31.653793     1.8920   59.84668  -40.69284     4.9560         27 0.0000e+00
      71169   2965.336   2422.000   2385.426     1.9327     1.9326  31.655147  31.654817     1.8922   59.84667  -40.69286     4.9560         51 0.0000e+00
      71264   2969.305   2420.000   2383.467     1.9368     1.9351  31.658034  31.656016     1.8944   59.84666  -40.69284     4.9560         54 0.0000e+00
      71299   2970.760   2418.000   2381.508     1.9638     1.9660  31.682692  31.680100     1.8939   59.84666  -40.69285     4.9560         32 0.0000e+00
      71329   2971.981   2416.000   2379.550     1.9890     1.9908  31.703694  31.701999     1.8935   59.84666  -40.69286     4.9560         28 0.0000e+00
      71357   2973.158   2414.000   2377.590     1.9993     1.9992  31.709856  31.709586     1.8930   59.84666  -40.69286     4.9560         31 0.0000e+00
      71427   2976.075   2412.000   2375.632     2.0067     2.0072  31.716186  31.716406     1.8933   59.84665  -40.69286     4.9560         59 0.0000e+00
      71490   2978.723   2410.000   2373.673     2.0139     2.0135  31.722156  31.720266     1.8943   59.84664  -40.69286     4.9560         32 0.0000e+00
      71520   2979.969   2408.000   2371.714     2.0273     2.0307  31.733770  31.735088     1.8948   59.84664  -40.69286     4.9560         30 0.0000e+00
      71554   2981.362   2406.000   2369.756     2.0366     2.0359  31.739745  31.739077     1.8952   59.84664  -40.69287     4.9560         38 0.0000e+00
      71603   2983.437   2404.000   2367.797     2.0455     2.0464  31.747824  31.747813     1.8959   59.84664  -40.69287     4.9560         64 0.0000e+00
      71670   2986.214   2402.000   2365.838     2.0597     2.0592  31.759457  31.758455     1.8961   59.84663  -40.69286     4.9560         57 0.0000e+00
      71712   2987.942   2400.000   2363.879     2.0731     2.0691  31.770770  31.765502     1.8960   59.84662  -40.69288     4.9560         34 0.0000e+00
      71747   2989.428   2398.000   2361.920     2.0777     2.0766  31.773332  31.772208     1.8960   59.84662  -40.69288     4.9560         41 0.0000e+00
      71808   2991.943   2396.000   2359.961     2.0858     2.0824  31.780053  31.776948     1.8959   59.84662  -40.69287     4.9560         68 0.0000e+00
      71857   2994.011   2394.000   2358.002     2.0882     2.0884  31.781128  31.780864     1.8960   59.84662  -40.69288     4.9560         38 0.0000e+00
      71895   2995.587   2392.000   2356.043     2.0919     2.0910  31.783303  31.782622     1.8963   59.84662  -40.69288     4.9560         39 0.0000e+00
      71936   2997.281   2390.000   2354.084     2.0948     2.0958  31.785173  31.785991     1.8966   59.84662  -40.69289     4.9560         43 0.0000e+00
      71985   2999.327   2388.000   2352.125     2.0993     2.0994  31.788533  31.788662     1.8974   59.84661  -40.69288     4.9560         61 0.0000e+00
      72048   3001.942   2386.000   2350.166     2.1079     2.1047  31.795676  31.792241     1.8980   59.84660  -40.69288     4.9560         49 0.0000e+00
      72085   3003.504   2384.000   2348.207     2.1191     2.1197  31.805460  31.804605     1.8983   59.84660  -40.69288     4.9560         35 0.0000e+00
      72126   3005.193   2382.000   2346.248     2.1256     2.1237  31.809343  31.808056     1.8987   59.84660  -40.69288     4.9560         49 0.0000e+00
      72178   3007.384   2380.000   2344.289     2.1296     2.1272  31.812853  31.810638     1.8993   59.84660  -40.69289     4.9560         53 0.0000e+00
      72230   3009.542   2378.000   2342.330     2.1351     2.1367  31.817138  31.817970     1.8996   59.84659  -40.69290     4.9560         51 0.0000e+00
      72277   3011.520   2376.000   2340.371     2.1430     2.1422  31.823095  31.822237     1.9000   59.84658  -40.69290     4.9560         43 0.0000e+00
      72321   3013.344   2374.000   2338.411     2.1484     2.1472  31.827068  31.825553     1.9008   59.84658  -40.69288     4.9560         46 0.0000e+00
      72371   3015.399   2372.000   2336.453     2.1567     2.1594  31.834456  31.835646     1.9014   59.84658  -40.69290     4.9560         50 0.0000e+00
      72418   3017.392   2370.000   2334.493     2.1737     2.1713  31.848345  31.844974     1.9015   59.84658  -40.69288     4.9560         44 0.0000e+00
      72458   3019.055   2368.000   2332.534     2.1804     2.1804  31.853954  31.853337     1.9017   59.84658  -40.69289     4.9560         39 0.0000e+00
      72505   3020.995   2366.000   2330.575     2.1853     2.1813  31.856726  31.853730     1.9023   59.84656  -40.69290     4.9560         55 0.0000e+00
      72557   3023.184   2364.000   2328.616     2.1918     2.1915  31.862963  31.861932     1.9025   59.84656  -40.69290     4.9560         45 0.0000e+00
      72605   3025.176   2362.000   2326.657     2.2018     2.2001  31.870940  31.869106     1.9031   59.84656  -40.69288     4.9560         62 0.0000e+00
      72670   3027.859   2360.000   2324.698     2.2075     2.2073  31.875039  31.874471     1.9034   59.84656  -40.69289     4.9560         46 0.0000e+00
      72701   3029.185   2358.000   2322.738     2.2187     2.2189  31.883920  31.883316     1.9029   59.84656  -40.69290     4.9560         29 0.0000e+00
      72732   3030.460   2356.000   2320.779     2.2239     2.2241  31.887377  31.887330     1.9028   59.84656  -40.69291     4.9560         37 0.0000e+00
      72812   3033.776   2354.000   2318.820     2.2285     2.2276  31.890479  31.889660     1.9028   59.84655  -40.69288     4.9560         53 0.0000e+00
      72853   3035.509   2352.000   2316.860     2.2391     2.2387  31.900811  31.898238     1.9023   59.84654  -40.69288     4.9560         29 0.0000e+00
      72884   3036.791   2350.000   2314.901     2.2508     2.2522  31.910263  31.910408     1.9017   59.84654  -40.69290     4.9560         35 0.0000e+00
      72926   3038.528   2348.000   2312.941     2.2579     2.2583  31.915302  31.915541     1.9002   59.84654  -40.69290     4.9560         47 0.0000e+00
      72973   3040.520   2346.000   2310.982     2.2691     2.2700  31.925410  31.925370     1.8996   59.84654  -40.69290     4.9560         50 0.0000e+00
      73037   3043.161   2344.000   2309.023     2.2694     2.2749  31.924915  31.929936     1.8990   59.84654  -40.69288     4.9560         66 0.0000e+00
      73084   3045.127   2342.000   2307.064     2.2846     2.2844  31.937929  31.937607     1.8982   59.84654  -40.69289     4.9560         34 0.0000e+00
      73118   3046.524   2340.000   2305.104     2.2883     2.2871  31.940672  31.939588     1.8980   59.84654  -40.69290     4.9560         38 0.0000e+00
      73174   3048.867   2338.000   2303.145     2.2912     2.2903  31.942441  31.941963     1.8980   59.84652  -40.69290     4.9560         67 0.0000e+00
      73223   3050.900   2336.000   2301.185     2.2934     2.2938  31.943768  31.943776     1.8974   59.84652  -40.69290     4.9560         34 0.0000e+00
      73258   3052.393   2334.000   2299.226     2.3060     2.3101  31.954867  31.957747     1.8971   59.84652  -40.69290     4.9560         46 0.0000e+00
      73336   3055.634   2332.000   2297.266     2.3131     2.3144  31.960497  31.961684     1.8977   59.84652  -40.69288     4.9560         50 0.0000e+00
      73368   3056.951   2330.000   2295.307     2.3203     2.3202  31.964684  31.964720     1.8977   59.84652  -40.69290     4.9560         25 0.0000e+00
      73393   3058.013   2328.000   2293.347     2.3205     2.3205  31.963670  31.964108     1.8981   59.84652  -40.69290     4.9560         29 0.0000e+00
      73448   3060.312   2326.000   2291.388     2.3204     2.3207  31.962805  31.963453     1.8994   59.84651  -40.69290     4.9560         63 0.0000e+00
      73514   3063.038   2324.000   2289.428     2.3224     2.3234  31.963891  31.964394     1.9007   59.84650  -40.69290     4.9560         39 0.0000e+00
      73552   3064.629   2322.000   2287.469     2.3323     2.3344  31.972214  31.973384     1.9009   59.84650  -40.69290     4.9560         40 0.0000e+00
      73592   3066.278   2320.000   2285.509     2.3406     2.3426  31.979079  31.979852     1.9006   59.84650  -40.69290     4.9560         38 0.0000e+00
      73631   3067.922   2318.000   2283.550     2.3504     2.3524  31.987266  31.988515     1.9003   59.84650  -40.69291     4.9560         45 0.0000e+00
      73697   3070.671   2316.000   2281.590     2.3721     2.3679  32.008056  32.002945     1.8995   59.84650  -40.69291     4.9560         73 0.0000e+00
      73747   3072.753   2314.000   2279.630     2.3846     2.3822  32.018532  32.015604     1.8988   59.84650  -40.69290     4.9560         38 0.0000e+00
      73789   3074.507   2312.000   2277.670     2.3948     2.3983  32.028232  32.030112     1.8976   59.84650  -40.69290     4.9560         47 0.0000e+00
      73833   3076.339   2310.000   2275.711     2.4109     2.4103  32.043351  32.040827     1.8958   59.84648  -40.69291     4.9560         37 0.0000e+00
      73868   3077.811   2308.000   2273.751     2.4279     2.4295  32.059230  32.058619     1.8940   59.84648  -40.69292     4.9560         37 0.0000e+00
      73918   3079.876   2306.000   2271.791     2.4491     2.4506  32.078831  32.078760     1.8920   59.84648  -40.69292     4.9560         71 0.0000e+00
      73991   3082.934   2304.000   2269.832     2.4663     2.4620  32.093931  32.089396     1.8888   59.84648  -40.69290     4.9560         53 0.0000e+00
      74029   3084.503   2302.000   2267.872     2.4814     2.4794  32.108536  32.104594     1.8870   59.84648  -40.69292     4.9560         34 0.0000e+00
      74062   3085.863   2300.000   2265.912     2.4884     2.4893  32.114250  32.114933     1.8854   59.84648  -40.69292     4.9560         33 0.0000e+00
      74099   3087.396   2298.000   2263.952     2.4944     2.4964  32.119624  32.120808     1.8841   59.84648  -40.69293     4.9560         43 0.0000e+00
      74176   3090.605   2296.000   2261.993     2.5062     2.5047  32.130061  32.128358     1.8829   59.84648  -40.69293     4.9560         65 0.0000e+00
      74235   3093.090   2294.000   2260.033     2.5172     2.5164  32.140058  32.138416     1.8824   59.84647  -40.69292     4.9560         30 0.0000e+00
      74261   3094.185   2292.000   2258.073     2.5221     2.5218  32.143111  32.142497     1.8824   59.84646  -40.69292     4.9560         26 0.0000e+00
      74290   3095.358   2290.000   2256.113     2.5233     2.5224  32.142238  32.141775     1.8825   59.84646  -40.69293     4.9560         31 0.0000e+00
      74332   3097.137   2288.000   2254.153     2.5229     2.5242  32.140996  32.142144     1.8832   59.84646  -40.69295     4.9560         60 0.0000e+00
      74434   3101.356   2286.000   2252.193     2.5272     2.5258  32.143394  32.142111     1.8858   59.84646  -40.69292     4.9560         47 0.0000e+00
      74461   3102.483   2284.000   2250.233     2.5395     2.5411  32.155367  32.154911     1.8853   59.84646  -40.69292     4.9560         25 0.0000e+00
      74486   3103.535   2282.000   2248.273     2.5504     2.5526  32.164432  32.165159     1.8852   59.84646  -40.69294     4.9560         27 0.0000e+00
