Example_Files/SBE_Processing_Files/Processed_SBE_cast_files/upcasts/uar69-01_015.cnv
* Sea-Bird SBE 9 Data File:
* FileName = D:\data\ar69-01_015.hex
* Software Version Seasave V 7.26.7.107
* Temperature SN = 4491
* Conductivity SN = 3009
* Number of Bytes Per Scan = 44
* Number of Voltage Words = 5
* Number of Scans Averaged by the Deck Unit = 1
* NMEA Latitude = 59 43.02 N
* NMEA Longitude = 039 20.16 W
* NMEA UTC (Time) = Jul 02 2022  17:28:01
** Cruise ID: AR69-01
** Chief Sci:
** Station #: 015
** Site ID: Irminger FLMB (OSNAP acoustic release test)
** retesting acoustic releases
# nquan = 14
# nvalues = 505                         
# units = specified
# name 0 = scan: Scan Count
# name 1 = timeS: Time, Elapsed [seconds]
# name 2 = prDM: Pressure, Digiquartz [db]
# name 3 = depSM: Depth [salt water, m]
# name 4 = t090C: Temperature [ITS-90, deg C]
# name 5 = t190C: Temperature, 2 [ITS-90, deg C]
# name 6 = c0mS/cm: Conductivity [mS/cm]
# name 7 = c1mS/cm: Conductivity, 2 [mS/cm]
# name 8 = sbeox0V: Oxygen raw, SBE 43 [V]
# name 9 = latitude: Latitude [deg]
# name 10 = longitude: Longitude [deg]
# name 11 = v7: Voltage 7
# name 12 = nbin: number of scans per bin
# name 13 = flag: flag
# span 0 =      79655,     105388       
# span 1 =   3318.918,   4391.133       
# span 2 =      4.000,   1012.000       
# span 3 =      3.962,   1000.044       
# span 4 =     3.4231,     7.4144       
# span 5 =     3.4228,     7.4146       
# span 6 =  32.256005,  35.460998       
# span 7 =  32.257805,  35.462512       
# span 8 =     2.2337,     2.8275       
# span 9 =   59.71706,   59.71708       
# span 10 =  -39.33596,  -39.33592      
# span 11 =     4.9560,     4.9564      
# span 12 =         35,        102      
# span 13 = 0.0000e+00, 0.0000e+00      
# interval = decibars: 2                
# start_time = Jul 02 2022 17:28:01 [NMEA time, first data scan]
# bad_flag = -9.990e-29
*END*
[from data line 413]
      99301   4137.520    186.000    184.168     3.8471     3.8467  32.392711  32.393930     2.5166   59.71707  -39.33594     4.9560         47 0.0000e+00
      99343   4139.270    184.000    182.188     3.8466     3.8462  32.390967  32.392256     2.5179   59.71707  -39.33594     4.9560         41 0.0000e+00
      99392   4141.296    182.000    180.209     3.8464     3.8458  32.389781  32.390884     2.5195   59.71706  -39.33594     4.9560         54 0.0000e+00
      99440   4143.294    180.000    178.229     3.8483     3.8473  32.390259  32.390714     2.5222   59.71708  -39.33594     4.9560         43 0.0000e+00
      99488   4145.274    178.000    176.250     3.8497     3.8497  32.390612  32.391659     2.5237   59.71707  -39.33594     4.9560         50 0.0000e+00
      99533   4147.179    176.000    174.270     3.8565     3.8552  32.395267  32.395187     2.5251   59.71706  -39.33594     4.9560         41 0.0000e+00
      99580   4149.133    174.000    172.291     3.8606     3.8607  32.398362  32.399611     2.5253   59.71708  -39.33594     4.9560         56 0.0000e+00
      99634   4151.374    172.000    170.311     3.8682     3.8684  32.404292  32.405428     2.5252   59.71708  -39.33594     4.9560         46 0.0000e+00
      99677   4153.165    170.000    168.332     3.8804     3.8796  32.415040  32.414843     2.5260   59.71707  -39.33594     4.9560         44 0.0000e+00
      99726   4155.195    168.000    166.352     3.8833     3.8888  32.417039  32.422934     2.5268   59.71706  -39.33594     4.9560         52 0.0000e+00
      99775   4157.250    166.000    164.372     3.8935     3.8901  32.425034  32.423241     2.5276   59.71708  -39.33594     4.9560         47 0.0000e+00
      99823   4159.250    164.000    162.393     3.9006     3.8998  32.430979  32.430785     2.5288   59.71708  -39.33594     4.9560         49 0.0000e+00
      99870   4161.194    162.000    160.413     3.9057     3.9065  32.434764  32.436636     2.5304   59.71706  -39.33594     4.9560         42 0.0000e+00
      99911   4162.921    160.000    158.433     3.9140     3.9131  32.441529  32.441932     2.5306   59.71708  -39.33594     4.9560         45 0.0000e+00
      99961   4164.993    158.000    156.454     3.9191     3.9236  32.445519  32.450586     2.5306   59.71708  -39.33594     4.9560         51 0.0000e+00
     100010   4167.023    156.000    154.474     3.9303     3.9284  32.455248  32.454508     2.5311   59.71708  -39.33594     4.9560         49 0.0000e+00
     100060   4169.124    154.000    152.494     3.9383     3.9375  32.461925  32.462130     2.5312   59.71708  -39.33594     4.9560         52 0.0000e+00
     100109   4171.175    152.000    150.515     3.9478     3.9481  32.470159  32.471050     2.5312   59.71706  -39.33594     4.9560         44 0.0000e+00
     100153   4172.994    150.000    148.535     3.9561     3.9562  32.477133  32.477988     2.5312   59.71708  -39.33594     4.9560         47 0.0000e+00
     100205   4175.168    148.000    146.555     3.9613     3.9619  32.481209  32.482561     2.5307   59.71708  -39.33594     4.9560         53 0.0000e+00
     100251   4177.099    146.000    144.575     3.9725     3.9720  32.490370  32.490601     2.5303   59.71707  -39.33594     4.9560         41 0.0000e+00
     100293   4178.839    144.000    142.596     3.9772     3.9764  32.493805  32.494006     2.5307   59.71707  -39.33594     4.9560         46 0.0000e+00
     100345   4181.000    142.000    140.616     3.9764     3.9809  32.492392  32.497249     2.5303   59.71708  -39.33594     4.9560         53 0.0000e+00
     100394   4183.024    140.000    138.636     3.9866     3.9870  32.500384  32.501688     2.5305   59.71708  -39.33594     4.9560         46 0.0000e+00
     100439   4184.928    138.000    136.656     3.9930     3.9922  32.505161  32.505393     2.5291   59.71708  -39.33594     4.9560         46 0.0000e+00
     100485   4186.825    136.000    134.676     3.9982     3.9979  32.509246  32.509749     2.5273   59.71708  -39.33594     4.9560         45 0.0000e+00
     100533   4188.829    134.000    132.697     4.0043     4.0069  32.513683  32.516817     2.5247   59.71708  -39.33594     4.9560         51 0.0000e+00
     100585   4190.993    132.000    130.717     4.0136     4.0132  32.520653  32.521740     2.5225   59.71708  -39.33594     4.9560         51 0.0000e+00
     100632   4192.949    130.000    128.737     4.0106     4.0099  32.516672  32.517877     2.5225   59.71708  -39.33594     4.9560         42 0.0000e+00
     100676   4194.791    128.000    126.757     4.0065     4.0042  32.511157  32.510901     2.5252   59.71706  -39.33594     4.9560         49 0.0000e+00
     100729   4196.995    126.000    124.777     3.9795     3.9731  32.483332  32.478806     2.5291   59.71708  -39.33594     4.9560         51 0.0000e+00
     100776   4198.968    124.000    122.797     3.9750     3.9751  32.475816  32.477850     2.5326   59.71708  -39.33594     4.9560         46 0.0000e+00
     100823   4200.909    122.000    120.817     3.9725     3.9721  32.471710  32.473605     2.5346   59.71708  -39.33594     4.9560         46 0.0000e+00
     100866   4202.700    120.000    118.837     3.9725     3.9724  32.470272  32.471975     2.5347   59.71708  -39.33594     4.9560         41 0.0000e+00
     100910   4204.552    118.000    116.857     3.9824     3.9815  32.478629  32.478430     2.5336   59.71707  -39.33595     4.9560         50 0.0000e+00
     100964   4206.797    116.000    114.877     4.0115     4.0162  32.505723  32.510291     2.5287   59.71708  -39.33596     4.9560         53 0.0000e+00
     101011   4208.735    114.000    112.896     4.0494     4.0579  32.543021  32.549000     2.5245   59.71708  -39.33595     4.9560         42 0.0000e+00
     101058   4210.693    112.000    110.916     4.0831     4.0995  32.575296  32.587290     2.5196   59.71707  -39.33596     4.9560         53 0.0000e+00
     101110   4212.882    110.000    108.936     4.1326     4.1382  32.622615  32.625083     2.5159   59.71708  -39.33596     4.9560         52 0.0000e+00
     101177   4215.648    108.000    106.956     4.1470     4.1573  32.636011  32.645672     2.5140   59.71708  -39.33596     4.9560         92 0.0000e+00
     101348   4222.796    106.000    104.976     4.1773     4.1768  32.663483  32.664523     2.5118   59.71708  -39.33596     4.9560        102 0.0000e+00
     101464   4227.624    104.000    102.996     4.1790     4.1792  32.663903  32.665239     2.5150   59.71708  -39.33594     4.9560         90 0.0000e+00
     101540   4230.787    102.000    101.016     4.2034     4.2200  32.685109  32.702273     2.5136   59.71708  -39.33595     4.9560         88 0.0000e+00
     101614   4233.883    100.000     99.036     4.2361     4.2352  32.715515  32.715789     2.5127   59.71708  -39.33594     4.9560         68 0.0000e+00
     101706   4237.718     98.000     97.055     4.2459     4.2488  32.724024  32.727954     2.5155   59.71708  -39.33594     4.9560         92 0.0000e+00
     101775   4240.585     96.000     95.075     4.2526     4.2521  32.727904  32.728946     2.5197   59.71708  -39.33594     4.9560         62 0.0000e+00
     101850   4243.706     94.000     93.095     4.2563     4.2563  32.728944  32.730575     2.5222   59.71708  -39.33594     4.9560         85 0.0000e+00
     101931   4247.085     92.000     91.114     4.2715     4.2712  32.742044  32.742510     2.5253   59.71708  -39.33594     4.9560         81 0.0000e+00
     102017   4250.667     90.000     89.134     4.3031     4.3105  32.771551  32.776943     2.5283   59.71708  -39.33594     4.9560         80 0.0000e+00
     102087   4253.566     88.000     87.154     4.3161     4.3157  32.781229  32.782196     2.5306   59.71708  -39.33594     4.9560         71 0.0000e+00
     102169   4257.010     86.000     85.173     4.3372     4.3392  32.801985  32.803664     2.5312   59.71708  -39.33594     4.9560         78 0.0000e+00
     102233   4259.672     84.000     83.193     4.3575     4.3565  32.819155  32.819300     2.5327   59.71706  -39.33594     4.9560         67 0.0000e+00
     102318   4263.215     82.000     81.212     4.3764     4.3908  32.834678  32.848252     2.5374   59.71707  -39.33594     4.9560         83 0.0000e+00
     102383   4265.896     80.000     79.232     4.4071     4.4070  32.861793  32.862945     2.5400   59.71706  -39.33594     4.9560         65 0.0000e+00
     102459   4269.104     78.000     77.252     4.4465     4.4644  32.896665  32.913116     2.5418   59.71706  -39.33594     4.9560         83 0.0000e+00
     102532   4272.135     76.000     75.271     4.4862     4.4909  32.934197  32.938187     2.5436   59.71706  -39.33594     4.9560         61 0.0000e+00
     102600   4274.959     74.000     73.291     4.4938     4.4957  32.940463  32.942755     2.5465   59.71706  -39.33594     4.9560         83 0.0000e+00
     102683   4278.403     72.000     71.310     4.5153     4.5177  32.958148  32.961709     2.5519   59.71706  -39.33594     4.9560         72 0.0000e+00
     102748   4281.135     70.000     69.330     4.5241     4.5265  32.962760  32.965399     2.5571   59.71706  -39.33594     4.9560         66 0.0000e+00
     102828   4284.454     68.000     67.349     4.5360     4.5365  32.969873  32.970357     2.5670   59.71706  -39.33595     4.9560         88 0.0000e+00
     102906   4287.707     66.000     65.369     4.5311     4.5262  32.959487  32.954828     2.5837   59.71706  -39.33595     4.9560         70 0.0000e+00
     102970   4290.368     64.000     63.388     4.5221     4.5220  32.938736  32.940443     2.5964   59.71707  -39.33594     4.9560         62 0.0000e+00
     103052   4293.798     62.000     61.408     4.5448     4.5638  32.957519  32.972620     2.6128   59.71707  -39.33594     4.9560         91 0.0000e+00
     103122   4296.710     60.000     59.427     4.6466     4.6425  33.043571  33.039112     2.6243   59.71707  -39.33594     4.9560         67 0.0000e+00
     103205   4300.179     58.000     57.446     4.7051     4.7338  33.093466  33.120913     2.6382   59.71707  -39.33594     4.9560         80 0.0000e+00
     103276   4303.114     56.000     55.466     4.8237     4.8755  33.199780  33.242930     2.6463   59.71708  -39.33594     4.9560         69 0.0000e+00
     103350   4306.199     54.000     53.485     4.9565     4.9391  33.319013  33.305935     2.6508   59.71708  -39.33594     4.9560         81 0.0000e+00
     103425   4309.330     52.000     51.504     5.0241     5.0200  33.380890  33.377785     2.6547   59.71708  -39.33594     4.9560         75 0.0000e+00
     103504   4312.645     50.000     49.524     5.1174     5.1119  33.464827  33.457234     2.6624   59.71708  -39.33593     4.9560         74 0.0000e+00
     103577   4315.667     48.000     47.543     5.2105     5.2741  33.552330  33.594154     2.6695   59.71708  -39.33593     4.9560         73 0.0000e+00
     103650   4318.717     46.000     45.562     5.3586     5.4083  33.681795  33.720957     2.6789   59.71708  -39.33594     4.9560         80 0.0000e+00
     103726   4321.885     44.000     43.582     5.5559     5.5708  33.854340  33.864961     2.6912   59.71708  -39.33592     4.9560         68 0.0000e+00
     103800   4324.961     42.000     41.601     5.7654     5.8038  34.037343  34.073604     2.6992   59.71708  -39.33594     4.9560         83 0.0000e+00
     103881   4328.336     40.000     39.620     5.9084     5.8906  34.174014  34.155128     2.7065   59.71708  -39.33592     4.9560         68 0.0000e+00
     103951   4331.241     38.000     37.639     5.9517     5.9677  34.210981  34.222073     2.7170   59.71708  -39.33594     4.9560         85 0.0000e+00
     104030   4334.523     36.000     35.658     6.1448     6.1895  34.381813  34.416090     2.7290   59.71708  -39.33593     4.9560         63 0.0000e+00
     104097   4337.313     34.000     33.677     6.2572     6.2837  34.487502  34.509257     2.7391   59.71708  -39.33593     4.9560         85 0.0000e+00
     104190   4341.198     32.000     31.697     6.3585     6.3703  34.570298  34.582544     2.7589   59.71708  -39.33593     4.9560         72 0.0000e+00
     104246   4343.559     30.000     29.716     6.4428     6.4484  34.644043  34.647005     2.7679   59.71708  -39.33594     4.9560         67 0.0000e+00
     104332   4347.110     28.000     27.735     6.5285     6.5435  34.715357  34.729659     2.7789   59.71708  -39.33594     4.9560         82 0.0000e+00
     104405   4350.184     26.000     25.754     6.6044     6.6096  34.782439  34.781817     2.7876   59.71708  -39.33594     4.9562         80 0.0000e+00
     104477   4353.149     24.000     23.773     6.6607     6.6548  34.824804  34.821477     2.7961   59.71708  -39.33594     4.9562         70 0.0000e+00
     104559   4356.597     22.000     21.792     6.7218     6.7324  34.872962  34.879610     2.8073   59.71708  -39.33594     4.9560         82 0.0000e+00
     104631   4359.595     20.000     19.811     6.9248     6.9671  35.042100  35.064760     2.8102   59.71707  -39.33594     4.9560         69 0.0000e+00
     104706   4362.711     18.000     17.830     7.0723     7.0805  35.167509  35.171362     2.8116   59.71707  -39.33594     4.9562         81 0.0000e+00
     104787   4366.063     16.000     15.849     7.1081     7.1103  35.196977  35.196126     2.8115   59.71707  -39.33594     4.9563         72 0.0000e+00
     104860   4369.121     14.000     13.868     7.1285     7.1275  35.213220  35.212877     2.8139   59.71706  -39.33594     4.9564         81 0.0000e+00
     104935   4372.246     12.000     11.887     7.1486     7.1436  35.227376  35.222852     2.8217   59.71706  -39.33594     4.9563         70 0.0000e+00
     105012   4375.442     10.000      9.906     7.2280     7.2184  35.295058  35.285378     2.8258   59.71706  -39.33594     4.9563         84 0.0000e+00
     105090   4378.703      8.000      7.925     7.3351     7.3315  35.390944  35.384386     2.8265   59.71706  -39.33594     4.9563         69 0.0000e+00
     105173   4382.154      6.000      5.944     7.3939     7.3961  35.442815  35.445479     2.8273   59.71706  -39.33594     4.9564        101 0.0000e+00
     105388   4391.133      4.000      3.962     7.4144     7.4146  35.460998  35.462512     2.8275   59.71706  -39.33595     4.9564         75 0.0000e+00
