Example_Files/SBE_Processing_Files/Processed_SBE_cast_files/upcasts/uar69-01_012.cnv
* Sea-Bird SBE 9 Data File:
* FileName = D:\data\ar69-01_012.hex
* Software Version Seasave V 7.26.7.107
* Temperature SN = 4491
* Conductivity SN = 3009
* Number of Bytes Per Scan = 44
* Number of Voltage Words = 5
* Number of Scans Averaged by the Deck Unit = 1
* NMEA Latitude = 59 56.36 N
* NMEA Longitude = 039 31.27 W
* NMEA UTC (Time) = Jun 30 2022  16:33:36
** Cruise ID: AR69-01
** Chief Sci:
** Station #: 012
** Site ID: Irminger SUMO
# nquan = 14
# nvalues = 759                         
# units = specified
# name 0 = scan: Scan Count
# name 1 = timeS: Time, Elapsed [seconds]
# name 2 = prDM: Pressure, Digiquartz [db]
# name 3 = depSM: Depth [salt water, m]
# name 4 = t090C: Temperature [ITS-90, deg C]
# name 5 = t190C: Temperature, 2 [ITS-90, deg C]
# name 6 = c0mS/cm: Conductivity [mS/cm]
# name 7 = c1mS/cm: Conductivity, 2 [mS/cm]
# name 8 = sbeox0V: Oxygen raw, SBE 43 [V]
# name 9 = latitude: Latitude [deg]
# name 10 = longitude: Longitude [deg]
# name 11 = v7: Voltage 7
# name 12 = nbin: number of scans per bin
# name 13 = flag: flag
# span 0 =      44576,     102848       
# span 1 =   1857.297,   4285.274       
# span 2 =      4.000,   1520.000       
# span 3 =      3.962,   1500.206       
# span 4 =     3.3634,     6.8921       
# span 5 =     3.3629,     6.8914       
# span 6 =  32.178524,  34.981647       
# span 7 =  32.179912,  34.982815       
# span 8 =     2.0427,     2.8392       
# span 9 =   59.93930,   59.93936       
# span 10 =  -39.52123,  -39.52108      
# span 11 =     4.9560,     4.9568      
# span 12 =         22,        133      
# span 13 = 0.0000e+00, 0.0000e+00      
# interval = decibars: 2                
# start_time = Jun 30 2022 16:33:36 [NMEA time, first data scan]
# bad_flag = -9.990e-29
*END*
      44576   1857.297   1520.000   1500.206     3.4731     3.4729  32.681226  32.682312     2.0427   59.93933  -39.52113     4.9565         77 0.0000e+00
      45424   1892.616   1518.000   1498.239     3.4720     3.4718  32.679497  32.680500     2.0431   59.93934  -39.52112     4.9565         52 0.0000e+00
      45474   1894.694   1516.000   1496.272     3.4717     3.4715  32.678430  32.679447     2.0438   59.93934  -39.52114     4.9565         64 0.0000e+00
      45536   1897.280   1514.000   1494.305     3.4730     3.4730  32.678545  32.679581     2.0447   59.93934  -39.52114     4.9566         30 0.0000e+00
      45562   1898.364   1512.000   1492.339     3.4741     3.4741  32.678503  32.679697     2.0452   59.93934  -39.52114     4.9565         27 0.0000e+00
      45596   1899.801   1510.000   1490.372     3.4742     3.4738  32.677783  32.678763     2.0456   59.93934  -39.52114     4.9566         48 0.0000e+00
      45684   1903.449   1508.000   1488.405     3.4744     3.4742  32.676884  32.677974     2.0470   59.93934  -39.52115     4.9566         55 0.0000e+00
      45722   1905.046   1506.000   1486.437     3.4744     3.4742  32.676020  32.677092     2.0476   59.93934  -39.52114     4.9565         36 0.0000e+00
      45756   1906.459   1504.000   1484.471     3.4745     3.4743  32.674970  32.676031     2.0481   59.93934  -39.52114     4.9565         32 0.0000e+00
      45790   1907.874   1502.000   1482.504     3.4745     3.4743  32.673865  32.674861     2.0490   59.93934  -39.52115     4.9566         40 0.0000e+00
      45862   1910.886   1500.000   1480.536     3.4743     3.4741  32.672699  32.673739     2.0502   59.93934  -39.52116     4.9566         62 0.0000e+00
      45910   1912.884   1498.000   1478.569     3.4744     3.4742  32.671638  32.672700     2.0507   59.93934  -39.52116     4.9565         36 0.0000e+00
      45948   1914.450   1496.000   1476.602     3.4741     3.4739  32.670452  32.671560     2.0507   59.93934  -39.52116     4.9565         38 0.0000e+00
      45986   1916.040   1494.000   1474.635     3.4742     3.4739  32.669633  32.670596     2.0508   59.93934  -39.52116     4.9565         41 0.0000e+00
      46041   1918.346   1492.000   1472.668     3.4740     3.4737  32.668597  32.669629     2.0520   59.93933  -39.52116     4.9565         66 0.0000e+00
      46097   1920.665   1490.000   1470.701     3.4741     3.4739  32.667714  32.668757     2.0533   59.93934  -39.52116     4.9566         47 0.0000e+00
      46144   1922.645   1488.000   1468.734     3.4741     3.4738  32.666588  32.667764     2.0545   59.93934  -39.52117     4.9564         47 0.0000e+00
      46189   1924.509   1486.000   1466.767     3.4750     3.4751  32.666505  32.667723     2.0550   59.93933  -39.52116     4.9565         43 0.0000e+00
      46235   1926.421   1484.000   1464.800     3.4751     3.4748  32.665682  32.666603     2.0553   59.93933  -39.52117     4.9565         50 0.0000e+00
      46284   1928.438   1482.000   1462.832     3.4756     3.4753  32.664734  32.665705     2.0564   59.93934  -39.52118     4.9565         44 0.0000e+00
      46325   1930.170   1480.000   1460.865     3.4753     3.4752  32.663113  32.664195     2.0569   59.93932  -39.52117     4.9565         43 0.0000e+00
      46376   1932.286   1478.000   1458.898     3.4749     3.4746  32.661924  32.662944     2.0582   59.93932  -39.52117     4.9566         56 0.0000e+00
      46426   1934.377   1476.000   1456.931     3.4742     3.4742  32.659848  32.661289     2.0595   59.93934  -39.52118     4.9566         45 0.0000e+00
      46473   1936.354   1474.000   1454.963     3.4740     3.4738  32.658816  32.659873     2.0603   59.93933  -39.52119     4.9565         50 0.0000e+00
      46521   1938.314   1472.000   1452.996     3.4739     3.4737  32.657451  32.658543     2.0612   59.93932  -39.52118     4.9564         43 0.0000e+00
      46560   1939.942   1470.000   1451.029     3.4738     3.4736  32.656238  32.657332     2.0617   59.93932  -39.52118     4.9565         36 0.0000e+00
      46610   1942.024   1468.000   1449.061     3.4731     3.4724  32.654652  32.655394     2.0628   59.93932  -39.52119     4.9565         57 0.0000e+00
      46686   1945.216   1466.000   1447.094     3.4727     3.4726  32.653236  32.654358     2.0647   59.93932  -39.52118     4.9565         35 0.0000e+00
      46714   1946.365   1464.000   1445.127     3.4720     3.4719  32.651498  32.652619     2.0648   59.93932  -39.52118     4.9564         29 0.0000e+00
      46745   1947.682   1462.000   1443.159     3.4723     3.4726  32.650920  32.652305     2.0651   59.93932  -39.52120     4.9564         36 0.0000e+00
      46794   1949.712   1460.000   1441.192     3.4738     3.4739  32.651523  32.652829     2.0659   59.93932  -39.52120     4.9565         67 0.0000e+00
      46866   1952.715   1458.000   1439.224     3.4756     3.4750  32.652272  32.652933     2.0675   59.93932  -39.52120     4.9565         55 0.0000e+00
      46903   1954.235   1456.000   1437.257     3.4762     3.4760  32.651676  32.652709     2.0682   59.93932  -39.52120     4.9567         31 0.0000e+00
      46934   1955.551   1454.000   1435.289     3.4763     3.4761  32.651013  32.652076     2.0687   59.93932  -39.52120     4.9565         35 0.0000e+00
      46991   1957.915   1452.000   1433.322     3.4768     3.4766  32.650612  32.651693     2.0694   59.93932  -39.52120     4.9565         78 0.0000e+00
      47051   1960.404   1450.000   1431.354     3.4774     3.4773  32.650088  32.651204     2.0703   59.93932  -39.52120     4.9565         37 0.0000e+00
      47087   1961.924   1448.000   1429.387     3.4779     3.4776  32.649614  32.650583     2.0708   59.93932  -39.52121     4.9564         41 0.0000e+00
      47136   1963.979   1446.000   1427.420     3.4778     3.4777  32.648692  32.649761     2.0713   59.93932  -39.52120     4.9565         54 0.0000e+00
      47183   1965.931   1444.000   1425.452     3.4781     3.4779  32.647892  32.648934     2.0715   59.93932  -39.52120     4.9564         41 0.0000e+00
      47231   1967.903   1442.000   1423.484     3.4782     3.4778  32.647132  32.648029     2.0726   59.93932  -39.52121     4.9564         62 0.0000e+00
      47292   1970.466   1440.000   1421.517     3.4776     3.4774  32.645406  32.646529     2.0740   59.93932  -39.52122     4.9564         44 0.0000e+00
      47325   1971.831   1438.000   1419.549     3.4764     3.4763  32.642906  32.644199     2.0746   59.93932  -39.52120     4.9565         30 0.0000e+00
      47359   1973.233   1436.000   1417.582     3.4760     3.4759  32.641629  32.642919     2.0750   59.93932  -39.52120     4.9565         43 0.0000e+00
      47441   1976.656   1434.000   1415.614     3.4758     3.4755  32.640417  32.641452     2.0767   59.93932  -39.52122     4.9566         48 0.0000e+00
      47475   1978.080   1432.000   1413.646     3.4773     3.4771  32.640904  32.641780     2.0775   59.93932  -39.52121     4.9565         27 0.0000e+00
      47503   1979.263   1430.000   1411.679     3.4774     3.4770  32.639980  32.640970     2.0781   59.93932  -39.52120     4.9565         32 0.0000e+00
      47562   1981.709   1428.000   1409.711     3.4768     3.4765  32.638545  32.639696     2.0788   59.93932  -39.52121     4.9565         73 0.0000e+00
      47620   1984.111   1426.000   1407.743     3.4764     3.4763  32.637119  32.638339     2.0793   59.93932  -39.52122     4.9565         37 0.0000e+00
      47657   1985.647   1424.000   1405.775     3.4749     3.4747  32.634577  32.635769     2.0800   59.93932  -39.52121     4.9566         40 0.0000e+00
      47706   1987.728   1422.000   1403.808     3.4743     3.4742  32.633120  32.634283     2.0808   59.93932  -39.52120     4.9567         56 0.0000e+00
      47755   1989.761   1420.000   1401.840     3.4737     3.4736  32.631448  32.632889     2.0818   59.93932  -39.52120     4.9566         43 0.0000e+00
      47800   1991.635   1418.000   1399.872     3.4735     3.4733  32.630471  32.631668     2.0829   59.93932  -39.52120     4.9566         50 0.0000e+00
      47854   1993.859   1416.000   1397.904     3.4736     3.4733  32.629502  32.630708     2.0839   59.93932  -39.52120     4.9565         50 0.0000e+00
      47896   1995.624   1414.000   1395.936     3.4734     3.4733  32.628304  32.629503     2.0847   59.93932  -39.52120     4.9566         38 0.0000e+00
      47934   1997.218   1412.000   1393.969     3.4732     3.4730  32.627174  32.628179     2.0850   59.93932  -39.52120     4.9565         41 0.0000e+00
      47987   1999.435   1410.000   1392.001     3.4725     3.4724  32.625557  32.626833     2.0858   59.93932  -39.52120     4.9565         68 0.0000e+00
      48049   2001.985   1408.000   1390.033     3.4717     3.4715  32.623347  32.624597     2.0875   59.93932  -39.52118     4.9565         46 0.0000e+00
      48089   2003.647   1406.000   1388.065     3.4715     3.4714  32.622078  32.623117     2.0883   59.93932  -39.52118     4.9566         39 0.0000e+00
      48134   2005.525   1404.000   1386.097     3.4715     3.4713  32.621166  32.622279     2.0888   59.93932  -39.52118     4.9566         52 0.0000e+00
      48185   2007.660   1402.000   1384.129     3.4711     3.4708  32.619583  32.620670     2.0895   59.93932  -39.52118     4.9564         46 0.0000e+00
      48227   2009.414   1400.000   1382.161     3.4693     3.4690  32.616670  32.617666     2.0905   59.93932  -39.52118     4.9565         43 0.0000e+00
      48280   2011.626   1398.000   1380.193     3.4688     3.4683  32.615155  32.616182     2.0920   59.93933  -39.52118     4.9566         58 0.0000e+00
      48325   2013.509   1396.000   1378.225     3.4671     3.4669  32.612114  32.613304     2.0928   59.93934  -39.52118     4.9566         34 0.0000e+00
      48360   2014.953   1394.000   1376.257     3.4663     3.4661  32.610429  32.611718     2.0937   59.93932  -39.52118     4.9565         41 0.0000e+00
      48427   2017.736   1392.000   1374.289     3.4659     3.4657  32.608982  32.610165     2.0953   59.93933  -39.52118     4.9565         73 0.0000e+00
      48473   2019.672   1390.000   1372.321     3.4665     3.4664  32.608253  32.609461     2.0961   59.93934  -39.52118     4.9564         33 0.0000e+00
      48506   2021.028   1388.000   1370.353     3.4663     3.4661  32.607071  32.608227     2.0972   59.93932  -39.52118     4.9564         36 0.0000e+00
      48568   2023.626   1386.000   1368.385     3.4664     3.4662  32.606400  32.607516     2.0990   59.93933  -39.52118     4.9565         69 0.0000e+00
      48621   2025.851   1384.000   1366.417     3.4667     3.4666  32.605521  32.606711     2.0999   59.93934  -39.52118     4.9566         32 0.0000e+00
      48653   2027.184   1382.000   1364.449     3.4668     3.4667  32.604564  32.605718     2.1006   59.93932  -39.52118     4.9565         34 0.0000e+00
      48693   2028.849   1380.000   1362.480     3.4666     3.4663  32.603623  32.604606     2.1014   59.93932  -39.52116     4.9565         49 0.0000e+00
      48754   2031.356   1378.000   1360.512     3.4664     3.4661  32.602375  32.603425     2.1027   59.93932  -39.52118     4.9565         66 0.0000e+00
      48812   2033.771   1376.000   1358.544     3.4654     3.4651  32.600052  32.601136     2.1039   59.93934  -39.52118     4.9567         48 0.0000e+00
      48852   2035.455   1374.000   1356.576     3.4637     3.4632  32.597027  32.598017     2.1048   59.93933  -39.52117     4.9566         37 0.0000e+00
      48889   2036.995   1372.000   1354.608     3.4629     3.4626  32.595337  32.596405     2.1055   59.93932  -39.52116     4.9564         39 0.0000e+00
      48939   2039.066   1370.000   1352.640     3.4624     3.4619  32.593923  32.594773     2.1064   59.93933  -39.52117     4.9565         58 0.0000e+00
      48992   2041.272   1368.000   1350.671     3.4614     3.4612  32.591843  32.593026     2.1076   59.93933  -39.52118     4.9565         49 0.0000e+00
      49044   2043.477   1366.000   1348.703     3.4610     3.4607  32.590525  32.591572     2.1086   59.93932  -39.52118     4.9564         54 0.0000e+00
      49091   2045.431   1364.000   1346.735     3.4610     3.4608  32.589505  32.590504     2.1095   59.93934  -39.52117     4.9565         40 0.0000e+00
      49129   2047.015   1362.000   1344.766     3.4611     3.4609  32.588512  32.589653     2.1102   59.93933  -39.52116     4.9565         39 0.0000e+00
      49172   2048.790   1360.000   1342.798     3.4611     3.4610  32.587742  32.588831     2.1108   59.93932  -39.52117     4.9564         49 0.0000e+00
      49239   2051.572   1358.000   1340.830     3.4606     3.4601  32.586338  32.587228     2.1125   59.93933  -39.52118     4.9566         77 0.0000e+00
      49297   2053.989   1356.000   1338.861     3.4578     3.4582  32.582034  32.583994     2.1140   59.93934  -39.52116     4.9566         36 0.0000e+00
      49325   2055.171   1354.000   1336.893     3.4558     3.4557  32.578755  32.580135     2.1145   59.93933  -39.52116     4.9567         27 0.0000e+00
      49352   2056.285   1352.000   1334.924     3.4554     3.4553  32.577507  32.578715     2.1153   59.93932  -39.52117     4.9566         29 0.0000e+00
      49417   2058.994   1350.000   1332.956     3.4550     3.4548  32.576139  32.577324     2.1169   59.93933  -39.52117     4.9565         58 0.0000e+00
      49481   2061.649   1348.000   1330.988     3.4553     3.4550  32.575381  32.576439     2.1180   59.93932  -39.52116     4.9564         33 0.0000e+00
      49514   2063.035   1346.000   1329.019     3.4545     3.4542  32.573572  32.574764     2.1184   59.93932  -39.52118     4.9566         36 0.0000e+00
      49557   2064.848   1344.000   1327.051     3.4541     3.4536  32.572441  32.573234     2.1191   59.93932  -39.52118     4.9565         51 0.0000e+00
      49610   2067.052   1342.000   1325.082     3.4520     3.4515  32.569099  32.570110     2.1207   59.93932  -39.52116     4.9566         53 0.0000e+00
      49662   2069.202   1340.000   1323.114     3.4487     3.4486  32.564640  32.566041     2.1222   59.93932  -39.52118     4.9565         50 0.0000e+00
      49710   2071.204   1338.000   1321.145     3.4468     3.4462  32.561681  32.562465     2.1229   59.93932  -39.52118     4.9564         46 0.0000e+00
      49755   2073.070   1336.000   1319.177     3.4457     3.4450  32.559594  32.560222     2.1236   59.93932  -39.52118     4.9563         44 0.0000e+00
      49797   2074.837   1334.000   1317.208     3.4451     3.4452  32.557923  32.559471     2.1246   59.93932  -39.52118     4.9565         41 0.0000e+00
      49842   2076.690   1332.000   1315.239     3.4449     3.4446  32.556764  32.557899     2.1252   59.93932  -39.52118     4.9565         52 0.0000e+00
      49901   2079.161   1330.000   1313.271     3.4445     3.4441  32.555419  32.556389     2.1266   59.93932  -39.52118     4.9565         56 0.0000e+00
      49944   2080.976   1328.000   1311.302     3.4437     3.4435  32.553511  32.554730     2.1277   59.93932  -39.52118     4.9564         38 0.0000e+00
      49987   2082.766   1326.000   1309.334     3.4429     3.4422  32.551894  32.552540     2.1281   59.93932  -39.52118     4.9564         50 0.0000e+00
      50037   2084.839   1324.000   1307.365     3.4427     3.4430  32.550752  32.552107     2.1285   59.93932  -39.52118     4.9564         46 0.0000e+00
      50087   2086.916   1322.000   1305.396     3.4450     3.4452  32.551985  32.553411     2.1294   59.93932  -39.52118     4.9564         57 0.0000e+00
      50142   2089.211   1320.000   1303.428     3.4465     3.4463  32.552568  32.553601     2.1308   59.93932  -39.52119     4.9565         47 0.0000e+00
      50184   2090.974   1318.000   1301.459     3.4464     3.4462  32.551429  32.552622     2.1320   59.93932  -39.52119     4.9564         41 0.0000e+00
      50224   2092.621   1316.000   1299.490     3.4455     3.4453  32.549531  32.550728     2.1328   59.93932  -39.52118     4.9567         39 0.0000e+00
