Example_Files/SBE_Processing_Files/Processed_SBE_cast_files/upcasts/uar69-01_017.cnv
* Sea-Bird SBE 9 Data File:
* FileName = D:\data\ar69-01_017.hex
* Software Version Seasave V 7.26.7.107
* Temperature SN = 4491
* Conductivity SN = 3009
* Number of Bytes Per Scan = 44
* Number of Voltage Words = 5
* Number of Scans Averaged by the Deck Unit = 1
* NMEA Latitude = 59 54.25 N
* NMEA Longitude = 041 05.54 W
* NMEA UTC (Time) = Jul 05 2022  07:22:52
** Cruise ID: AR69-01
** Chief Sci:
** Station #: 017
** Site ID: M1 OSNAP acoustic releases
# nquan = 14
# nvalues = 1056                        
# units = specified
# name 0 = scan: Scan Count
# name 1 = timeS: Time, Elapsed [seconds]
# name 2 = prDM: Pressure, Digiquartz [db]
# name 3 = depSM: Depth [salt water, m]
# name 4 = t090C: Temperature [ITS-90, deg C]
# name 5 = t190C: Temperature, 2 [ITS-90, deg C]
# name 6 = c0mS/cm: Conductivity [mS/cm]
# name 7 = c1mS/cm: Conductivity, 2 [mS/cm]
# name 8 = sbeox0V: Oxygen raw, SBE 43 [V]
# name 9 = latitude: Latitude [deg]
# name 10 = longitude: Longitude [deg]
# name 11 = v7: Voltage 7
# name 12 = nbin: number of scans per bin
# name 13 = flag: flag
# span 0 =      69100,     152323       
# span 1 =   2879.117,   6346.752       
# span 2 =      2.000,   2112.000       
# span 3 =      1.981,   2081.603       
# span 4 =     1.7870,     8.1642       
# span 5 =     1.7863,     8.1659       
# span 6 =  31.402889,  36.231700       
# span 7 =  31.402747,  36.234424       
# span 8 =     1.9576,     2.8213       
# span 9 =   59.90412,   59.90414       
# span 10 =  -41.09234,  -41.09230      
# span 11 =     4.9560,     4.9573      
# span 12 =         22,        121      
# span 13 = 0.0000e+00, 0.0000e+00      
# interval = decibars: 2                
# start_time = Jul 05 2022 07:22:52 [NMEA time, first data scan]
# bad_flag = -9.990e-29
*END*
[from data line 517]
     108212   4508.771   1078.000   1065.081     3.5059     3.5054  32.501080  32.501899     2.1933   59.90412  -41.09230     4.9560         36 0.0000e+00
     108249   4510.326   1076.000   1063.110     3.5081     3.5063  32.502391  32.501876     2.1938   59.90412  -41.09230     4.9560         40 0.0000e+00
     108299   4512.409   1074.000   1061.139     3.5107     3.5084  32.503898  32.503130     2.1946   59.90412  -41.09230     4.9560         62 0.0000e+00
     108358   4514.864   1072.000   1059.168     3.5118     3.5107  32.503934  32.504152     2.1955   59.90412  -41.09230     4.9560         47 0.0000e+00
     108399   4516.570   1070.000   1057.197     3.5133     3.5123  32.504419  32.504724     2.1961   59.90412  -41.09230     4.9560         41 0.0000e+00
     108448   4518.642   1068.000   1055.226     3.5146     3.5128  32.504749  32.504422     2.1968   59.90412  -41.09230     4.9560         60 0.0000e+00
     108504   4520.978   1066.000   1053.255     3.5187     3.5179  32.507719  32.508058     2.1970   59.90412  -41.09230     4.9560         47 0.0000e+00
     108545   4522.653   1064.000   1051.284     3.5207     3.5193  32.508823  32.508660     2.1967   59.90412  -41.09230     4.9560         36 0.0000e+00
     108580   4524.139   1062.000   1049.313     3.5229     3.5217  32.510120  32.510164     2.1968   59.90412  -41.09230     4.9560         37 0.0000e+00
     108628   4526.113   1060.000   1047.342     3.5246     3.5223  32.510999  32.510119     2.1973   59.90412  -41.09230     4.9560         61 0.0000e+00
     108692   4528.782   1058.000   1045.371     3.5263     3.5256  32.511735  32.512181     2.1975   59.90412  -41.09230     4.9560         55 0.0000e+00
     108735   4530.574   1056.000   1043.399     3.5286     3.5274  32.513092  32.513098     2.1975   59.90412  -41.09230     4.9560         38 0.0000e+00
     108774   4532.191   1054.000   1041.428     3.5327     3.5297  32.515851  32.514431     2.1975   59.90412  -41.09230     4.9560         42 0.0000e+00
     108823   4534.265   1052.000   1039.457     3.5338     3.5317  32.516065  32.515343     2.1976   59.90412  -41.09230     4.9560         58 0.0000e+00
     108880   4536.610   1050.000   1037.486     3.5361     3.5336  32.517270  32.516305     2.1977   59.90412  -41.09230     4.9560         51 0.0000e+00
     108927   4538.564   1048.000   1035.515     3.5384     3.5372  32.518606  32.518713     2.1979   59.90412  -41.09230     4.9560         44 0.0000e+00
     108971   4540.402   1046.000   1033.544     3.5410     3.5387  32.520134  32.519408     2.1983   59.90412  -41.09230     4.9560         45 0.0000e+00
     109017   4542.338   1044.000   1031.572     3.5435     3.5418  32.521453  32.521167     2.1991   59.90412  -41.09230     4.9560         46 0.0000e+00
     109063   4544.270   1042.000   1029.601     3.5454     3.5436  32.522612  32.522131     2.2001   59.90412  -41.09230     4.9560         51 0.0000e+00
     109119   4546.595   1040.000   1027.630     3.5484     3.5468  32.524193  32.523927     2.2002   59.90412  -41.09230     4.9560         52 0.0000e+00
     109162   4548.356   1038.000   1025.658     3.5516     3.5502  32.526241  32.526026     2.2001   59.90414  -41.09230     4.9560         38 0.0000e+00
     109201   4550.019   1036.000   1023.687     3.5529     3.5517  32.526586  32.526673     2.2005   59.90412  -41.09231     4.9560         44 0.0000e+00
     109254   4552.198   1034.000   1021.716     3.5538     3.5528  32.526347  32.526746     2.2013   59.90413  -41.09231     4.9560         59 0.0000e+00
     109309   4554.520   1032.000   1019.744     3.5546     3.5539  32.526204  32.526858     2.2013   59.90414  -41.09230     4.9560         51 0.0000e+00
     109358   4556.547   1030.000   1017.773     3.5559     3.5550  32.526409  32.526956     2.2021   59.90412  -41.09230     4.9560         46 0.0000e+00
     109402   4558.369   1028.000   1015.802     3.5572     3.5562  32.526682  32.527088     2.2027   59.90414  -41.09232     4.9560         42 0.0000e+00
     109443   4560.098   1026.000   1013.830     3.5584     3.5571  32.526934  32.527004     2.2030   59.90414  -41.09232     4.9560         44 0.0000e+00
     109499   4562.413   1024.000   1011.858     3.5597     3.5587  32.527099  32.527510     2.2037   59.90413  -41.09230     4.9560         62 0.0000e+00
     109549   4564.486   1022.000   1009.887     3.5617     3.5606  32.527943  32.528220     2.2047   59.90414  -41.09231     4.9560         40 0.0000e+00
     109591   4566.240   1020.000   1007.916     3.5625     3.5614  32.527795  32.528193     2.2052   59.90414  -41.09232     4.9560         47 0.0000e+00
     109641   4568.313   1018.000   1005.944     3.5641     3.5633  32.528304  32.528781     2.2053   59.90414  -41.09232     4.9560         47 0.0000e+00
     109681   4570.015   1016.000   1003.973     3.5653     3.5639  32.528403  32.528559     2.2053   59.90414  -41.09230     4.9560         39 0.0000e+00
     109733   4572.158   1014.000   1002.001     3.5656     3.5643  32.527923  32.528126     2.2064   59.90413  -41.09231     4.9560         65 0.0000e+00
     109790   4574.560   1012.000   1000.030     3.5662     3.5656  32.527454  32.528193     2.2064   59.90413  -41.09232     4.9560         44 0.0000e+00
     109831   4576.257   1010.000    998.058     3.5666     3.5658  32.526960  32.527608     2.2066   59.90414  -41.09230     4.9560         45 0.0000e+00
     109892   4578.796   1008.000    996.086     3.5673     3.5665  32.526715  32.527332     2.2072   59.90413  -41.09230     4.9560         74 0.0000e+00
     110333   4597.148   1006.000    994.114     3.5679     3.5675  32.526431  32.527276     2.2076   59.90414  -41.09231     4.9560        106 0.0000e+00
     112826   4701.035   1004.000    992.143     3.5674     3.5672  32.525222  32.526216     2.2094   59.90414  -41.09232     4.9560         60 0.0000e+00
     112719   4696.594   1002.000    990.171     3.5680     3.5677  32.524800  32.525690     2.2096   59.90414  -41.09232     4.9560         44 0.0000e+00
     112769   4698.656   1000.000    988.200     3.5680     3.5676  32.523894  32.524831     2.2098   59.90414  -41.09232     4.9560         54 0.0000e+00
     112819   4700.738    998.000    986.228     3.5679     3.5676  32.522943  32.523878     2.2098   59.90414  -41.09232     4.9560         46 0.0000e+00
     112869   4702.820    996.000    984.256     3.5679     3.5675  32.521989  32.522914     2.2107   59.90414  -41.09232     4.9560         57 0.0000e+00
     112923   4705.098    994.000    982.285     3.5682     3.5678  32.521376  32.522234     2.2115   59.90414  -41.09232     4.9560         45 0.0000e+00
     112960   4706.630    992.000    980.313     3.5686     3.5682  32.520915  32.521761     2.2120   59.90414  -41.09232     4.9560         33 0.0000e+00
     112994   4708.057    990.000    978.341     3.5691     3.5684  32.520431  32.521110     2.2125   59.90414  -41.09232     4.9560         38 0.0000e+00
     113051   4710.436    988.000    976.369     3.5699     3.5692  32.520285  32.520979     2.2131   59.90414  -41.09232     4.9560         74 0.0000e+00
     113110   4712.860    986.000    974.397     3.5725     3.5716  32.521747  32.522138     2.2131   59.90414  -41.09232     4.9560         41 0.0000e+00
     113153   4714.656    984.000    972.425     3.5755     3.5745  32.523776  32.523926     2.2132   59.90414  -41.09232     4.9560         46 0.0000e+00
     113197   4716.505    982.000    970.454     3.5799     3.5787  32.526830  32.526905     2.2137   59.90414  -41.09232     4.9560         40 0.0000e+00
     113236   4718.126    980.000    968.482     3.5825     3.5814  32.528379  32.528486     2.2141   59.90414  -41.09232     4.9560         41 0.0000e+00
     113293   4720.485    978.000    966.510     3.5835     3.5829  32.528510  32.529183     2.2148   59.90414  -41.09232     4.9560         73 0.0000e+00
     113354   4723.025    976.000    964.538     3.5843     3.5837  32.528287  32.528921     2.2159   59.90414  -41.09230     4.9560         40 0.0000e+00
     113386   4724.388    974.000    962.566     3.5843     3.5839  32.527463  32.528314     2.2158   59.90414  -41.09231     4.9560         32 0.0000e+00
     113422   4725.879    972.000    960.594     3.5847     3.5845  32.527019  32.528074     2.2158   59.90414  -41.09232     4.9560         43 0.0000e+00
     113475   4728.068    970.000    958.622     3.5869     3.5859  32.527976  32.528240     2.2167   59.90414  -41.09232     4.9560         57 0.0000e+00
     113529   4730.352    968.000    956.650     3.5877     3.5868  32.527923  32.528279     2.2169   59.90414  -41.09232     4.9560         51 0.0000e+00
     113576   4732.311    966.000    954.678     3.5895     3.5885  32.528490  32.528962     2.2170   59.90414  -41.09232     4.9560         43 0.0000e+00
     113621   4734.176    964.000    952.706     3.5905     3.5897  32.528679  32.529130     2.2173   59.90414  -41.09232     4.9560         50 0.0000e+00
     113671   4736.243    962.000    950.734     3.5919     3.5912  32.529064  32.529532     2.2180   59.90414  -41.09231     4.9560         43 0.0000e+00
     113710   4737.885    960.000    948.762     3.5929     3.5920  32.529044  32.529561     2.2188   59.90414  -41.09232     4.9560         41 0.0000e+00
     113761   4740.009    958.000    946.790     3.5953     3.5939  32.530221  32.530288     2.2197   59.90414  -41.09232     4.9560         60 0.0000e+00
     113818   4742.372    956.000    944.818     3.5971     3.5961  32.530971  32.531323     2.2202   59.90414  -41.09231     4.9560         51 0.0000e+00
     113865   4744.317    954.000    942.846     3.5989     3.5979  32.531719  32.532041     2.2201   59.90414  -41.09231     4.9560         43 0.0000e+00
     113906   4746.024    952.000    940.874     3.6010     3.5998  32.532705  32.532833     2.2198   59.90414  -41.09232     4.9560         40 0.0000e+00
     113945   4747.660    950.000    938.902     3.6043     3.6027  32.534775  32.534578     2.2199   59.90414  -41.09232     4.9560         38 0.0000e+00
     113986   4749.372    948.000    936.929     3.6059     3.6049  32.535511  32.535919     2.2203   59.90414  -41.09232     4.9560         49 0.0000e+00
     114055   4752.235    946.000    934.957     3.6105     3.6087  32.538644  32.538285     2.2212   59.90414  -41.09230     4.9560         71 0.0000e+00
     114101   4754.172    944.000    932.985     3.6119     3.6109  32.539166  32.539424     2.2217   59.90414  -41.09231     4.9560         35 0.0000e+00
     114137   4755.654    942.000    931.013     3.6133     3.6121  32.539524  32.539701     2.2218   59.90414  -41.09232     4.9560         39 0.0000e+00
     114184   4757.631    940.000    929.041     3.6147     3.6139  32.539826  32.540377     2.2221   59.90414  -41.09231     4.9560         53 0.0000e+00
     114237   4759.854    938.000    927.068     3.6167     3.6149  32.540868  32.540502     2.2226   59.90414  -41.09230     4.9560         57 0.0000e+00
     114294   4762.190    936.000    925.096     3.6205     3.6197  32.543268  32.543768     2.2234   59.90414  -41.09231     4.9560         46 0.0000e+00
     114331   4763.770    934.000    923.124     3.6224     3.6210  32.544167  32.544154     2.2233   59.90414  -41.09232     4.9560         36 0.0000e+00
     114372   4765.460    932.000    921.152     3.6254     3.6232  32.546115  32.545356     2.2234   59.90414  -41.09231     4.9560         49 0.0000e+00
     114426   4767.723    930.000    919.179     3.6283     3.6273  32.547736  32.547908     2.2242   59.90414  -41.09230     4.9560         53 0.0000e+00
     114476   4769.771    928.000    917.207     3.6311     3.6293  32.549441  32.548878     2.2247   59.90414  -41.09230     4.9560         48 0.0000e+00
     114522   4771.721    926.000    915.234     3.6354     3.6334  32.552204  32.551658     2.2249   59.90414  -41.09232     4.9560         44 0.0000e+00
     114565   4773.490    924.000    913.262     3.6403     3.6377  32.555708  32.554568     2.2249   59.90414  -41.09231     4.9560         44 0.0000e+00
     114614   4775.546    922.000    911.290     3.6443     3.6426  32.558427  32.557979     2.2251   59.90413  -41.09230     4.9560         53 0.0000e+00
     114666   4777.691    920.000    909.317     3.6466     3.6441  32.559685  32.558657     2.2258   59.90413  -41.09230     4.9560         51 0.0000e+00
     114717   4779.815    918.000    907.345     3.6475     3.6465  32.559665  32.560005     2.2263   59.90414  -41.09231     4.9560         47 0.0000e+00
     114760   4781.618    916.000    905.372     3.6509     3.6493  32.561925  32.561700     2.2268   59.90414  -41.09230     4.9560         43 0.0000e+00
     114805   4783.482    914.000    903.400     3.6531     3.6518  32.563101  32.563236     2.2269   59.90413  -41.09230     4.9560         47 0.0000e+00
     114854   4785.546    912.000    901.427     3.6542     3.6531  32.563286  32.563774     2.2269   59.90412  -41.09232     4.9560         52 0.0000e+00
     114906   4787.698    910.000    899.455     3.6570     3.6555  32.564962  32.564921     2.2269   59.90412  -41.09230     4.9560         50 0.0000e+00
     114953   4789.646    908.000    897.482     3.6617     3.6587  32.568446  32.566834     2.2278   59.90412  -41.09230     4.9560         43 0.0000e+00
     114993   4791.337    906.000    895.510     3.6646     3.6630  32.570429  32.570035     2.2285   59.90412  -41.09231     4.9560         39 0.0000e+00
     115033   4792.997    904.000    893.537     3.6671     3.6654  32.571823  32.571556     2.2285   59.90414  -41.09232     4.9560         44 0.0000e+00
     115100   4795.776    902.000    891.564     3.6694     3.6677  32.573192  32.572858     2.2287   59.90412  -41.09230     4.9560         79 0.0000e+00
     115153   4798.005    900.000    889.592     3.6716     3.6706  32.574303  32.574473     2.2290   59.90412  -41.09230     4.9560         33 0.0000e+00
     115184   4799.277    898.000    887.619     3.6742     3.6728  32.575741  32.575718     2.2293   59.90413  -41.09231     4.9560         31 0.0000e+00
     115225   4801.016    896.000    885.647     3.6765     3.6753  32.577108  32.577220     2.2296   59.90413  -41.09232     4.9560         59 0.0000e+00
     115290   4803.721    894.000    883.674     3.6798     3.6786  32.578943  32.579196     2.2297   59.90412  -41.09231     4.9560         56 0.0000e+00
     115337   4805.651    892.000    881.701     3.6815     3.6796  32.579769  32.579329     2.2297   59.90412  -41.09230     4.9560         44 0.0000e+00
     115381   4807.488    890.000    879.729     3.6878     3.6850  32.584327  32.583149     2.2297   59.90412  -41.09230     4.9560         43 0.0000e+00
     115421   4809.165    888.000    877.756     3.6906     3.6889  32.586213  32.585916     2.2301   59.90412  -41.09232     4.9560         39 0.0000e+00
     115468   4811.116    886.000    875.783     3.6925     3.6900  32.587113  32.586241     2.2311   59.90412  -41.09231     4.9560         60 0.0000e+00
     115528   4813.637    884.000    873.810     3.6954     3.6944  32.588710  32.588998     2.2321   59.90412  -41.09232     4.9560         48 0.0000e+00
     115569   4815.314    882.000    871.838     3.6970     3.6959  32.589427  32.589710     2.2321   59.90412  -41.09231     4.9560         42 0.0000e+00
     115615   4817.241    880.000    869.865     3.6983     3.6971  32.589618  32.589883     2.2323   59.90412  -41.09230     4.9560         48 0.0000e+00
     115664   4819.275    878.000    867.892     3.7012     3.6992  32.591470  32.590935     2.2325   59.90412  -41.09232     4.9560         53 0.0000e+00
     115722   4821.694    876.000    865.919     3.7045     3.7027  32.593445  32.593150     2.2328   59.90412  -41.09232     4.9560         57 0.0000e+00
