Example_Files/SBE_Processing_Files/Processed_SBE_cast_files/upcasts/uar69-01_013.cnv
* Sea-Bird SBE 9 Data File:
* FileName = D:\data\ar69-01_013.hex
* Software Version Seasave V 7.26.7.107
* Temperature SN = 4491
* Conductivity SN = 3009
* Number of Bytes Per Scan = 44
* Number of Voltage Words = 5
* Number of Scans Averaged by the Deck Unit = 1
* NMEA Latitude = 59 58.35 N
* NMEA Longitude = 039 30.42 W
* NMEA UTC (Time) = Jul 01 2022  16:41:48
** Cruise ID: AR69-01
** Chief Sci:
** Station #: 013
** Site ID: Irminger HYPM
# nquan = 14
# nvalues = 1318                        
# units = specified
# name 0 = scan: Scan Count
# name 1 = timeS: Time, Elapsed [seconds]
# name 2 = prDM: Pressure, Digiquartz [db]
# name 3 = depSM: Depth [salt water, m]
# name 4 = t090C: Temperature [ITS-90, deg C]
# name 5 = t190C: Temperature, 2 [ITS-90, deg C]
# name 6 = c0mS/cm: Conductivity [mS/cm]
# name 7 = c1mS/cm: Conductivity, 2 [mS/cm]
# name 8 = sbeox0V: Oxygen raw, SBE 43 [V]
# name 9 = latitude: Latitude [deg]
# name 10 = longitude: Longitude [deg]
# name 11 = v7: Voltage 7
# name 12 = nbin: number of scans per bin
# name 13 = flag: flag
# span 0 =      72276,     153763       
# span 1 =   3011.454,   6406.747       
# span 2 =      6.000,   2640.000       
# span 3 =      5.943,   2598.791       
# span 4 =     1.6169,     7.0695       
# span 5 =     1.6169,     7.0681       
# span 6 =  31.461446,  35.140655       
# span 7 =  31.462020,  35.142066       
# span 8 =     1.8567,     2.8376       
# span 9 =   59.97241,   59.97304       
# span 10 =  -39.50760,  -39.50674      
# span 11 =     4.9560,     4.9568      
# span 12 =         24,        119      
# span 13 = 0.0000e+00, 0.0000e+00      
# interval = decibars: 2                
# start_time = Jul 01 2022 16:41:48 [NMEA time, first data scan]
# bad_flag = -9.990e-29
*END*
[from data line 1239]
     146552   6106.273    162.000    160.410     3.8641     3.8560  32.395986  32.389507     2.5283   59.97281  -39.50733     4.9564         70 0.0000e+00
     146599   6108.264    160.000    158.430     3.8911     3.8874  32.421434  32.418840     2.5244   59.97282  -39.50732     4.9564         40 0.0000e+00
     146795   6116.406    158.000    156.451     3.8956     3.8918  32.424793  32.422498     2.5235   59.97282  -39.50730     4.9564         90 0.0000e+00
     147717   6154.826    156.000    154.471     3.9114     3.9092  32.438679  32.438231     2.5233   59.97278  -39.50727     4.9564        103 0.0000e+00
     147879   6161.567    154.000    152.491     3.9154     3.9134  32.441482  32.440845     2.5243   59.97278  -39.50728     4.9563         61 0.0000e+00
     147921   6163.317    152.000    150.512     3.9246     3.9229  32.449385  32.449155     2.5234   59.97278  -39.50728     4.9565         40 0.0000e+00
     147965   6165.172    150.000    148.532     3.9344     3.9329  32.457948  32.458048     2.5210   59.97278  -39.50726     4.9564         52 0.0000e+00
     148026   6167.717    148.000    146.552     3.9503     3.9335  32.472351  32.457876     2.5192   59.97278  -39.50727     4.9563         65 0.0000e+00
     148079   6169.933    146.000    144.573     3.9608     3.9587  32.482040  32.481246     2.5180   59.97278  -39.50728     4.9564         42 0.0000e+00
     148118   6171.535    144.000    142.593     3.9720     3.9698  32.492004  32.490986     2.5170   59.97278  -39.50726     4.9565         38 0.0000e+00
     148166   6173.529    142.000    140.613     3.9828     3.9750  32.501811  32.495748     2.5158   59.97277  -39.50727     4.9564         62 0.0000e+00
     148233   6176.353    140.000    138.633     3.9930     3.9798  32.510809  32.499245     2.5129   59.97277  -39.50728     4.9563         57 0.0000e+00
     148273   6177.984    138.000    136.653     4.0084     4.0043  32.524445  32.521813     2.5118   59.97278  -39.50726     4.9564         32 0.0000e+00
     148307   6179.407    136.000    134.674     4.0154     4.0133  32.530318  32.529745     2.5120   59.97277  -39.50726     4.9563         40 0.0000e+00
     148369   6181.980    134.000    132.694     4.0169     4.0140  32.530489  32.529764     2.5185   59.97276  -39.50727     4.9564         76 0.0000e+00
     148427   6184.422    132.000    130.714     4.0070     4.0033  32.518763  32.517673     2.5291   59.97278  -39.50725     4.9564         41 0.0000e+00
     148464   6185.952    130.000    128.734     3.9882     3.9889  32.497897  32.500791     2.5338   59.97276  -39.50725     4.9564         38 0.0000e+00
     148510   6187.873    128.000    126.754     3.9866     3.9864  32.494190  32.496329     2.5366   59.97276  -39.50726     4.9563         55 0.0000e+00
     148563   6190.102    126.000    124.774     3.9965     4.0000  32.502375  32.506636     2.5372   59.97278  -39.50724     4.9563         51 0.0000e+00
     148623   6192.573    124.000    122.794     4.0222     4.0078  32.526423  32.513619     2.5373   59.97276  -39.50724     4.9564         64 0.0000e+00
     148675   6194.752    122.000    120.814     4.0383     4.0365  32.540932  32.540454     2.5390   59.97277  -39.50724     4.9563         40 0.0000e+00
     148714   6196.356    120.000    118.834     4.0437     4.0422  32.544958  32.544721     2.5421   59.97278  -39.50723     4.9565         42 0.0000e+00
     148764   6198.457    118.000    116.854     4.0443     4.0412  32.543982  32.543238     2.5448   59.97277  -39.50722     4.9564         58 0.0000e+00
     148825   6201.016    116.000    114.874     4.0478     4.0476  32.546056  32.547393     2.5457   59.97276  -39.50722     4.9563         62 0.0000e+00
     148881   6203.348    114.000    112.894     4.0553     4.0544  32.552095  32.552592     2.5447   59.97278  -39.50720     4.9564         46 0.0000e+00
     148922   6205.031    112.000    110.914     4.0666     4.0649  32.562114  32.561406     2.5428   59.97277  -39.50720     4.9565         40 0.0000e+00
     148974   6207.227    110.000    108.934     4.0819     4.0729  32.575671  32.569002     2.5409   59.97276  -39.50720     4.9565         70 0.0000e+00
     149042   6210.039    108.000    106.954     4.1016     4.0917  32.593134  32.585045     2.5367   59.97278  -39.50719     4.9565         51 0.0000e+00
     149082   6211.699    106.000    104.974     4.1183     4.1145  32.608398  32.605756     2.5343   59.97278  -39.50718     4.9565         37 0.0000e+00
     149145   6214.330    104.000    102.994     4.1256     4.1229  32.614763  32.613885     2.5337   59.97277  -39.50719     4.9564         96 0.0000e+00
     149228   6217.795    102.000    101.014     4.1306     4.1290  32.618000  32.618291     2.5349   59.97278  -39.50718     4.9566         55 0.0000e+00
     149286   6220.220    100.000     99.033     4.1381     4.1367  32.623613  32.624209     2.5380   59.97277  -39.50720     4.9565         77 0.0000e+00
     149372   6223.801     98.000     97.053     4.1411     4.1372  32.624904  32.623113     2.5404   59.97278  -39.50718     4.9564         70 0.0000e+00
     149424   6225.959     96.000     95.073     4.1499     4.1488  32.631250  32.631620     2.5400   59.97276  -39.50719     4.9565         54 0.0000e+00
     149499   6229.099     94.000     93.093     4.1613     4.1516  32.640770  32.633809     2.5394   59.97276  -39.50720     4.9564         87 0.0000e+00
     149569   6232.019     92.000     91.113     4.1750     4.1720  32.652244  32.650256     2.5391   59.97276  -39.50720     4.9565         58 0.0000e+00
     149637   6234.838     90.000     89.132     4.1905     4.1811  32.665752  32.658746     2.5397   59.97276  -39.50721     4.9564         77 0.0000e+00
     149710   6237.895     88.000     87.152     4.2053     4.2037  32.678228  32.678457     2.5433   59.97276  -39.50722     4.9565         66 0.0000e+00
     149773   6240.514     86.000     85.172     4.2203     4.2160  32.690005  32.687547     2.5471   59.97276  -39.50722     4.9565         69 0.0000e+00
     149850   6243.698     84.000     83.191     4.2357     4.2251  32.702689  32.695202     2.5509   59.97276  -39.50722     4.9565         75 0.0000e+00
     149917   6246.495     82.000     81.211     4.2453     4.2436  32.710406  32.710352     2.5542   59.97276  -39.50724     4.9563         63 0.0000e+00
     149982   6249.212     80.000     79.231     4.2594     4.2591  32.721765  32.722765     2.5561   59.97276  -39.50724     4.9565         67 0.0000e+00
     150049   6251.988     78.000     77.250     4.2704     4.2687  32.730859  32.730720     2.5597   59.97275  -39.50724     4.9564         67 0.0000e+00
     150128   6255.273     76.000     75.270     4.2916     4.2738  32.748419  32.734339     2.5667   59.97274  -39.50726     4.9565         90 0.0000e+00
     150201   6258.323     74.000     73.289     4.3322     4.3184  32.781960  32.770171     2.5742   59.97274  -39.50725     4.9564         54 0.0000e+00
     150257   6260.666     72.000     71.309     4.3300     4.3265  32.774865  32.774578     2.5830   59.97274  -39.50725     4.9566         68 0.0000e+00
     150336   6263.940     70.000     69.328     4.3461     4.3328  32.782493  32.774832     2.5966   59.97274  -39.50726     4.9564         75 0.0000e+00
     150404   6266.797     68.000     67.348     4.4090     4.4028  32.835268  32.829775     2.6060   59.97274  -39.50726     4.9566         74 0.0000e+00
     150481   6270.005     66.000     65.367     4.4730     4.4649  32.891734  32.884807     2.6131   59.97274  -39.50726     4.9566         69 0.0000e+00
     150548   6272.773     64.000     63.387     4.4957     4.4834  32.909914  32.900814     2.6180   59.97274  -39.50726     4.9564         80 0.0000e+00
     150631   6276.235     62.000     61.406     4.5125     4.5042  32.921539  32.915973     2.6249   59.97274  -39.50726     4.9565         64 0.0000e+00
     150685   6278.483     60.000     59.426     4.5704     4.5677  32.971389  32.968969     2.6279   59.97274  -39.50725     4.9565         61 0.0000e+00
     150770   6282.024     58.000     57.445     4.6106     4.5781  33.006735  32.978358     2.6336   59.97275  -39.50726     4.9565         99 0.0000e+00
     150844   6285.134     56.000     55.465     4.6499     4.6436  33.038524  33.032143     2.6377   59.97274  -39.50725     4.9565         50 0.0000e+00
     150900   6287.442     54.000     53.484     4.6978     4.6819  33.083162  33.067489     2.6420   59.97274  -39.50725     4.9564         81 0.0000e+00
     150995   6291.404     52.000     51.503     4.7594     4.7347  33.136326  33.115346     2.6484   59.97275  -39.50726     4.9565         75 0.0000e+00
     151052   6293.806     50.000     49.523     4.7984     4.7883  33.170306  33.159441     2.6503   59.97274  -39.50726     4.9565         55 0.0000e+00
     151122   6296.711     48.000     47.542     4.8223     4.8100  33.188970  33.180061     2.6530   59.97274  -39.50726     4.9566         95 0.0000e+00
     151205   6300.150     46.000     45.561     4.8630     4.8457  33.222882  33.208201     2.6637   59.97274  -39.50726     4.9565         56 0.0000e+00
     151264   6302.626     44.000     43.581     5.0816     5.0779  33.412379  33.400605     2.6721   59.97274  -39.50726     4.9564         74 0.0000e+00
     151348   6306.125     42.000     41.600     5.3817     5.2566  33.672279  33.547239     2.6944   59.97274  -39.50726     4.9565         80 0.0000e+00
     151460   6310.789     40.000     39.619     5.7207     5.6319  33.971465  33.893543     2.6972   59.97274  -39.50726     4.9565         84 0.0000e+00
     152255   6343.903     38.000     37.638     6.0179     6.0018  34.237053  34.223663     2.7350   59.97274  -39.50725     4.9566         66 0.0000e+00
     152374   6348.869     36.000     35.658     6.0995     6.1037  34.306107  34.309733     2.7542   59.97274  -39.50724     4.9565         79 0.0000e+00
     152456   6352.272     34.000     33.677     6.3076     6.2659  34.491496  34.451742     2.7724   59.97274  -39.50724     4.9566         77 0.0000e+00
     152542   6355.873     32.000     31.696     6.4277     6.4359  34.598591  34.600691     2.7911   59.97275  -39.50722     4.9566         49 0.0000e+00
     152605   6358.495     30.000     29.715     6.5169     6.5016  34.674737  34.662160     2.7975   59.97274  -39.50722     4.9565         72 0.0000e+00
     152709   6362.819     28.000     27.734     6.5190     6.5148  34.674998  34.672797     2.8106   59.97276  -39.50722     4.9567         62 0.0000e+00
     152768   6365.281     26.000     25.753     6.5632     6.5573  34.713916  34.708654     2.8157   59.97274  -39.50722     4.9566         79 0.0000e+00
     152866   6369.393     24.000     23.772     6.5876     6.5846  34.733328  34.733109     2.8215   59.97275  -39.50722     4.9566         82 0.0000e+00
     152932   6372.130     22.000     21.791     6.6187     6.6115  34.760872  34.755649     2.8253   59.97274  -39.50721     4.9566         80 0.0000e+00
     153029   6376.147     20.000     19.810     6.6689     6.6632  34.803587  34.795329     2.8327   59.97274  -39.50721     4.9567         90 0.0000e+00
     153101   6379.169     18.000     17.830     6.8887     6.9025  34.985032  34.989904     2.8318   59.97274  -39.50720     4.9568         66 0.0000e+00
     153187   6382.732     16.000     15.849     6.9994     6.9611  35.086197  35.055195     2.8319   59.97274  -39.50720     4.9566        105 0.0000e+00
     153278   6386.535     14.000     13.867     7.0293     7.0188  35.109655  35.100544     2.8335   59.97274  -39.50721     4.9567         81 0.0000e+00
     153386   6391.055     12.000     11.887     7.0565     7.0498  35.131286  35.128815     2.8357   59.97274  -39.50721     4.9567         84 0.0000e+00
     153493   6395.510     10.000      9.905     7.0658     7.0624  35.138699  35.137683     2.8357   59.97274  -39.50720     4.9565         82 0.0000e+00
     153620   6400.779      8.000      7.924     7.0689     7.0681  35.140655  35.142066     2.8367   59.97275  -39.50719     4.9566         64 0.0000e+00
     153763   6406.747      6.000      5.943     7.0695     7.0676  35.140255  35.140499     2.8376   59.97274  -39.50718     4.9567         61 0.0000e+00
