Example_Files/SBE_Processing_Files/Processed_SBE_cast_files/upcasts/uar69-01_011.cnv
* Sea-Bird SBE 9 Data File:
* FileName = D:\data\ar69-01_011.hex
* Software Version Seasave V 7.26.7.107
* Temperature SN = 4491
* Conductivity SN = 3009
* Number of Bytes Per Scan = 44
* Number of Voltage Words = 5
* Number of Scans Averaged by the Deck Unit = 1
* NMEA Latitude = 59 50.97 N
* NMEA Longitude = 040 41.43 W
* NMEA UTC (Time) = Jun 29 2022  18:39:20
** Cruise ID: AR69-01
** Chief Sci:
** Station #: 011
** Site ID: M2
# nquan = 14
# nvalues = 1242                        
# units = specified
# name 0 = scan: Scan Count
# name 1 = timeS: Time, Elapsed [seconds]
# name 2 = prDM: Pressure, Digiquartz [db]
# name 3 = depSM: Depth [salt water, m]
# name 4 = t090C: Temperature [ITS-90, deg C]
# name 5 = t190C: Temperature, 2 [ITS-90, deg C]
# name 6 = c0mS/cm: Conductivity [mS/cm]
# name 7 = c1mS/cm: Conductivity, 2 [mS/cm]
# name 8 = sbeox0V: Oxygen raw, SBE 43 [V]
# name 9 = latitude: Latitude [deg]
# name 10 = longitude: Longitude [deg]
# name 11 = v7: Voltage 7
# name 12 = nbin: number of scans per bin
# name 13 = flag: flag
# span 0 =      68192,     155969       
# span 1 =   2841.279,   6498.646       
# span 2 =      4.000,   2486.000       
# span 3 =      3.962,   2448.095       
# span 4 =     1.8978,     7.0782       
# span 5 =     1.8978,     7.0775       
# span 6 =  31.646807,  35.253772       
# span 7 =  31.647221,  35.255469       
# span 8 =     1.8768,     2.8261       
# span 9 =   59.84089,   59.84692       
# span 10 =  -40.69738,  -40.69258      
# span 11 =     4.9560,     4.9570      
# span 12 =         21,        123      
# span 13 = 0.0000e+00, 0.0000e+00      
# interval = decibars: 2                
# start_time = Jun 29 2022 18:39:20 [NMEA time, first data scan]
# bad_flag = -9.990e-29
*END*
[from data line 826]
     122471   5102.904    834.000    824.489     3.5801     3.5799  32.443980  32.444897     2.3271   59.84312  -40.69600     4.9560         36 0.0000e+00
     122505   5104.327    832.000    822.516     3.5803     3.5800  32.443241  32.444152     2.3282   59.84312  -40.69600     4.9560         35 0.0000e+00
     122546   5106.026    830.000    820.543     3.5803     3.5801  32.442281  32.443302     2.3287   59.84312  -40.69600     4.9560         48 0.0000e+00
     122596   5108.113    828.000    818.570     3.5803     3.5802  32.441559  32.442592     2.3289   59.84312  -40.69600     4.9560         52 0.0000e+00
     122655   5110.587    826.000    816.596     3.5805     3.5806  32.440800  32.441972     2.3302   59.84312  -40.69600     4.9560         59 0.0000e+00
     122700   5112.478    824.000    814.623     3.5812     3.5812  32.440509  32.441512     2.3307   59.84312  -40.69600     4.9560         37 0.0000e+00
     122739   5114.082    822.000    812.650     3.5825     3.5820  32.440795  32.441465     2.3316   59.84312  -40.69600     4.9560         41 0.0000e+00
     122790   5116.193    820.000    810.676     3.5834     3.5831  32.440820  32.441639     2.3322   59.84310  -40.69600     4.9560         64 0.0000e+00
     122854   5118.879    818.000    808.703     3.5847     3.5851  32.440996  32.442434     2.3325   59.84310  -40.69600     4.9560         49 0.0000e+00
     122890   5120.380    816.000    806.729     3.5872     3.5870  32.442441  32.443219     2.3325   59.84310  -40.69600     4.9560         33 0.0000e+00
     122968   5123.639    814.000    804.756     3.5874     3.5870  32.441664  32.442570     2.3328   59.84310  -40.69600     4.9560         65 0.0000e+00
     123423   5142.581    812.000    802.782     3.5876     3.5875  32.441078  32.442175     2.3322   59.84307  -40.69602     4.9560         86 0.0000e+00
     125207   5216.916    810.000    800.809     3.5895     3.5894  32.441890  32.442991     2.3346   59.84293  -40.69613     4.9560         63 0.0000e+00
     125116   5213.121    808.000    798.836     3.5894     3.5893  32.441023  32.442021     2.3350   59.84294  -40.69612     4.9560         44 0.0000e+00
     125160   5214.962    806.000    796.862     3.5898     3.5897  32.440452  32.441465     2.3342   59.84294  -40.69614     4.9560         42 0.0000e+00
     125200   5216.640    804.000    794.888     3.5921     3.5918  32.442004  32.442598     2.3338   59.84292  -40.69614     4.9560         41 0.0000e+00
     125251   5218.733    802.000    792.915     3.5932     3.5937  32.442050  32.443656     2.3330   59.84292  -40.69616     4.9560         61 0.0000e+00
     125313   5221.318    800.000    790.941     3.5955     3.5966  32.443655  32.445369     2.3295   59.84292  -40.69614     4.9560         58 0.0000e+00
     125364   5223.471    798.000    788.968     3.6041     3.6059  32.452075  32.453614     2.3239   59.84292  -40.69614     4.9560         45 0.0000e+00
     125403   5225.086    796.000    786.994     3.6191     3.6190  32.466215  32.465395     2.3204   59.84292  -40.69615     4.9560         35 0.0000e+00
     125442   5226.720    794.000    785.021     3.6244     3.6274  32.470114  32.473298     2.3168   59.84292  -40.69616     4.9560         51 0.0000e+00
     125503   5229.231    792.000    783.047     3.6318     3.6339  32.476995  32.479300     2.3068   59.84292  -40.69616     4.9560         53 0.0000e+00
     125544   5230.952    790.000    781.073     3.6474     3.6502  32.493289  32.492755     2.2983   59.84292  -40.69616     4.9560         38 0.0000e+00
     125582   5232.561    788.000    779.100     3.6626     3.6631  32.505632  32.506542     2.2909   59.84290  -40.69616     4.9560         41 0.0000e+00
     125639   5234.929    786.000    777.126     3.6752     3.6730  32.517522  32.516095     2.2837   59.84291  -40.69616     4.9560         77 0.0000e+00
     125704   5237.635    784.000    775.152     3.6777     3.6784  32.518385  32.519889     2.2758   59.84290  -40.69616     4.9560         40 0.0000e+00
     125736   5238.939    782.000    773.178     3.6900     3.6892  32.530180  32.529316     2.2725   59.84290  -40.69618     4.9560         30 0.0000e+00
     125776   5240.642    780.000    771.205     3.6957     3.6940  32.534495  32.533385     2.2693   59.84290  -40.69618     4.9560         60 0.0000e+00
     125836   5243.144    778.000    769.231     3.7007     3.6991  32.537781  32.537451     2.2653   59.84290  -40.69618     4.9560         48 0.0000e+00
     125881   5244.988    776.000    767.257     3.7058     3.7070  32.542468  32.543725     2.2633   59.84290  -40.69618     4.9560         47 0.0000e+00
     125929   5247.012    774.000    765.283     3.7090     3.7085  32.543890  32.544391     2.2619   59.84290  -40.69620     4.9560         43 0.0000e+00
     125967   5248.572    772.000    763.310     3.7134     3.7133  32.547403  32.548208     2.2614   59.84290  -40.69620     4.9560         38 0.0000e+00
     126023   5250.922    770.000    761.336     3.7154     3.7154  32.548562  32.549811     2.2616   59.84290  -40.69620     4.9560         73 0.0000e+00
     126080   5253.290    768.000    759.362     3.7171     3.7174  32.549279  32.550389     2.2610   59.84290  -40.69620     4.9560         37 0.0000e+00
     126111   5254.596    766.000    757.388     3.7202     3.7199  32.551175  32.551933     2.2608   59.84290  -40.69620     4.9560         29 0.0000e+00
     126147   5256.077    764.000    755.414     3.7208     3.7203  32.550894  32.551681     2.2609   59.84290  -40.69622     4.9560         45 0.0000e+00
     126235   5259.760    762.000    753.440     3.7211     3.7207  32.550176  32.551019     2.2610   59.84290  -40.69621     4.9560         45 0.0000e+00
     126264   5260.961    760.000    751.466     3.7213     3.7211  32.549342  32.550420     2.2613   59.84290  -40.69621     4.9560         30 0.0000e+00
     126296   5262.312    758.000    749.492     3.7221     3.7216  32.549460  32.550046     2.2623   59.84290  -40.69622     4.9560         41 0.0000e+00
     126360   5264.974    756.000    747.518     3.7231     3.7227  32.549364  32.550155     2.2659   59.84290  -40.69624     4.9560         69 0.0000e+00
     126407   5266.907    754.000    745.544     3.7233     3.7223  32.548045  32.548417     2.2695   59.84289  -40.69624     4.9560         37 0.0000e+00
     126447   5268.602    752.000    743.570     3.7215     3.7204  32.545141  32.545327     2.2739   59.84290  -40.69624     4.9560         48 0.0000e+00
     126500   5270.798    750.000    741.596     3.7185     3.7181  32.540662  32.542042     2.2813   59.84290  -40.69624     4.9560         49 0.0000e+00
     126542   5272.549    748.000    739.622     3.7129     3.7120  32.533280  32.534418     2.2854   59.84288  -40.69624     4.9560         39 0.0000e+00
     126583   5274.254    746.000    737.648     3.7107     3.7092  32.530516  32.530605     2.2894   59.84288  -40.69625     4.9560         45 0.0000e+00
     126640   5276.623    744.000    735.674     3.7075     3.7076  32.525945  32.527757     2.2965   59.84289  -40.69626     4.9560         70 0.0000e+00
     126701   5279.160    742.000    733.700     3.7028     3.7020  32.519723  32.520300     2.3055   59.84288  -40.69626     4.9560         42 0.0000e+00
     126736   5280.606    740.000    731.726     3.7013     3.7016  32.516784  32.518041     2.3092   59.84288  -40.69626     4.9560         34 0.0000e+00
     126778   5282.369    738.000    729.752     3.7029     3.7023  32.517449  32.517990     2.3125   59.84288  -40.69627     4.9560         58 0.0000e+00
     126838   5284.855    736.000    727.778     3.7039     3.7040  32.517482  32.518526     2.3150   59.84288  -40.69626     4.9560         47 0.0000e+00
     126877   5286.479    734.000    725.803     3.7098     3.7104  32.522448  32.523427     2.3160   59.84288  -40.69628     4.9560         40 0.0000e+00
     126930   5288.711    732.000    723.829     3.7129     3.7113  32.524094  32.523880     2.3177   59.84288  -40.69628     4.9560         63 0.0000e+00
     126979   5290.738    730.000    721.855     3.7127     3.7128  32.522864  32.524019     2.3200   59.84286  -40.69628     4.9560         34 0.0000e+00
     127012   5292.134    728.000    719.881     3.7106     3.7103  32.519562  32.520734     2.3220   59.84286  -40.69628     4.9560         37 0.0000e+00
     127064   5294.282    726.000    717.907     3.7077     3.7082  32.515533  32.517712     2.3253   59.84286  -40.69628     4.9560         67 0.0000e+00
     127125   5296.853    724.000    715.932     3.7054     3.7052  32.511793  32.513627     2.3311   59.84286  -40.69628     4.9560         47 0.0000e+00
     127163   5298.433    722.000    713.958     3.6917     3.6915  32.496444  32.498798     2.3345   59.84286  -40.69628     4.9560         36 0.0000e+00
     127208   5300.293    720.000    711.984     3.6903     3.6893  32.494700  32.495199     2.3380   59.84286  -40.69628     4.9560         59 0.0000e+00
     127271   5302.910    718.000    710.009     3.6870     3.6869  32.490115  32.491422     2.3432   59.84284  -40.69629     4.9560         55 0.0000e+00
     127314   5304.728    716.000    708.035     3.6820     3.6830  32.483713  32.486683     2.3465   59.84284  -40.69628     4.9560         35 0.0000e+00
     127346   5306.048    714.000    706.060     3.6807     3.6807  32.481699  32.483145     2.3481   59.84284  -40.69628     4.9560         32 0.0000e+00
     127396   5308.120    712.000    704.086     3.6796     3.6794  32.479897  32.481085     2.3498   59.84284  -40.69630     4.9560         71 0.0000e+00
     127465   5311.020    710.000    702.112     3.6800     3.6798  32.479515  32.480347     2.3528   59.84282  -40.69629     4.9560         42 0.0000e+00
     127499   5312.433    708.000    700.137     3.6869     3.6869  32.485284  32.485568     2.3543   59.84282  -40.69628     4.9560         34 0.0000e+00
     127541   5314.166    706.000    698.163     3.6898     3.6886  32.486971  32.486887     2.3551   59.84282  -40.69630     4.9560         55 0.0000e+00
     127599   5316.573    704.000    696.188     3.6922     3.6907  32.487981  32.487777     2.3560   59.84282  -40.69630     4.9560         47 0.0000e+00
     127635   5318.089    702.000    694.214     3.6952     3.6948  32.489950  32.490481     2.3569   59.84282  -40.69630     4.9560         34 0.0000e+00
     127685   5320.151    700.000    692.239     3.6971     3.6967  32.490974  32.491650     2.3571   59.84280  -40.69630     4.9560         72 0.0000e+00
     127751   5322.930    698.000    690.265     3.6981     3.6983  32.490735  32.492045     2.3578   59.84280  -40.69630     4.9560         50 0.0000e+00
     127796   5324.788    696.000    688.290     3.7026     3.7026  32.494232  32.494963     2.3587   59.84280  -40.69630     4.9560         40 0.0000e+00
     127831   5326.268    694.000    686.316     3.7040     3.7037  32.494460  32.495138     2.3592   59.84280  -40.69630     4.9560         33 0.0000e+00
     127868   5327.775    692.000    684.341     3.7042     3.7043  32.493746  32.494943     2.3594   59.84280  -40.69630     4.9560         44 0.0000e+00
     127922   5330.034    690.000    682.367     3.7053     3.7047  32.493871  32.494510     2.3599   59.84279  -40.69632     4.9560         57 0.0000e+00
     127982   5332.534    688.000    680.392     3.7075     3.7054  32.494883  32.494283     2.3618   59.84278  -40.69631     4.9560         67 0.0000e+00
     128037   5334.842    686.000    678.417     3.7093     3.7087  32.495496  32.495948     2.3628   59.84278  -40.69630     4.9560         40 0.0000e+00
     128072   5336.286    684.000    676.443     3.7103     3.7103  32.495532  32.496509     2.3628   59.84278  -40.69630     4.9560         32 0.0000e+00
     128105   5337.653    682.000    674.468     3.7119     3.7112  32.496130  32.496442     2.3632   59.84278  -40.69632     4.9560         35 0.0000e+00
     128157   5339.846    680.000    672.494     3.7148     3.7152  32.497836  32.499229     2.3642   59.84278  -40.69632     4.9560         59 0.0000e+00
     128244   5343.465    678.000    670.519     3.7192     3.7181  32.500743  32.500736     2.3637   59.84278  -40.69630     4.9560         36 0.0000e+00
     128270   5344.549    676.000    668.544     3.7284     3.7296  32.510063  32.509672     2.3612   59.84278  -40.69630     4.9560         27 0.0000e+00
     128301   5345.823    674.000    666.569     3.7394     3.7427  32.519169  32.521831     2.3588   59.84276  -40.69632     4.9560         38 0.0000e+00
     128348   5347.809    672.000    664.594     3.7570     3.7558  32.535360  32.534647     2.3549   59.84276  -40.69634     4.9560         52 0.0000e+00
     128409   5350.326    670.000    662.620     3.7677     3.7612  32.544827  32.538940     2.3502   59.84276  -40.69633     4.9560         75 0.0000e+00
     128470   5352.858    668.000    660.645     3.7779     3.7776  32.554106  32.552876     2.3451   59.84276  -40.69631     4.9560         37 0.0000e+00
     128499   5354.090    666.000    658.670     3.7903     3.7895  32.564587  32.564229     2.3431   59.84276  -40.69632     4.9560         27 0.0000e+00
     128529   5355.316    664.000    656.695     3.7935     3.7918  32.566589  32.566090     2.3414   59.84276  -40.69633     4.9560         34 0.0000e+00
     128605   5358.511    662.000    654.720     3.7953     3.7941  32.567337  32.567420     2.3404   59.84275  -40.69634     4.9560         62 0.0000e+00
     128662   5360.872    660.000    652.745     3.7978     3.7974  32.568870  32.568949     2.3398   59.84274  -40.69632     4.9560         32 0.0000e+00
     128690   5362.040    658.000    650.770     3.8017     3.8012  32.571192  32.571817     2.3386   59.84274  -40.69633     4.9560         28 0.0000e+00
     128726   5363.562    656.000    648.796     3.8019     3.8014  32.570721  32.571502     2.3382   59.84274  -40.69635     4.9560         51 0.0000e+00
     128793   5366.352    654.000    646.821     3.8032     3.8025  32.571055  32.571684     2.3376   59.84273  -40.69635     4.9560         70 0.0000e+00
     128848   5368.642    652.000    644.846     3.8068     3.8054  32.573856  32.572964     2.3350   59.84274  -40.69634     4.9560         43 0.0000e+00
     128886   5370.209    650.000    642.871     3.8125     3.8126  32.578295  32.578802     2.3328   59.84272  -40.69634     4.9560         35 0.0000e+00
     128924   5371.778    648.000    640.896     3.8156     3.8141  32.579901  32.579893     2.3312   59.84272  -40.69635     4.9560         43 0.0000e+00
     128977   5373.981    646.000    638.921     3.8167     3.8166  32.580424  32.581547     2.3304   59.84272  -40.69635     4.9560         59 0.0000e+00
     129029   5376.184    644.000    636.946     3.8178     3.8177  32.580343  32.581479     2.3308   59.84272  -40.69635     4.9560         46 0.0000e+00
     129075   5378.104    642.000    634.971     3.8171     3.8164  32.578512  32.579272     2.3318   59.84272  -40.69636     4.9560         49 0.0000e+00
     129126   5380.202    640.000    632.996     3.8148     3.8147  32.575036  32.576195     2.3328   59.84270  -40.69635     4.9560         53 0.0000e+00
     129178   5382.393    638.000    631.021     3.8140     3.8136  32.573143  32.574091     2.3341   59.84270  -40.69635     4.9560         45 0.0000e+00
     129216   5383.952    636.000    629.046     3.8123     3.8121  32.570003  32.571207     2.3344   59.84270  -40.69636     4.9560         35 0.0000e+00
     129264   5385.938    634.000    627.070     3.8121     3.8118  32.568794  32.569942     2.3351   59.84270  -40.69636     4.9560         68 0.0000e+00
     129326   5388.553    632.000    625.095     3.8123     3.8120  32.567986  32.568879     2.3368   59.84270  -40.69636     4.9560         44 0.0000e+00
     129364   5390.136    630.000    623.120     3.8132     3.8129  32.567631  32.568649     2.3375   59.84270  -40.69636     4.9560         39 0.0000e+00
