Example_Files/SBE_Processing_Files/Processed_SBE_cast_files/upcasts/uar69-01_006.cnv
* Sea-Bird SBE 9 Data File:
* FileName = D:\data\ar69-01_006.hex
* Software Version Seasave V 7.26.7.107
* Temperature SN = 4491
* Conductivity SN = 3009
* Number of Bytes Per Scan = 44
* Number of Voltage Words = 5
* Number of Scans Averaged by the Deck Unit = 1
* NMEA Latitude = 53 37.21 N
* NMEA Longitude = 045 39.53 W
* NMEA UTC (Time) = Jun 26 2022  10:51:22
** Cruise ID: AR69-01
** Chief Sci:
** Station #: 006
** Site ID: Transit - acoustic release test
# nquan = 14
# nvalues = 1522                        
# units = specified
# name 0 = scan: Scan Count
# name 1 = timeS: Time, Elapsed [seconds]
# name 2 = prDM: Pressure, Digiquartz [db]
# name 3 = depSM: Depth [salt water, m]
# name 4 = t090C: Temperature [ITS-90, deg C]
# name 5 = t190C: Temperature, 2 [ITS-90, deg C]
# name 6 = c0mS/cm: Conductivity [mS/cm]
# name 7 = c1mS/cm: Conductivity, 2 [mS/cm]
# name 8 = sbeox0V: Oxygen raw, SBE 43 [V]
# name 9 = latitude: Latitude [deg]
# name 10 = longitude: Longitude [deg]
# name 11 = v7: Voltage 7
# name 12 = nbin: number of scans per bin
# name 13 = flag: flag
# span 0 =      93291,     183018       
# span 1 =   3887.103,   7625.720       
# span 2 =      6.000,   3048.000       
# span 3 =      5.946,   2999.203       
# span 4 =     2.6749,     9.1560       
# span 5 =     2.6750,     9.1426       
# span 6 =  32.415702,  36.907018       
# span 7 =  32.420019,  36.895557       
# span 8 =     1.7254,     2.9034       
# span 9 =   53.62024,   53.62268       
# span 10 =  -45.65878,  -45.65610      
# span 11 =     4.9560,     4.9567      
# span 12 =         24,        122      
# span 13 = 0.0000e+00, 0.0000e+00      
# interval = decibars: 2                
# start_time = Jun 26 2022 10:51:22 [NMEA time, first data scan]
# bad_flag = -9.990e-29
*END*
      93291   3887.103   3048.000   2999.203     2.6750     2.6753  32.577942  32.579051     1.7254   53.62024  -45.65878     4.9560         50 0.0000e+00
     100149   4172.828   3046.000   2997.249     2.6749     2.6751  32.577193  32.578208     1.7266   53.62029  -45.65872     4.9560         81 0.0000e+00
     100663   4194.243   3044.000   2995.294     2.6749     2.6750  32.576439  32.577221     1.7271   53.62030  -45.65871     4.9560         74 0.0000e+00
     100735   4197.230   3042.000   2993.340     2.6763     2.6759  32.576911  32.577231     1.7274   53.62030  -45.65870     4.9560         43 0.0000e+00
     100827   4201.103   3040.000   2991.386     2.6773     2.6768  32.577184  32.577521     1.7277   53.62030  -45.65870     4.9560         83 0.0000e+00
     100932   4205.451   3038.000   2989.432     2.6777     2.6774  32.576722  32.577191     1.7283   53.62030  -45.65870     4.9560         72 0.0000e+00
     101019   4209.085   3036.000   2987.477     2.6788     2.6785  32.577028  32.577506     1.7288   53.62032  -45.65868     4.9560         73 0.0000e+00
     101116   4213.107   3034.000   2985.523     2.6800     2.6801  32.577350  32.577971     1.7293   53.62032  -45.65868     4.9560         45 0.0000e+00
     101211   4217.097   3032.000   2983.569     2.6803     2.6803  32.576861  32.577660     1.7294   53.62032  -45.65868     4.9560         72 0.0000e+00
     101305   4221.009   3030.000   2981.615     2.6805     2.6807  32.576292  32.577258     1.7296   53.62032  -45.65867     4.9560         44 0.0000e+00
     101396   4224.790   3028.000   2979.660     2.6815     2.6810  32.576543  32.576803     1.7299   53.62032  -45.65866     4.9560         71 0.0000e+00
     101481   4228.318   3026.000   2977.706     2.6837     2.6836  32.577806  32.578363     1.7300   53.62034  -45.65866     4.9560         51 0.0000e+00
     101603   4233.403   3024.000   2975.752     2.6852     2.6846  32.578505  32.578601     1.7308   53.62034  -45.65866     4.9560         62 0.0000e+00
     101669   4236.181   3022.000   2973.797     2.6881     2.6884  32.580435  32.581277     1.7308   53.62034  -45.65864     4.9560         56 0.0000e+00
     101789   4241.155   3020.000   2971.843     2.6902     2.6899  32.581479  32.581767     1.7312   53.62034  -45.65864     4.9560         42 0.0000e+00
     101861   4244.149   3018.000   2969.888     2.6908     2.6909  32.581355  32.582159     1.7314   53.62035  -45.65863     4.9560         63 0.0000e+00
     101976   4248.977   3016.000   2967.934     2.6918     2.6914  32.581398  32.581818     1.7321   53.62036  -45.65862     4.9560         43 0.0000e+00
     102050   4252.022   3014.000   2965.979     2.6922     2.6920  32.581145  32.581750     1.7323   53.62036  -45.65861     4.9560         71 0.0000e+00
     102166   4256.878   3012.000   2964.025     2.6933     2.6931  32.581333  32.581760     1.7328   53.62036  -45.65860     4.9560         58 0.0000e+00
     102245   4260.172   3010.000   2962.070     2.6944     2.6942  32.581555  32.582195     1.7332   53.62037  -45.65859     4.9560         76 0.0000e+00
     102348   4264.438   3008.000   2960.116     2.6952     2.6952  32.581481  32.582160     1.7334   53.62037  -45.65858     4.9560         51 0.0000e+00
     102437   4268.153   3006.000   2958.161     2.6965     2.6965  32.582017  32.582650     1.7342   53.62038  -45.65857     4.9560         73 0.0000e+00
     102535   4272.247   3004.000   2956.207     2.6978     2.6976  32.582426  32.582894     1.7347   53.62038  -45.65857     4.9560         78 0.0000e+00
     102611   4275.399   3002.000   2954.252     2.7011     2.7011  32.584556  32.585294     1.7347   53.62039  -45.65856     4.9560         63 0.0000e+00
     102746   4281.032   3000.000   2952.298     2.7023     2.7022  32.584926  32.585534     1.7349   53.62040  -45.65856     4.9560         34 0.0000e+00
     102779   4282.436   2998.000   2950.343     2.7027     2.7025  32.584637  32.585217     1.7349   53.62040  -45.65856     4.9560         46 0.0000e+00
     102926   4288.528   2996.000   2948.388     2.7027     2.7031  32.583810  32.584821     1.7360   53.62040  -45.65854     4.9560         38 0.0000e+00
     102985   4290.988   2994.000   2946.434     2.7029     2.7029  32.583263  32.584092     1.7361   53.62041  -45.65853     4.9560         62 0.0000e+00
     103117   4296.507   2992.000   2944.479     2.7028     2.7031  32.582341  32.583302     1.7365   53.62042  -45.65852     4.9560         66 0.0000e+00
     103183   4299.261   2990.000   2942.525     2.7036     2.7042  32.582317  32.583473     1.7368   53.62042  -45.65852     4.9560         72 0.0000e+00
     103294   4303.873   2988.000   2940.570     2.7055     2.7052  32.583130  32.583555     1.7373   53.62043  -45.65852     4.9560         68 0.0000e+00
     103378   4307.389   2986.000   2938.615     2.7093     2.7089  32.585857  32.586198     1.7375   53.62044  -45.65850     4.9560        109 0.0000e+00
     103478   4311.540   2984.000   2936.660     2.7116     2.7116  32.587266  32.587912     1.7382   53.62044  -45.65850     4.9560         95 0.0000e+00
     103559   4314.927   2982.000   2934.706     2.7144     2.7144  32.588900  32.589667     1.7383   53.62044  -45.65850     4.9560         72 0.0000e+00
     103688   4320.282   2980.000   2932.751     2.7157     2.7157  32.589142  32.590021     1.7391   53.62046  -45.65849     4.9560         65 0.0000e+00
     103751   4322.927   2978.000   2930.796     2.7174     2.7174  32.589934  32.590622     1.7394   53.62046  -45.65848     4.9560         71 0.0000e+00
     103852   4327.146   2976.000   2928.841     2.7192     2.7192  32.590839  32.591584     1.7400   53.62046  -45.65848     4.9560        111 0.0000e+00
     103954   4331.389   2974.000   2926.887     2.7237     2.7225  32.594058  32.593732     1.7403   53.62047  -45.65847     4.9560         74 0.0000e+00
     104055   4335.581   2972.000   2924.932     2.7282     2.7275  32.597586  32.597517     1.7408   53.62048  -45.65846     4.9560         40 0.0000e+00
     104131   4338.729   2970.000   2922.977     2.7304     2.7297  32.599118  32.599199     1.7409   53.62047  -45.65845     4.9560         73 0.0000e+00
     104252   4343.803   2968.000   2921.022     2.7317     2.7312  32.599502  32.599797     1.7413   53.62048  -45.65844     4.9560         56 0.0000e+00
     104310   4346.217   2966.000   2919.067     2.7333     2.7329  32.600345  32.600773     1.7414   53.62048  -45.65844     4.9560         59 0.0000e+00
     104414   4350.521   2964.000   2917.112     2.7341     2.7341  32.600422  32.601184     1.7415   53.62049  -45.65842     4.9560         58 0.0000e+00
     104507   4354.419   2962.000   2915.157     2.7361     2.7362  32.601632  32.602514     1.7418   53.62050  -45.65841     4.9560         53 0.0000e+00
     104619   4359.084   2960.000   2913.202     2.7378     2.7371  32.602532  32.602484     1.7420   53.62050  -45.65842     4.9560         56 0.0000e+00
     104713   4362.983   2958.000   2911.248     2.7395     2.7395  32.603433  32.604063     1.7427   53.62051  -45.65840     4.9560         75 0.0000e+00
     104808   4366.942   2956.000   2909.292     2.7427     2.7425  32.605720  32.605920     1.7428   53.62052  -45.65840     4.9560         42 0.0000e+00
     104859   4369.071   2954.000   2907.338     2.7456     2.7456  32.607849  32.608471     1.7428   53.62052  -45.65839     4.9560         53 0.0000e+00
     105005   4375.182   2952.000   2905.383     2.7474     2.7472  32.608609  32.609068     1.7436   53.62052  -45.65838     4.9560         31 0.0000e+00
     105054   4377.210   2950.000   2903.428     2.7477     2.7478  32.608304  32.609154     1.7435   53.62054  -45.65837     4.9560         49 0.0000e+00
     105181   4382.516   2948.000   2901.473     2.7486     2.7487  32.608268  32.609145     1.7441   53.62054  -45.65835     4.9560         48 0.0000e+00
     105267   4386.103   2946.000   2899.517     2.7493     2.7488  32.608285  32.608726     1.7449   53.62054  -45.65834     4.9560         93 0.0000e+00
     105344   4389.272   2944.000   2897.562     2.7513     2.7517  32.609184  32.610191     1.7453   53.62054  -45.65835     4.9560         62 0.0000e+00
     105423   4392.600   2942.000   2895.607     2.7544     2.7535  32.611171  32.611280     1.7456   53.62056  -45.65832     4.9560         86 0.0000e+00
     105483   4395.087   2940.000   2893.652     2.7576     2.7573  32.613347  32.613543     1.7461   53.62056  -45.65833     4.9560         38 0.0000e+00
     105516   4396.470   2938.000   2891.697     2.7613     2.7612  32.616002  32.616524     1.7461   53.62056  -45.65834     4.9560         31 0.0000e+00
     105549   4397.819   2936.000   2889.742     2.7624     2.7621  32.616315  32.616835     1.7462   53.62056  -45.65832     4.9560         36 0.0000e+00
     105616   4400.620   2934.000   2887.787     2.7623     2.7623  32.615377  32.616362     1.7468   53.62057  -45.65831     4.9560         61 0.0000e+00
     105678   4403.194   2932.000   2885.832     2.7625     2.7627  32.614525  32.615528     1.7473   53.62056  -45.65832     4.9560         32 0.0000e+00
     105707   4404.411   2930.000   2883.876     2.7622     2.7625  32.613411  32.614351     1.7475   53.62056  -45.65832     4.9560         30 0.0000e+00
     105742   4405.857   2928.000   2881.921     2.7620     2.7621  32.612370  32.613421     1.7478   53.62058  -45.65830     4.9560         41 0.0000e+00
     105792   4407.950   2926.000   2879.966     2.7618     2.7618  32.611429  32.612393     1.7484   53.62058  -45.65830     4.9560         57 0.0000e+00
     105846   4410.189   2924.000   2878.011     2.7618     2.7621  32.610601  32.611619     1.7490   53.62058  -45.65830     4.9560         47 0.0000e+00
     105891   4412.076   2922.000   2876.055     2.7620     2.7622  32.609685  32.610699     1.7500   53.62058  -45.65830     4.9560         47 0.0000e+00
     105943   4414.233   2920.000   2874.100     2.7626     2.7625  32.609436  32.610093     1.7505   53.62058  -45.65829     4.9560         52 0.0000e+00
     105988   4416.140   2918.000   2872.145     2.7670     2.7664  32.612426  32.612501     1.7505   53.62059  -45.65828     4.9560         41 0.0000e+00
     106034   4418.041   2916.000   2870.189     2.7680     2.7676  32.612545  32.612983     1.7511   53.62060  -45.65828     4.9560         54 0.0000e+00
     106088   4420.274   2914.000   2868.234     2.7686     2.7692  32.612262  32.613419     1.7516   53.62058  -45.65828     4.9560         45 0.0000e+00
     106124   4421.791   2912.000   2866.279     2.7720     2.7719  32.614538  32.614924     1.7517   53.62059  -45.65828     4.9560         33 0.0000e+00
     106164   4423.452   2910.000   2864.323     2.7747     2.7746  32.616751  32.617213     1.7520   53.62060  -45.65827     4.9560         54 0.0000e+00
     106241   4426.684   2908.000   2862.368     2.7762     2.7761  32.617338  32.618170     1.7529   53.62060  -45.65826     4.9560         69 0.0000e+00
     106278   4428.228   2906.000   2860.413     2.7773     2.7778  32.617415  32.618464     1.7529   53.62060  -45.65827     4.9560         29 0.0000e+00
     106307   4429.426   2904.000   2858.457     2.7777     2.7779  32.616797  32.617755     1.7530   53.62060  -45.65828     4.9560         30 0.0000e+00
     106342   4430.874   2902.000   2856.502     2.7774     2.7775  32.615855  32.616774     1.7531   53.62060  -45.65826     4.9560         44 0.0000e+00
     106425   4434.347   2900.000   2854.546     2.7771     2.7773  32.614676  32.615730     1.7544   53.62062  -45.65824     4.9560         60 0.0000e+00
     106471   4436.259   2898.000   2852.591     2.7768     2.7771  32.613218  32.614300     1.7549   53.62061  -45.65826     4.9560         32 0.0000e+00
     106502   4437.535   2896.000   2850.635     2.7774     2.7775  32.612781  32.613623     1.7551   53.62060  -45.65826     4.9560         31 0.0000e+00
     106536   4438.970   2894.000   2848.680     2.7779     2.7785  32.612633  32.613770     1.7552   53.62062  -45.65824     4.9560         39 0.0000e+00
     106595   4441.407   2892.000   2846.724     2.7787     2.7788  32.612707  32.613580     1.7558   53.62062  -45.65824     4.9560         81 0.0000e+00
     106662   4444.214   2890.000   2844.769     2.7794     2.7803  32.612399  32.613887     1.7563   53.62062  -45.65824     4.9560         43 0.0000e+00
     106698   4445.688   2888.000   2842.813     2.7817     2.7818  32.613861  32.614676     1.7566   53.62062  -45.65824     4.9560         34 0.0000e+00
     106732   4447.135   2886.000   2840.857     2.7829     2.7828  32.614297  32.614945     1.7569   53.62062  -45.65824     4.9560         36 0.0000e+00
     106773   4448.846   2884.000   2838.902     2.7829     2.7835  32.613606  32.614915     1.7569   53.62063  -45.65824     4.9560         49 0.0000e+00
     106834   4451.358   2882.000   2836.946     2.7837     2.7846  32.613644  32.615278     1.7575   53.62063  -45.65822     4.9560         65 0.0000e+00
     106886   4453.531   2880.000   2834.991     2.7869     2.7874  32.615819  32.616984     1.7578   53.62064  -45.65822     4.9560         41 0.0000e+00
     106926   4455.227   2878.000   2833.035     2.7895     2.7891  32.617796  32.618101     1.7581   53.62064  -45.65822     4.9560         43 0.0000e+00
     106975   4457.247   2876.000   2831.079     2.7898     2.7896  32.617313  32.617857     1.7582   53.62064  -45.65822     4.9560         53 0.0000e+00
     107023   4459.264   2874.000   2829.123     2.7899     2.7902  32.616453  32.617584     1.7587   53.62064  -45.65822     4.9560         42 0.0000e+00
     107064   4460.944   2872.000   2827.168     2.7900     2.7902  32.615721  32.616635     1.7590   53.62064  -45.65822     4.9560         43 0.0000e+00
     107120   4463.277   2870.000   2825.212     2.7897     2.7901  32.614780  32.615877     1.7597   53.62064  -45.65822     4.9560         62 0.0000e+00
     107167   4465.258   2868.000   2823.256     2.7899     2.7899  32.613937  32.614690     1.7601   53.62064  -45.65821     4.9560         36 0.0000e+00
     107204   4466.787   2866.000   2821.301     2.7930     2.7931  32.616027  32.616641     1.7605   53.62066  -45.65822     4.9560         41 0.0000e+00
     107254   4468.860   2864.000   2819.345     2.7969     2.7958  32.618557  32.618536     1.7607   53.62066  -45.65821     4.9560         56 0.0000e+00
     107302   4470.896   2862.000   2817.389     2.7994     2.8013  32.620549  32.622857     1.7609   53.62066  -45.65820     4.9560         41 0.0000e+00
     107343   4472.585   2860.000   2815.433     2.8049     2.8053  32.624881  32.625924     1.7613   53.62066  -45.65820     4.9560         44 0.0000e+00
     107398   4474.891   2858.000   2813.477     2.8064     2.8055  32.625845  32.625892     1.7618   53.62066  -45.65820     4.9560         63 0.0000e+00
     107451   4477.080   2856.000   2811.521     2.8093     2.8098  32.627688  32.628760     1.7622   53.62066  -45.65820     4.9560         40 0.0000e+00
     107488   4478.634   2854.000   2809.566     2.8126     2.8127  32.630222  32.631033     1.7622   53.62066  -45.65820     4.9560         38 0.0000e+00
     107532   4480.478   2852.000   2807.610     2.8135     2.8134  32.630406  32.631060     1.7622   53.62067  -45.65819     4.9560         53 0.0000e+00
     107591   4482.918   2850.000   2805.654     2.8142     2.8149  32.630263  32.631609     1.7628   53.62067  -45.65818     4.9560         57 0.0000e+00
     107638   4484.878   2848.000   2803.698     2.8167     2.8171  32.631770  32.632861     1.7633   53.62067  -45.65819     4.9560         39 0.0000e+00
     107673   4486.347   2846.000   2801.742     2.8198     2.8195  32.634038  32.634351     1.7633   53.62068  -45.65819     4.9560         35 0.0000e+00
     107715   4488.064   2844.000   2799.786     2.8247     2.8221  32.637786  32.636424     1.7635   53.62068  -45.65818     4.9560         52 0.0000e+00
