Example_Files/SBE_Processing_Files/Processed_SBE_cast_files/upcasts/uar69-01_007.cnv
* Sea-Bird SBE 9 Data File:
* FileName = D:\data\ar69-01_007.hex
* Software Version Seasave V 7.26.7.107
* Temperature SN = 4491
* Conductivity SN = 3009
* Number of Bytes Per Scan = 44
* Number of Voltage Words = 5
* Number of Scans Averaged by the Deck Unit = 1
* NMEA Latitude = 53 54.62 N
* NMEA Longitude = 045 23.76 W
* NMEA UTC (Time) = Jun 26 2022  15:18:37
** Cruise ID: AR69-01
** Chief Sci:
** Station #: 007
** Site ID: Transit - cal. dip (optodes + microcats)
# nquan = 14
# nvalues = 1726                        
# units = specified
# name 0 = scan: Scan Count
# name 1 = timeS: Time, Elapsed [seconds]
# name 2 = prDM: Pressure, Digiquartz [db]
# name 3 = depSM: Depth [salt water, m]
# name 4 = t090C: Temperature [ITS-90, deg C]
# name 5 = t190C: Temperature, 2 [ITS-90, deg C]
# name 6 = c0mS/cm: Conductivity [mS/cm]
# name 7 = c1mS/cm: Conductivity, 2 [mS/cm]
# name 8 = sbeox0V: Oxygen raw, SBE 43 [V]
# name 9 = latitude: Latitude [deg]
# name 10 = longitude: Longitude [deg]
# name 11 = v7: Voltage 7
# name 12 = nbin: number of scans per bin
# name 13 = flag: flag
# span 0 =     101835,     271605       
# span 1 =   4243.092,  11316.827       
# span 2 =      6.000,   3456.000       
# span 3 =      5.946,   3397.402       
# span 4 =     2.4764,     9.2858       
# span 5 =     2.4771,     9.2831       
# span 6 =  32.179564,  37.031541       
# span 7 =  32.184885,  37.029080       
# span 8 =     1.6599,     2.8830       
# span 9 =   53.90041,   53.90748       
# span 10 =  -45.39556,  -45.39488      
# span 11 =     4.9560,     4.9573      
# span 12 =         24,        121      
# span 13 = 0.0000e+00, 0.0000e+00      
# interval = decibars: 2                
# start_time = Jun 26 2022 15:18:37 [NMEA time, first data scan]
# bad_flag = -9.990e-29
*END*
[from data line 620]
     168649   7026.985   2216.000   2184.680     3.3083     3.3078  32.820917  32.821513     1.8856   53.90457  -45.39502     4.9560         50 0.0000e+00
     168741   7030.836   2214.000   2182.718     3.3095     3.3090  32.820953  32.821427     1.8866   53.90456  -45.39500     4.9560         43 0.0000e+00
     168768   7031.946   2212.000   2180.757     3.3118     3.3119  32.821976  32.822794     1.8870   53.90456  -45.39500     4.9560         30 0.0000e+00
     168807   7033.592   2210.000   2178.795     3.3123     3.3120  32.821538  32.822363     1.8878   53.90457  -45.39500     4.9560         59 0.0000e+00
     168877   7036.479   2208.000   2176.834     3.3130     3.3126  32.821112  32.821869     1.8887   53.90455  -45.39500     4.9560         52 0.0000e+00
     168909   7037.829   2206.000   2174.872     3.3162     3.3158  32.823238  32.823626     1.8888   53.90454  -45.39499     4.9560         30 0.0000e+00
     168939   7039.089   2204.000   2172.911     3.3177     3.3178  32.823734  32.824635     1.8889   53.90454  -45.39498     4.9560         34 0.0000e+00
     169016   7042.274   2202.000   2170.949     3.3186     3.3183  32.823788  32.824432     1.8903   53.90456  -45.39500     4.9560         58 0.0000e+00
     169074   7044.712   2200.000   2168.987     3.3214     3.3212  32.825252  32.825829     1.8907   53.90454  -45.39498     4.9560         28 0.0000e+00
     169098   7045.726   2198.000   2167.025     3.3246     3.3245  32.827462  32.828016     1.8907   53.90454  -45.39498     4.9560         24 0.0000e+00
     169124   7046.790   2196.000   2165.064     3.3280     3.3272  32.829924  32.830079     1.8907   53.90454  -45.39498     4.9560         28 0.0000e+00
     169190   7049.560   2194.000   2163.102     3.3282     3.3279  32.829515  32.830213     1.8916   53.90454  -45.39498     4.9560         60 0.0000e+00
     169266   7052.692   2192.000   2161.140     3.3309     3.3307  32.831189  32.831655     1.8927   53.90454  -45.39498     4.9560         32 0.0000e+00
     169295   7053.909   2190.000   2159.179     3.3344     3.3342  32.833605  32.834304     1.8928   53.90454  -45.39498     4.9560         29 0.0000e+00
     169326   7055.188   2188.000   2157.217     3.3358     3.3347  32.834314  32.834154     1.8927   53.90452  -45.39498     4.9560         33 0.0000e+00
     169367   7056.929   2186.000   2155.255     3.3367     3.3359  32.834302  32.834724     1.8930   53.90452  -45.39498     4.9560         58 0.0000e+00
     169447   7060.269   2184.000   2153.293     3.3385     3.3379  32.835057  32.835536     1.8935   53.90452  -45.39498     4.9560         71 0.0000e+00
     169489   7062.021   2182.000   2151.332     3.3405     3.3400  32.835869  32.836243     1.8940   53.90452  -45.39498     4.9560         35 0.0000e+00
     169525   7063.508   2180.000   2149.370     3.3412     3.3409  32.835681  32.836366     1.8942   53.90452  -45.39500     4.9560         38 0.0000e+00
     169566   7065.203   2178.000   2147.408     3.3425     3.3412  32.836051  32.835971     1.8945   53.90452  -45.39500     4.9560         44 0.0000e+00
     169617   7067.320   2176.000   2145.446     3.3433     3.3419  32.836000  32.835924     1.8948   53.90452  -45.39500     4.9560         56 0.0000e+00
     169669   7069.492   2174.000   2143.484     3.3453     3.3448  32.837099  32.837302     1.8951   53.90452  -45.39500     4.9560         46 0.0000e+00
     169715   7071.431   2172.000   2141.522     3.3485     3.3474  32.839088  32.839163     1.8956   53.90450  -45.39500     4.9560         50 0.0000e+00
     169766   7073.546   2170.000   2139.560     3.3493     3.3495  32.839061  32.840184     1.8960   53.90450  -45.39500     4.9560         48 0.0000e+00
     169814   7075.555   2168.000   2137.598     3.3519     3.3514  32.840741  32.841283     1.8970   53.90450  -45.39500     4.9560         51 0.0000e+00
     169863   7077.595   2166.000   2135.636     3.3525     3.3522  32.840174  32.840964     1.8977   53.90450  -45.39500     4.9560         43 0.0000e+00
     169902   7079.194   2164.000   2133.674     3.3519     3.3521  32.838266  32.839643     1.8982   53.90450  -45.39502     4.9560         36 0.0000e+00
     169943   7080.903   2162.000   2131.712     3.3519     3.3516  32.837243  32.838404     1.8989   53.90449  -45.39502     4.9560         50 0.0000e+00
     170004   7083.468   2160.000   2129.750     3.3525     3.3520  32.836902  32.837632     1.8995   53.90448  -45.39502     4.9560         61 0.0000e+00
     170051   7085.424   2158.000   2127.788     3.3536     3.3533  32.836888  32.837567     1.9003   53.90448  -45.39502     4.9560         38 0.0000e+00
     170089   7087.017   2156.000   2125.826     3.3536     3.3535  32.836117  32.837047     1.9005   53.90448  -45.39502     4.9560         41 0.0000e+00
     170134   7088.891   2154.000   2123.864     3.3536     3.3534  32.835324  32.836188     1.9007   53.90448  -45.39502     4.9560         48 0.0000e+00
     170182   7090.870   2152.000   2121.902     3.3553     3.3538  32.836162  32.835628     1.9013   53.90447  -45.39502     4.9560         48 0.0000e+00
     170235   7093.077   2150.000   2119.940     3.3569     3.3555  32.836899  32.836426     1.9019   53.90447  -45.39502     4.9560         57 0.0000e+00
     170295   7095.578   2148.000   2117.978     3.3593     3.3570  32.838708  32.837285     1.9019   53.90446  -45.39502     4.9560         64 0.0000e+00
     170357   7098.153   2146.000   2116.016     3.3642     3.3617  32.842731  32.840884     1.9014   53.90446  -45.39502     4.9560         58 0.0000e+00
     170461   7102.481   2144.000   2114.053     3.3685     3.3681  32.846364  32.846890     1.9018   53.90445  -45.39502     4.9560         67 0.0000e+00
     170526   7105.217   2142.000   2112.091     3.3701     3.3699  32.846922  32.847672     1.9017   53.90444  -45.39502     4.9560         46 0.0000e+00
     170645   7110.184   2140.000   2110.129     3.3706     3.3703  32.846625  32.847289     1.9020   53.90444  -45.39502     4.9560         50 0.0000e+00
     170718   7113.197   2138.000   2108.167     3.3711     3.3709  32.846297  32.847188     1.9022   53.90443  -45.39502     4.9560         64 0.0000e+00
     170829   7117.824   2136.000   2106.204     3.3711     3.3710  32.845491  32.846405     1.9027   53.90442  -45.39502     4.9560         79 0.0000e+00
     170918   7121.529   2134.000   2104.242     3.3752     3.3746  32.848884  32.848878     1.9031   53.90440  -45.39502     4.9560         54 0.0000e+00
     171007   7125.238   2132.000   2102.280     3.3782     3.3779  32.851248  32.851942     1.9036   53.90440  -45.39501     4.9560         82 0.0000e+00
     171104   7129.284   2130.000   2100.318     3.3791     3.3793  32.851329  32.852469     1.9038   53.90440  -45.39500     4.9560         74 0.0000e+00
     171192   7132.956   2128.000   2098.356     3.3799     3.3794  32.851398  32.851986     1.9039   53.90438  -45.39500     4.9560         82 0.0000e+00
     171299   7137.412   2126.000   2096.393     3.3805     3.3806  32.850992  32.851954     1.9037   53.90438  -45.39500     4.9560         58 0.0000e+00
     171482   7145.041   2124.000   2094.431     3.3809     3.3808  32.850367  32.851354     1.9039   53.90436  -45.39500     4.9560         93 0.0000e+00
     176833   7368.001   2122.000   2092.468     3.3822     3.3823  32.850681  32.851765     1.9046   53.90402  -45.39495     4.9560         82 0.0000e+00
     188628   7859.467   2120.000   2090.506     3.3824     3.3830  32.849892  32.851380     1.9061   53.90339  -45.39492     4.9560         66 0.0000e+00
     187763   7823.410   2118.000   2088.544     3.3829     3.3830  32.849286  32.850319     1.9067   53.90344  -45.39492     4.9560         41 0.0000e+00
     187806   7825.215   2116.000   2086.581     3.3855     3.3857  32.850639  32.851465     1.9071   53.90344  -45.39492     4.9560         47 0.0000e+00
     187853   7827.165   2114.000   2084.619     3.3894     3.3900  32.853504  32.854839     1.9074   53.90344  -45.39492     4.9560         44 0.0000e+00
     187897   7828.996   2112.000   2082.657     3.3909     3.3908  32.854130  32.854966     1.9077   53.90344  -45.39492     4.9560         48 0.0000e+00
     187951   7831.256   2110.000   2080.694     3.3921     3.3924  32.854410  32.855651     1.9079   53.90342  -45.39492     4.9560         53 0.0000e+00
     187995   7833.063   2108.000   2078.732     3.3926     3.3926  32.853998  32.854862     1.9080   53.90342  -45.39492     4.9560         37 0.0000e+00
     188036   7834.794   2106.000   2076.769     3.3925     3.3927  32.853212  32.854331     1.9087   53.90342  -45.39492     4.9560         54 0.0000e+00
     188104   7837.638   2104.000   2074.806     3.3934     3.3936  32.853055  32.854134     1.9095   53.90342  -45.39492     4.9560         59 0.0000e+00
     188141   7839.182   2102.000   2072.844     3.3963     3.3963  32.854750  32.855659     1.9098   53.90342  -45.39492     4.9560         31 0.0000e+00
     188176   7840.625   2100.000   2070.881     3.3972     3.3972  32.854712  32.855834     1.9102   53.90342  -45.39492     4.9560         43 0.0000e+00
     188238   7843.214   2098.000   2068.919     3.3978     3.3979  32.854527  32.855672     1.9106   53.90342  -45.39492     4.9560         67 0.0000e+00
     188287   7845.261   2096.000   2066.956     3.3987     3.3986  32.854488  32.855365     1.9108   53.90342  -45.39492     4.9560         42 0.0000e+00
     188332   7847.136   2094.000   2064.993     3.3998     3.3998  32.854597  32.855571     1.9113   53.90341  -45.39492     4.9560         47 0.0000e+00
     188375   7848.919   2092.000   2063.031     3.4006     3.4006  32.854476  32.855373     1.9118   53.90340  -45.39492     4.9560         38 0.0000e+00
     188413   7850.515   2090.000   2061.068     3.4013     3.4016  32.854261  32.855421     1.9122   53.90340  -45.39492     4.9560         41 0.0000e+00
     188458   7852.362   2088.000   2059.105     3.4025     3.4026  32.854446  32.855530     1.9124   53.90340  -45.39492     4.9560         49 0.0000e+00
     188520   7854.961   2086.000   2057.143     3.4041     3.4040  32.855135  32.856049     1.9131   53.90340  -45.39492     4.9560         75 0.0000e+00
     188580   7857.478   2084.000   2055.180     3.4067     3.4064  32.856461  32.857248     1.9137   53.90340  -45.39492     4.9560         38 0.0000e+00
     188612   7858.783   2082.000   2053.218     3.4076     3.4073  32.856457  32.857377     1.9144   53.90340  -45.39492     4.9560         30 0.0000e+00
     188645   7860.180   2080.000   2051.255     3.4080     3.4080  32.856070  32.857087     1.9145   53.90340  -45.39492     4.9560         41 0.0000e+00
     188704   7862.621   2078.000   2049.292     3.4087     3.4091  32.855834  32.857301     1.9150   53.90340  -45.39492     4.9560         67 0.0000e+00
     188757   7864.832   2076.000   2047.329     3.4102     3.4099  32.856171  32.856968     1.9157   53.90340  -45.39492     4.9560         47 0.0000e+00
     188807   7866.905   2074.000   2045.367     3.4126     3.4117  32.857353  32.857680     1.9165   53.90338  -45.39492     4.9560         48 0.0000e+00
     188848   7868.635   2072.000   2043.404     3.4146     3.4140  32.858367  32.858941     1.9168   53.90338  -45.39492     4.9560         37 0.0000e+00
     188887   7870.269   2070.000   2041.441     3.4151     3.4150  32.858102  32.858808     1.9168   53.90338  -45.39492     4.9560         43 0.0000e+00
     188935   7872.236   2068.000   2039.478     3.4158     3.4154  32.857690  32.858494     1.9170   53.90338  -45.39492     4.9560         50 0.0000e+00
     188988   7874.439   2066.000   2037.515     3.4167     3.4166  32.857820  32.858675     1.9176   53.90338  -45.39492     4.9560         56 0.0000e+00
     189040   7876.616   2064.000   2035.552     3.4174     3.4172  32.857518  32.858347     1.9183   53.90338  -45.39492     4.9560         44 0.0000e+00
     189079   7878.243   2062.000   2033.589     3.4180     3.4178  32.857363  32.858028     1.9190   53.90338  -45.39492     4.9560         38 0.0000e+00
     189127   7880.250   2060.000   2031.626     3.4187     3.4184  32.857100  32.858036     1.9197   53.90337  -45.39492     4.9560         63 0.0000e+00
     189189   7882.847   2058.000   2029.663     3.4207     3.4201  32.857965  32.858450     1.9201   53.90336  -45.39492     4.9560         48 0.0000e+00
     189227   7884.404   2056.000   2027.700     3.4219     3.4217  32.858275  32.858955     1.9205   53.90336  -45.39492     4.9560         35 0.0000e+00
     189268   7886.133   2054.000   2025.737     3.4229     3.4223  32.858263  32.858867     1.9210   53.90336  -45.39492     4.9560         50 0.0000e+00
     189319   7888.269   2052.000   2023.774     3.4238     3.4231  32.858256  32.858770     1.9217   53.90336  -45.39492     4.9560         48 0.0000e+00
     189365   7890.159   2050.000   2021.811     3.4246     3.4245  32.858178  32.859064     1.9218   53.90335  -45.39492     4.9560         45 0.0000e+00
     189411   7892.072   2048.000   2019.848     3.4249     3.4249  32.857538  32.858561     1.9221   53.90334  -45.39492     4.9560         46 0.0000e+00
     189458   7894.027   2046.000   2017.885     3.4250     3.4247  32.856788  32.857714     1.9227   53.90336  -45.39492     4.9560         53 0.0000e+00
     189519   7896.574   2044.000   2015.922     3.4257     3.4250  32.856527  32.857152     1.9235   53.90335  -45.39492     4.9560         57 0.0000e+00
     189560   7898.285   2042.000   2013.959     3.4272     3.4266  32.856963  32.857500     1.9236   53.90334  -45.39492     4.9560         32 0.0000e+00
     189592   7899.643   2040.000   2011.996     3.4277     3.4273  32.856480  32.857391     1.9238   53.90334  -45.39492     4.9560         36 0.0000e+00
     189647   7901.912   2038.000   2010.033     3.4281     3.4278  32.856101  32.857047     1.9244   53.90334  -45.39492     4.9560         73 0.0000e+00
     189708   7904.440   2036.000   2008.070     3.4283     3.4282  32.855332  32.856319     1.9250   53.90334  -45.39492     4.9560         44 0.0000e+00
     189750   7906.193   2034.000   2006.106     3.4284     3.4282  32.854511  32.855519     1.9257   53.90334  -45.39492     4.9560         42 0.0000e+00
     189790   7907.887   2032.000   2004.143     3.4286     3.4283  32.853873  32.854726     1.9261   53.90333  -45.39492     4.9560         39 0.0000e+00
     189828   7909.450   2030.000   2002.180     3.4291     3.4290  32.853464  32.854481     1.9265   53.90332  -45.39492     4.9560         38 0.0000e+00
     189879   7911.573   2028.000   2000.217     3.4298     3.4293  32.853240  32.853962     1.9270   53.90332  -45.39492     4.9560         75 0.0000e+00
     189955   7914.735   2026.000   1998.254     3.4311     3.4302  32.853345  32.853743     1.9279   53.90332  -45.39492     4.9560         48 0.0000e+00
     189985   7916.008   2024.000   1996.290     3.4333     3.4331  32.854553  32.855193     1.9279   53.90332  -45.39492     4.9560         28 0.0000e+00
     190013   7917.152   2022.000   1994.327     3.4344     3.4341  32.854632  32.855473     1.9280   53.90332  -45.39492     4.9560         29 0.0000e+00
     190069   7919.511   2020.000   1992.364     3.4346     3.4342  32.854145  32.854884     1.9290   53.90332  -45.39492     4.9560         59 0.0000e+00
     190147   7922.744   2018.000   1990.401     3.4363     3.4361  32.854638  32.855429     1.9299   53.90330  -45.39492     4.9560         31 0.0000e+00
     190173   7923.844   2016.000   1988.437     3.4380     3.4379  32.855370  32.856279     1.9300   53.90330  -45.39492     4.9560         26 0.0000e+00
     190202   7925.045   2014.000   1986.474     3.4384     3.4384  32.854969  32.856053     1.9301   53.90332  -45.39492     4.9560         34 0.0000e+00
