Example_Files/SBE_Processing_Files/Processed_SBE_cast_files/upcasts/uar69-01_019.cnv
* Sea-Bird SBE 9 Data File:
* FileName = D:\data\ar69-01_019.hex
* Software Version Seasave V 7.26.7.107
* Temperature SN = 4491
* Conductivity SN = 3009
* Number of Bytes Per Scan = 44
* Number of Voltage Words = 5
* Number of Scans Averaged by the Deck Unit = 1
* NMEA Latitude = 59 46.49 N
* NMEA Longitude = 039 54.39 W
* NMEA UTC (Time) = Jul 05 2022  21:23:04
** Cruise ID: AR69-01
** Chief Sci:
** Station #: 019
** Site ID: FLMA
# nquan = 14
# nvalues = 1313                        
# units = specified
# name 0 = scan: Scan Count
# name 1 = timeS: Time, Elapsed [seconds]
# name 2 = prDM: Pressure, Digiquartz [db]
# name 3 = depSM: Depth [salt water, m]
# name 4 = t090C: Temperature [ITS-90, deg C]
# name 5 = t190C: Temperature, 2 [ITS-90, deg C]
# name 6 = c0mS/cm: Conductivity [mS/cm]
# name 7 = c1mS/cm: Conductivity, 2 [mS/cm]
# name 8 = sbeox0V: Oxygen raw, SBE 43 [V]
# name 9 = latitude: Latitude [deg]
# name 10 = longitude: Longitude [deg]
# name 11 = v7: Voltage 7
# name 12 = nbin: number of scans per bin
# name 13 = flag: flag
# span 0 =      70847,     162439       
# span 1 =   2951.908,   6768.253       
# span 2 =      2.000,   2626.000       
# span 3 =      1.981,   2585.134       
# span 4 =     1.9461,     7.6888       
# span 5 =     1.9455,     7.6968       
# span 6 =  31.747658,  35.677391       
# span 7 =  31.747357,  35.685256       
# span 8 =     1.8415,     2.8491       
# span 9 =   59.77484,   59.77491       
# span 10 =  -39.90657,  -39.90652      
# span 11 =     4.9560,     4.9568      
# span 12 =         22,        134      
# span 13 = 0.0000e+00, 0.0000e+00      
# interval = decibars: 2                
# start_time = Jul 05 2022 21:23:05 [NMEA time, first data scan]
# bad_flag = -9.990e-29
*END*
[from data line 104]
      75859   3160.734   2418.000   2381.522     2.7335     2.7329  32.390184  32.389578     1.8480   59.77486  -39.90654     4.9560         52 0.0000e+00
      75907   3162.758   2416.000   2379.563     2.7347     2.7341  32.390292  32.390071     1.8485   59.77487  -39.90652     4.9560         47 0.0000e+00
      75953   3164.663   2414.000   2377.604     2.7369     2.7363  32.391577  32.391169     1.8488   59.77488  -39.90652     4.9560         43 0.0000e+00
      75994   3166.375   2412.000   2375.646     2.7407     2.7402  32.394396  32.393797     1.8490   59.77488  -39.90654     4.9560         42 0.0000e+00
      76043   3168.420   2410.000   2373.687     2.7431     2.7426  32.395815  32.395823     1.8491   59.77487  -39.90653     4.9560         59 0.0000e+00
      76103   3170.933   2408.000   2371.728     2.7441     2.7439  32.395793  32.396086     1.8497   59.77488  -39.90652     4.9560         52 0.0000e+00
      76144   3172.628   2406.000   2369.769     2.7444     2.7445  32.394836  32.395238     1.8501   59.77488  -39.90654     4.9560         35 0.0000e+00
      76179   3174.092   2404.000   2367.810     2.7448     2.7447  32.393970  32.394377     1.8507   59.77488  -39.90654     4.9560         38 0.0000e+00
      76234   3176.376   2402.000   2365.852     2.7450     2.7449  32.393338  32.393763     1.8517   59.77488  -39.90653     4.9560         67 0.0000e+00
      76287   3178.581   2400.000   2363.893     2.7452     2.7455  32.392398  32.392960     1.8526   59.77488  -39.90652     4.9560         39 0.0000e+00
      76325   3180.160   2398.000   2361.934     2.7447     2.7450  32.390974  32.391618     1.8534   59.77488  -39.90653     4.9560         41 0.0000e+00
      76376   3182.276   2396.000   2359.975     2.7442     2.7443  32.389716  32.390116     1.8542   59.77488  -39.90654     4.9560         59 0.0000e+00
      76430   3184.542   2394.000   2358.016     2.7429     2.7435  32.387571  32.388539     1.8547   59.77488  -39.90653     4.9560         46 0.0000e+00
      76472   3186.298   2392.000   2356.057     2.7482     2.7481  32.391593  32.391259     1.8550   59.77488  -39.90652     4.9560         42 0.0000e+00
      76522   3188.357   2390.000   2354.098     2.7512     2.7551  32.393769  32.397769     1.8554   59.77488  -39.90654     4.9560         59 0.0000e+00
      76575   3190.570   2388.000   2352.139     2.7644     2.7641  32.405245  32.405418     1.8555   59.77488  -39.90654     4.9560         40 0.0000e+00
      76609   3192.004   2386.000   2350.180     2.7663     2.7666  32.406750  32.406837     1.8555   59.77488  -39.90654     4.9560         34 0.0000e+00
      76655   3193.937   2384.000   2348.221     2.7701     2.7689  32.409710  32.408840     1.8555   59.77488  -39.90654     4.9560         65 0.0000e+00
      76717   3196.514   2382.000   2346.262     2.7755     2.7736  32.413771  32.412209     1.8555   59.77488  -39.90654     4.9560         46 0.0000e+00
      76756   3198.113   2380.000   2344.303     2.7854     2.7846  32.422669  32.421345     1.8555   59.77488  -39.90654     4.9560         37 0.0000e+00
      76796   3199.801   2378.000   2342.343     2.7904     2.7911  32.426554  32.427106     1.8555   59.77488  -39.90654     4.9560         44 0.0000e+00
      76846   3201.855   2376.000   2340.384     2.7946     2.7947  32.429672  32.430150     1.8555   59.77488  -39.90654     4.9560         57 0.0000e+00
      76905   3204.334   2374.000   2338.425     2.7987     2.7969  32.432706  32.431106     1.8555   59.77488  -39.90654     4.9560         53 0.0000e+00
      76947   3206.090   2372.000   2336.467     2.8037     2.8032  32.436626  32.435918     1.8556   59.77488  -39.90654     4.9560         37 0.0000e+00
      76985   3207.669   2370.000   2334.507     2.8072     2.8088  32.439143  32.440612     1.8556   59.77488  -39.90654     4.9560         43 0.0000e+00
      77045   3210.149   2368.000   2332.548     2.8096     2.8108  32.440542  32.441732     1.8563   59.77488  -39.90654     4.9560         67 0.0000e+00
      77095   3212.269   2366.000   2330.589     2.8154     2.8145  32.444908  32.444080     1.8563   59.77488  -39.90653     4.9560         38 0.0000e+00
      77132   3213.780   2364.000   2328.630     2.8171     2.8172  32.445717  32.445925     1.8565   59.77488  -39.90652     4.9560         37 0.0000e+00
      77173   3215.514   2362.000   2326.670     2.8185     2.8186  32.446045  32.446353     1.8567   59.77488  -39.90654     4.9560         47 0.0000e+00
      77223   3217.577   2360.000   2324.711     2.8210     2.8212  32.447475  32.447904     1.8572   59.77488  -39.90654     4.9560         51 0.0000e+00
      77277   3219.826   2358.000   2322.752     2.8222     2.8222  32.447674  32.447978     1.8576   59.77488  -39.90652     4.9560         55 0.0000e+00
      77324   3221.810   2356.000   2320.793     2.8284     2.8272  32.452671  32.451569     1.8578   59.77488  -39.90653     4.9560         39 0.0000e+00
      77362   3223.359   2354.000   2318.833     2.8358     2.8340  32.459038  32.457196     1.8579   59.77488  -39.90654     4.9560         41 0.0000e+00
      77423   3225.909   2352.000   2316.874     2.8388     2.8389  32.461041  32.461436     1.8582   59.77488  -39.90653     4.9560         70 0.0000e+00
      77471   3227.923   2350.000   2314.914     2.8450     2.8445  32.466222  32.465687     1.8582   59.77488  -39.90652     4.9560         32 0.0000e+00
      77504   3229.303   2348.000   2312.955     2.8482     2.8484  32.468241  32.468503     1.8582   59.77488  -39.90654     4.9560         37 0.0000e+00
      77556   3231.452   2346.000   2310.996     2.8490     2.8503  32.468152  32.469577     1.8587   59.77488  -39.90654     4.9560         67 0.0000e+00
      77615   3233.900   2344.000   2309.036     2.8530     2.8533  32.470995  32.471518     1.8589   59.77488  -39.90654     4.9560         43 0.0000e+00
      77652   3235.438   2342.000   2307.077     2.8568     2.8575  32.473939  32.474468     1.8587   59.77488  -39.90654     4.9560         37 0.0000e+00
      77694   3237.200   2340.000   2305.117     2.8599     2.8615  32.476075  32.477871     1.8590   59.77488  -39.90654     4.9560         50 0.0000e+00
      77747   3239.436   2338.000   2303.158     2.8655     2.8664  32.480542  32.481647     1.8591   59.77488  -39.90654     4.9560         51 0.0000e+00
      77794   3241.376   2336.000   2301.199     2.8711     2.8707  32.485204  32.484374     1.8589   59.77488  -39.90654     4.9560         45 0.0000e+00
      77839   3243.238   2334.000   2299.239     2.8763     2.8774  32.489440  32.490294     1.8591   59.77488  -39.90654     4.9560         46 0.0000e+00
      77889   3245.332   2332.000   2297.280     2.8792     2.8802  32.491107  32.492384     1.8595   59.77488  -39.90654     4.9560         52 0.0000e+00
      77939   3247.404   2330.000   2295.320     2.8809     2.8818  32.492099  32.493159     1.8595   59.77488  -39.90652     4.9560         47 0.0000e+00
      77985   3249.343   2328.000   2293.360     2.8826     2.8828  32.492933  32.493334     1.8596   59.77488  -39.90654     4.9560         49 0.0000e+00
      78035   3251.402   2326.000   2291.401     2.8852     2.8851  32.494388  32.494531     1.8596   59.77488  -39.90654     4.9560         47 0.0000e+00
      78080   3253.278   2324.000   2289.441     2.8868     2.8867  32.495070  32.495182     1.8596   59.77488  -39.90654     4.9560         49 0.0000e+00
      78222   3259.215   2322.000   2287.482     2.8889     2.8890  32.496022  32.496539     1.8595   59.77488  -39.90654     4.9560         92 0.0000e+00
      79686   3320.190   2320.000   2285.522     2.8920     2.8925  32.498213  32.498965     1.8604   59.77488  -39.90654     4.9560         79 0.0000e+00
      80447   3351.896   2318.000   2283.562     2.8930     2.8929  32.498253  32.498579     1.8619   59.77488  -39.90653     4.9560         70 0.0000e+00
      80472   3352.960   2316.000   2281.603     2.8957     2.8955  32.500123  32.500043     1.8624   59.77488  -39.90654     4.9560         44 0.0000e+00
      80511   3354.591   2314.000   2279.643     2.9002     2.9000  32.503446  32.503268     1.8626   59.77488  -39.90654     4.9560         39 0.0000e+00
      80560   3356.617   2312.000   2277.683     2.9019     2.9011  32.504248  32.504084     1.8629   59.77488  -39.90653     4.9560         60 0.0000e+00
      80615   3358.900   2310.000   2275.724     2.9048     2.9051  32.506168  32.506669     1.8632   59.77488  -39.90652     4.9560         41 0.0000e+00
      80650   3360.385   2308.000   2273.764     2.9086     2.9092  32.509125  32.509689     1.8634   59.77488  -39.90652     4.9560         36 0.0000e+00
      80700   3362.457   2306.000   2271.804     2.9100     2.9099  32.509759  32.510040     1.8635   59.77488  -39.90653     4.9560         68 0.0000e+00
      80761   3365.008   2304.000   2269.845     2.9126     2.9115  32.511240  32.510484     1.8637   59.77488  -39.90654     4.9560         44 0.0000e+00
      80799   3366.572   2302.000   2267.885     2.9152     2.9155  32.512782  32.513201     1.8637   59.77488  -39.90653     4.9560         38 0.0000e+00
      80843   3368.417   2300.000   2265.925     2.9164     2.9157  32.513039  32.512823     1.8642   59.77488  -39.90653     4.9560         51 0.0000e+00
      80894   3370.549   2298.000   2263.965     2.9177     2.9176  32.513383  32.513536     1.8648   59.77488  -39.90654     4.9560         46 0.0000e+00
      80941   3372.504   2296.000   2262.005     2.9185     2.9187  32.513421  32.513916     1.8653   59.77488  -39.90653     4.9560         51 0.0000e+00
      80990   3374.534   2294.000   2260.046     2.9206     2.9206  32.514451  32.514723     1.8658   59.77488  -39.90652     4.9560         42 0.0000e+00
      81028   3376.117   2292.000   2258.086     2.9226     2.9229  32.515474  32.515944     1.8662   59.77488  -39.90653     4.9560         38 0.0000e+00
      81077   3378.187   2290.000   2256.126     2.9236     2.9246  32.515713  32.516937     1.8665   59.77488  -39.90654     4.9560         63 0.0000e+00
      81135   3380.568   2288.000   2254.166     2.9274     2.9271  32.518259  32.518158     1.8667   59.77488  -39.90654     4.9560         44 0.0000e+00
      81174   3382.206   2286.000   2252.206     2.9293     2.9295  32.519230  32.519697     1.8666   59.77488  -39.90653     4.9560         39 0.0000e+00
      81217   3384.019   2284.000   2250.246     2.9304     2.9299  32.519336  32.519449     1.8668   59.77488  -39.90653     4.9560         51 0.0000e+00
      81273   3386.342   2282.000   2248.286     2.9317     2.9314  32.519735  32.519784     1.8674   59.77488  -39.90654     4.9560         54 0.0000e+00
      81320   3388.301   2280.000   2246.326     2.9353     2.9348  32.522471  32.522059     1.8678   59.77488  -39.90654     4.9560         45 0.0000e+00
      81367   3390.263   2278.000   2244.366     2.9387     2.9384  32.524763  32.524557     1.8678   59.77488  -39.90653     4.9560         47 0.0000e+00
      81410   3392.036   2276.000   2242.406     2.9396     2.9401  32.524717  32.525470     1.8680   59.77488  -39.90654     4.9560         39 0.0000e+00
      81455   3393.936   2274.000   2240.446     2.9407     2.9402  32.524905  32.524991     1.8689   59.77488  -39.90654     4.9560         59 0.0000e+00
      81520   3396.642   2272.000   2238.486     2.9417     2.9417  32.525061  32.525488     1.8695   59.77488  -39.90654     4.9560         53 0.0000e+00
      81557   3398.181   2270.000   2236.526     2.9451     2.9451  32.527252  32.527385     1.8694   59.77487  -39.90654     4.9560         31 0.0000e+00
      81590   3399.554   2268.000   2234.566     2.9469     2.9474  32.528012  32.528801     1.8696   59.77487  -39.90654     4.9560         38 0.0000e+00
      81651   3402.097   2266.000   2232.606     2.9484     2.9480  32.528702  32.528802     1.8705   59.77488  -39.90654     4.9560         75 0.0000e+00
      81704   3404.282   2264.000   2230.646     2.9488     2.9489  32.528147  32.528507     1.8710   59.77486  -39.90654     4.9560         35 0.0000e+00
      81738   3405.692   2262.000   2228.686     2.9489     2.9493  32.527470  32.528183     1.8711   59.77486  -39.90654     4.9560         36 0.0000e+00
      81784   3407.617   2260.000   2226.725     2.9495     2.9505  32.527303  32.528461     1.8716   59.77487  -39.90654     4.9560         61 0.0000e+00
      81854   3410.536   2258.000   2224.765     2.9524     2.9527  32.528856  32.529501     1.8724   59.77486  -39.90654     4.9560         62 0.0000e+00
      81898   3412.360   2256.000   2222.805     2.9556     2.9556  32.530856  32.531015     1.8727   59.77486  -39.90653     4.9560         33 0.0000e+00
      81929   3413.651   2254.000   2220.845     2.9572     2.9572  32.531444  32.531906     1.8729   59.77486  -39.90654     4.9560         31 0.0000e+00
      81975   3415.572   2252.000   2218.885     2.9574     2.9579  32.530960  32.531710     1.8730   59.77486  -39.90655     4.9560         70 0.0000e+00
      82041   3418.353   2250.000   2216.925     2.9582     2.9584  32.530725  32.531194     1.8734   59.77486  -39.90654     4.9560         44 0.0000e+00
      82075   3419.737   2248.000   2214.964     2.9593     2.9598  32.531095  32.531777     1.8736   59.77487  -39.90654     4.9560         32 0.0000e+00
      82110   3421.215   2246.000   2213.004     2.9603     2.9606  32.531126  32.531789     1.8741   59.77487  -39.90654     4.9560         42 0.0000e+00
      82170   3423.700   2244.000   2211.044     2.9607     2.9613  32.530792  32.531644     1.8750   59.77486  -39.90654     4.9560         73 0.0000e+00
      82229   3426.168   2242.000   2209.083     2.9636     2.9633  32.532439  32.532399     1.8756   59.77488  -39.90654     4.9560         42 0.0000e+00
      82266   3427.699   2240.000   2207.123     2.9675     2.9677  32.535224  32.535577     1.8758   59.77488  -39.90654     4.9560         37 0.0000e+00
      82307   3429.400   2238.000   2205.163     2.9695     2.9697  32.536251  32.536554     1.8762   59.77488  -39.90654     4.9560         48 0.0000e+00
      82359   3431.585   2236.000   2203.202     2.9711     2.9715  32.536788  32.537400     1.8762   59.77488  -39.90654     4.9560         51 0.0000e+00
      82407   3433.602   2234.000   2201.242     2.9724     2.9728  32.537201  32.537784     1.8767   59.77488  -39.90654     4.9560         48 0.0000e+00
      82456   3435.638   2232.000   2199.282     2.9734     2.9738  32.537157  32.537888     1.8774   59.77488  -39.90654     4.9560         48 0.0000e+00
      82501   3437.512   2230.000   2197.321     2.9750     2.9751  32.537642  32.538179     1.8778   59.77488  -39.90654     4.9560         43 0.0000e+00
      82544   3439.308   2228.000   2195.361     2.9769     2.9768  32.538589  32.538883     1.8779   59.77488  -39.90654     4.9560         46 0.0000e+00
      82597   3441.489   2226.000   2193.400     2.9781     2.9798  32.538968  32.540544     1.8781   59.77488  -39.90654     4.9560         53 0.0000e+00
      82641   3443.352   2224.000   2191.440     2.9814     2.9819  32.540937  32.541580     1.8785   59.77488  -39.90654     4.9560         40 0.0000e+00
      82688   3445.276   2222.000   2189.479     2.9831     2.9834  32.541855  32.542368     1.8790   59.77488  -39.90654     4.9560         56 0.0000e+00
      82742   3447.542   2220.000   2187.519     2.9849     2.9854  32.542410  32.543233     1.8796   59.77488  -39.90654     4.9560         43 0.0000e+00
      82779   3449.100   2218.000   2185.558     2.9866     2.9870  32.543351  32.543984     1.8802   59.77488  -39.90654     4.9560         40 0.0000e+00
      82839   3451.599   2216.000   2183.598     2.9883     2.9885  32.544083  32.544747     1.8810   59.77488  -39.90654     4.9560         70 0.0000e+00
