Example_Files/SBE_Processing_Files/Processed_SBE_cast_files/upcasts/uar69-01_016.cnv
* Sea-Bird SBE 9 Data File:
* FileName = D:\data\ar69-01_016.hex
* Software Version Seasave V 7.26.7.107
* Temperature SN = 4491
* Conductivity SN = 3009
* Number of Bytes Per Scan = 44
* Number of Voltage Words = 5
* Number of Scans Averaged by the Deck Unit = 1
* NMEA Latitude = 59 38.89 N
* NMEA Longitude = 038 34.97 W
* NMEA UTC (Time) = Jul 04 2022  07:20:38
** Cruise ID: AR69-01
** Chief Sci:
** Station #: 016
** Site ID: M4 OSNAP acoustic releases
# nquan = 14
# nvalues = 1508                        
# units = specified
# name 0 = scan: Scan Count
# name 1 = timeS: Time, Elapsed [seconds]
# name 2 = prDM: Pressure, Digiquartz [db]
# name 3 = depSM: Depth [salt water, m]
# name 4 = t090C: Temperature [ITS-90, deg C]
# name 5 = t190C: Temperature, 2 [ITS-90, deg C]
# name 6 = c0mS/cm: Conductivity [mS/cm]
# name 7 = c1mS/cm: Conductivity, 2 [mS/cm]
# name 8 = sbeox0V: Oxygen raw, SBE 43 [V]
# name 9 = latitude: Latitude [deg]
# name 10 = longitude: Longitude [deg]
# name 11 = v7: Voltage 7
# name 12 = nbin: number of scans per bin
# name 13 = flag: flag
# span 0 =      84854,     213202       
# span 1 =   3535.562,   8883.383       
# span 2 =      4.000,   3018.000       
# span 3 =      3.962,   2968.373       
# span 4 =     1.4106,     7.4279       
# span 5 =     1.4100,     7.4228       
# span 6 =  31.428956,  35.480498       
# span 7 =  31.428677,  34.938115       
# span 8 =     1.7808,     2.8238       
# span 9 =   59.64808,   59.64810       
# span 10 =  -38.58288,  -38.58284      
# span 11 =     4.9560,     4.9567      
# span 12 =         30,        146      
# span 13 = 0.0000e+00, 0.0000e+00      
# interval = decibars: 2                
# start_time = Jul 04 2022 07:20:38 [NMEA time, first data scan]
# bad_flag = -9.990e-29
*END*
[from data line 1446]
     201804   8408.468    126.000    124.778     4.0058     4.0015  32.507825  32.418449     2.5333   59.64808  -38.58286     4.9560         48 0.0000e+00
     201851   8410.402    124.000    122.797     4.0088     4.0051  32.509404  32.422211     2.5339   59.64808  -38.58286     4.9560         49 0.0000e+00
     201909   8412.827    122.000    120.817     4.0105     4.0080  32.509951  32.427340     2.5371   59.64808  -38.58286     4.9560         58 0.0000e+00
     201954   8414.722    120.000    118.837     4.0192     4.0125  32.516508  32.431250     2.5397   59.64808  -38.58286     4.9560         36 0.0000e+00
     201991   8416.266    118.000    116.857     4.0245     4.0188  32.519866  32.434350     2.5405   59.64808  -38.58286     4.9560         42 0.0000e+00
     202043   8418.403    116.000    114.877     4.0285     4.0255  32.522395  32.439008     2.5419   59.64808  -38.58286     4.9560         57 0.0000e+00
     202095   8420.587    114.000    112.897     4.0341     4.0298  32.526084  32.443530     2.5436   59.64808  -38.58286     4.9560         51 0.0000e+00
     202150   8422.895    112.000    110.917     4.0398     4.0351  32.529963  32.447965     2.5448   59.64808  -38.58286     4.9560         55 0.0000e+00
     202200   8424.957    110.000    108.937     4.0509     4.0421  32.539075  32.451790     2.5442   59.64808  -38.58286     4.9560         50 0.0000e+00
     202467   8436.077    108.000    106.957     4.0621     4.0613  32.548272  32.475664     2.5430   59.64808  -38.58286     4.9560        108 0.0000e+00
     205257   8552.319    106.000    104.977     4.0892     4.0863  32.572571  32.563148     2.5395   59.64808  -38.58287     4.9560         97 0.0000e+00
     205536   8563.965    104.000    102.997     4.0956     4.0922  32.577530  32.566110     2.5390   59.64808  -38.58287     4.9560         92 0.0000e+00
     205650   8568.728    102.000    101.016     4.1006     4.0969  32.581087  32.565858     2.5389   59.64808  -38.58287     4.9560         73 0.0000e+00
     205742   8572.547    100.000     99.036     4.1026     4.0993  32.581933  32.565556     2.5407   59.64808  -38.58286     4.9560        103 0.0000e+00
     205848   8576.971     98.000     97.056     4.1068     4.1038  32.584637  32.565720     2.5480   59.64808  -38.58288     4.9560         90 0.0000e+00
     205925   8580.163     96.000     95.075     4.1255     4.1125  32.600355  32.565894     2.5552   59.64808  -38.58286     4.9560         92 0.0000e+00
     206021   8584.159     94.000     93.095     4.1382     4.1326  32.611058  32.566714     2.5594   59.64808  -38.58286     4.9560         90 0.0000e+00
     206107   8587.750     92.000     91.115     4.1498     4.1446  32.620318  32.567322     2.5620   59.64810  -38.58286     4.9560         86 0.0000e+00
     206207   8591.896     90.000     89.134     4.1653     4.1521  32.632420  32.568888     2.5594   59.64808  -38.58286     4.9560         91 0.0000e+00
     206278   8594.857     88.000     87.154     4.1853     4.1718  32.649506  32.571239     2.5578   59.64809  -38.58286     4.9560         82 0.0000e+00
     206386   8599.365     86.000     85.174     4.1968     4.1897  32.658155  32.576193     2.5636   59.64808  -38.58286     4.9560        102 0.0000e+00
     206471   8602.912     84.000     83.193     4.2354     4.2108  32.691058  32.580893     2.5674   59.64809  -38.58286     4.9560         99 0.0000e+00
     206572   8607.122     82.000     81.213     4.2617     4.2461  32.712130  32.587723     2.5727   59.64808  -38.58286     4.9560         92 0.0000e+00
     206664   8610.950     80.000     79.233     4.2873     4.2709  32.733142  32.594784     2.5767   59.64808  -38.58286     4.9560         91 0.0000e+00
     206758   8614.860     78.000     77.252     4.3216     4.3030  32.762523  32.603670     2.5790   59.64808  -38.58286     4.9560         99 0.0000e+00
     206853   8618.826     76.000     75.272     4.3613     4.3466  32.797002  32.614857     2.5831   59.64808  -38.58286     4.9560         96 0.0000e+00
     206952   8622.966     74.000     73.291     4.4104     4.3875  32.838211  32.628438     2.5862   59.64808  -38.58286     4.9560        102 0.0000e+00
     207045   8626.832     72.000     71.311     4.4476     4.4308  32.870044  32.642763     2.5864   59.64808  -38.58286     4.9560         69 0.0000e+00
     207134   8630.531     70.000     69.330     4.4882     4.4659  32.905548  32.658200     2.5898   59.64808  -38.58286     4.9560         95 0.0000e+00
     207240   8634.956     68.000     67.350     4.5556     4.5040  32.962284  32.678974     2.5982   59.64808  -38.58287     4.9560         78 0.0000e+00
     207324   8638.472     66.000     65.369     4.6539     4.6004  33.043530  32.698827     2.6075   59.64808  -38.58286     4.9560         92 0.0000e+00
     207421   8642.503     64.000     63.388     4.7657     4.7189  33.143031  32.722939     2.6214   59.64808  -38.58286     4.9560        106 0.0000e+00
     207520   8646.622     62.000     61.408     4.9038     4.8420  33.268876  32.749003     2.6360   59.64808  -38.58286     4.9560         87 0.0000e+00
     207611   8650.432     60.000     59.427     5.0920     4.9756  33.434772  32.777489     2.6460   59.64808  -38.58286     4.9560         96 0.0000e+00
     207719   8654.921     58.000     57.447     5.2544     5.1436  33.582515  32.819317     2.6537   59.64808  -38.58286     4.9560        111 0.0000e+00
     208869   8702.853     56.000     55.466     5.4260     5.4360  33.737178  33.330999     2.6657   59.64808  -38.58287     4.9561         74 0.0000e+00
     209952   8747.974     54.000     53.485     5.5883     5.5250  33.873067  33.669229     2.6808   59.64808  -38.58287     4.9563        119 0.0000e+00
     210084   8753.475     52.000     51.505     5.7630     5.7170  34.027724  33.686564     2.6983   59.64808  -38.58287     4.9563         84 0.0000e+00
     210187   8757.768     50.000     49.524     5.9597     5.8194  34.206735  33.697943     2.7262   59.64808  -38.58286     4.9564        114 0.0000e+00
     210297   8762.342     48.000     47.543     6.1741     6.0476  34.401743  33.715599     2.7478   59.64808  -38.58288     4.9563         93 0.0000e+00
     210397   8766.488     46.000     45.563     6.2352     6.1815  34.449015  33.734070     2.7551   59.64808  -38.58286     4.9563        107 0.0000e+00
     210506   8771.022     44.000     43.582     6.2825     6.2416  34.488441  33.760505     2.7782   59.64808  -38.58286     4.9563         95 0.0000e+00
     210596   8774.793     42.000     41.601     6.3831     6.3261  34.580574  33.791653     2.7884   59.64808  -38.58286     4.9564        113 0.0000e+00
     210714   8779.691     40.000     39.620     6.4666     6.4082  34.647244  33.840450     2.7959   59.64808  -38.58286     4.9564         99 0.0000e+00
     210803   8783.421     38.000     37.639     6.5146     6.4681  34.685628  33.884076     2.7995   59.64808  -38.58286     4.9564         98 0.0000e+00
     210917   8788.168     36.000     35.658     6.5539     6.5287  34.715483  33.941556     2.8038   59.64808  -38.58286     4.9564        109 0.0000e+00
     211020   8792.458     34.000     33.678     6.5815     6.5609  34.736429  33.994542     2.8088   59.64808  -38.58286     4.9564        113 0.0000e+00
     211131   8797.063     32.000     31.697     6.6271     6.6029  34.772227  34.052621     2.8101   59.64808  -38.58286     4.9564        103 0.0000e+00
     211250   8802.037     30.000     29.716     6.6799     6.6300  34.818595  34.114886     2.8142   59.64808  -38.58286     4.9564        135 0.0000e+00
     211388   8807.784     28.000     27.735     6.8220     6.7498  34.946579  34.185773     2.8184   59.64808  -38.58286     4.9564        140 0.0000e+00
     211523   8813.426     26.000     25.754     6.9415     6.8849  35.049920  34.250221     2.8193   59.64808  -38.58286     4.9565        110 0.0000e+00
     211668   8819.440     24.000     23.773     6.9998     6.9461  35.104366  34.316003     2.8202   59.64808  -38.58286     4.9566        119 0.0000e+00
     211804   8825.106     22.000     21.792     7.0429     7.0189  35.140565  34.378805     2.8208   59.64808  -38.58286     4.9565        110 0.0000e+00
     211929   8830.318     20.000     19.811     7.0604     7.0403  35.156247  34.436465     2.8215   59.64808  -38.58286     4.9566         83 0.0000e+00
     212063   8835.896     18.000     17.830     7.0722     7.0568  35.166616  34.499055     2.8234   59.64808  -38.58286     4.9565        103 0.0000e+00
     212222   8842.560     16.000     15.849     7.0916     7.0675  35.182637  34.571085     2.8238   59.64808  -38.58286     4.9566         75 0.0000e+00
     212375   8848.937     14.000     13.868     7.2079     7.1210  35.282466  34.638537     2.8198   59.64808  -38.58287     4.9565         93 0.0000e+00
     212518   8854.873     12.000     11.887     7.3524     7.2874  35.416509  34.700357     2.8080   59.64808  -38.58286     4.9566        146 0.0000e+00
     212664   8860.964     10.000      9.906     7.4191     7.4004  35.475902  34.757720     2.8049   59.64808  -38.58287     4.9566        130 0.0000e+00
     212793   8866.346      8.000      7.925     7.4190     7.4104  35.474716  34.805367     2.8063   59.64808  -38.58287     4.9566         93 0.0000e+00
     212902   8870.869      6.000      5.943     7.4268     7.4164  35.480498  34.845099     2.8073   59.64808  -38.58286     4.9567         90 0.0000e+00
     213202   8883.383      4.000      3.962     7.4279     7.4228  35.479659  34.938115     2.8067   59.64808  -38.58286     4.9567         89 0.0000e+00
