Example_Files/SBE_Processing_Files/Processed_SBE_cast_files/downcasts/dar69-01_019.cnv
* Sea-Bird SBE 9 Data File:
* FileName = D:\data\ar69-01_019.hex
* Software Version Seasave V 7.26.7.107
* Temperature SN = 4491
* Conductivity SN = 3009
* Number of Bytes Per Scan = 44
* Number of Voltage Words = 5
* Number of Scans Averaged by the Deck Unit = 1
* NMEA Latitude = 59 46.49 N
* NMEA Longitude = 039 54.39 W
* NMEA UTC (Time) = Jul 05 2022  21:23:04
** Cruise ID: AR69-01
** Chief Sci:
** Station #: 019
** Site ID: FLMA
# nquan = 14
# nvalues = 1313                        
# units = specified
# name 0 = scan: Scan Count
# name 1 = timeS: Time, Elapsed [seconds]
# name 2 = prDM: Pressure, Digiquartz [db]
# name 3 = depSM: Depth [salt water, m]
# name 4 = t090C: Temperature [ITS-90, deg C]
# name 5 = t190C: Temperature, 2 [ITS-90, deg C]
# name 6 = c0mS/cm: Conductivity [mS/cm]
# name 7 = c1mS/cm: Conductivity, 2 [mS/cm]
# name 8 = sbeox0V: Oxygen raw, SBE 43 [V]
# name 9 = latitude: Latitude [deg]
# name 10 = longitude: Longitude [deg]
# name 11 = v7: Voltage 7
# name 12 = nbin: number of scans per bin
# name 13 = flag: flag
# span 0 =       1033,      69011       
# span 1 =     42.987,   2875.412       
# span 2 =      4.000,   2628.000       
# span 3 =      3.962,   2587.091       
# span 4 =     1.9471,     7.6443       
# span 5 =     1.9437,     7.6403       
# span 6 =  31.749217,  35.645356       
# span 7 =  31.746680,  35.646693       
# span 8 =     1.8368,     2.8533       
# span 9 =   59.77486,   59.77490       
# span 10 =  -39.90656,  -39.90650      
# span 11 =     4.9560,     4.9573      
# span 12 =          1,        119      
# span 13 = 0.0000e+00, 0.0000e+00      
# interval = decibars: 2                
# start_time = Jul 05 2022 21:23:05 [NMEA time, first data scan]
# bad_flag = -9.990e-29
*END*
[from data line 1239]
      62440   2601.632   2482.000   2444.193     2.5542     2.5546  32.244125  32.245820     1.8501   59.77488  -39.90654     4.9560         34 0.0000e+00
      62477   2603.169   2484.000   2446.151     2.5319     2.5324  32.223551  32.225249     1.8498   59.77488  -39.90654     4.9560         42 0.0000e+00
      62529   2605.318   2486.000   2448.109     2.5261     2.5262  32.219868  32.220366     1.8492   59.77488  -39.90654     4.9560         58 0.0000e+00
      62581   2607.514   2488.000   2450.067     2.5240     2.5243  32.219035  32.219994     1.8486   59.77488  -39.90654     4.9560         46 0.0000e+00
      62625   2609.344   2490.000   2452.025     2.5218     2.5221  32.218185  32.219004     1.8479   59.77488  -39.90654     4.9560         45 0.0000e+00
      62672   2611.280   2492.000   2453.983     2.5220     2.5222  32.220162  32.220810     1.8465   59.77488  -39.90654     4.9560         46 0.0000e+00
      62716   2613.112   2494.000   2455.941     2.5235     2.5237  32.223461  32.223966     1.8452   59.77488  -39.90654     4.9560         42 0.0000e+00
      62762   2615.045   2496.000   2457.899     2.5235     2.5236  32.224562  32.225196     1.8438   59.77488  -39.90654     4.9560         54 0.0000e+00
      62818   2617.390   2498.000   2459.857     2.5214     2.5217  32.223568  32.224507     1.8425   59.77488  -39.90654     4.9560         52 0.0000e+00
      62863   2619.254   2500.000   2461.815     2.5116     2.5117  32.215284  32.216417     1.8418   59.77488  -39.90654     4.9560         42 0.0000e+00
      62906   2621.055   2502.000   2463.773     2.5043     2.5045  32.209699  32.210505     1.8412   59.77488  -39.90654     4.9560         44 0.0000e+00
      62952   2622.971   2504.000   2465.731     2.5020     2.5022  32.208496  32.209327     1.8408   59.77488  -39.90654     4.9560         51 0.0000e+00
      63016   2625.622   2506.000   2467.689     2.4936     2.4939  32.200938  32.202000     1.8403   59.77488  -39.90654     4.9560         64 0.0000e+00
      63061   2627.497   2508.000   2469.647     2.4909     2.4910  32.199248  32.200085     1.8403   59.77488  -39.90654     4.9560         33 0.0000e+00
      63092   2628.795   2510.000   2471.605     2.4880     2.4884  32.197201  32.198291     1.8405   59.77488  -39.90654     4.9560         33 0.0000e+00
      63142   2630.873   2512.000   2473.563     2.4836     2.4837  32.193701  32.194433     1.8402   59.77488  -39.90654     4.9560         70 0.0000e+00
      63201   2633.329   2514.000   2475.521     2.4841     2.4844  32.195455  32.196094     1.8397   59.77488  -39.90654     4.9560         39 0.0000e+00
      63237   2634.821   2516.000   2477.479     2.4836     2.4839  32.196037  32.197019     1.8393   59.77488  -39.90655     4.9560         38 0.0000e+00
      63283   2636.742   2518.000   2479.437     2.4816     2.4818  32.195216  32.195988     1.8386   59.77488  -39.90654     4.9560         56 0.0000e+00
      63343   2639.250   2520.000   2481.394     2.4807     2.4809  32.195248  32.195973     1.8376   59.77488  -39.90654     4.9560         56 0.0000e+00
      63388   2641.131   2522.000   2483.352     2.4800     2.4803  32.195494  32.196360     1.8371   59.77488  -39.90655     4.9560         38 0.0000e+00
      63427   2642.769   2524.000   2485.310     2.4764     2.4769  32.192891  32.194174     1.8368   59.77488  -39.90654     4.9560         46 0.0000e+00
      63516   2646.475   2526.000   2487.268     2.4635     2.4629  32.181225  32.181531     1.8369   59.77488  -39.90655     4.9560         72 0.0000e+00
      63589   2649.502   2528.000   2489.226     2.4554     2.4553  32.174200  32.174700     1.8376   59.77488  -39.90655     4.9560         68 0.0000e+00
      63696   2653.960   2530.000   2491.183     2.4541     2.4544  32.174103  32.175057     1.8370   59.77488  -39.90655     4.9560         72 0.0000e+00
      63771   2657.088   2532.000   2493.141     2.4370     2.4371  32.158930  32.159811     1.8373   59.77488  -39.90655     4.9560         67 0.0000e+00
      63883   2661.735   2534.000   2495.099     2.4294     2.4296  32.152726  32.153404     1.8377   59.77488  -39.90655     4.9560         93 0.0000e+00
      63964   2665.117   2536.000   2497.056     2.4312     2.4315  32.155226  32.155942     1.8375   59.77488  -39.90656     4.9560         65 0.0000e+00
      64077   2669.850   2538.000   2499.014     2.4258     2.4266  32.150729  32.153510     1.8373   59.77488  -39.90656     4.9560         63 0.0000e+00
      64147   2672.750   2540.000   2500.972     2.4071     2.4067  32.133771  32.134200     1.8379   59.77488  -39.90656     4.9560         64 0.0000e+00
      64250   2677.045   2542.000   2502.930     2.3966     2.3964  32.124217  32.124763     1.8391   59.77488  -39.90656     4.9560         74 0.0000e+00
      64343   2680.896   2544.000   2504.887     2.3758     2.3756  32.104606  32.105387     1.8410   59.77488  -39.90656     4.9560        105 0.0000e+00
      64444   2685.105   2546.000   2506.845     2.3563     2.3564  32.086960  32.087802     1.8430   59.77488  -39.90656     4.9560         88 0.0000e+00
      64529   2688.655   2548.000   2508.802     2.3437     2.3438  32.075977  32.076698     1.8441   59.77488  -39.90656     4.9560         82 0.0000e+00
      64629   2692.825   2550.000   2510.760     2.3350     2.3351  32.068550  32.069432     1.8456   59.77488  -39.90656     4.9560         63 0.0000e+00
      64713   2696.326   2552.000   2512.718     2.3287     2.3284  32.063538  32.063820     1.8462   59.77488  -39.90656     4.9560         78 0.0000e+00
      64821   2700.850   2554.000   2514.675     2.3235     2.3236  32.059665  32.060491     1.8462   59.77488  -39.90656     4.9560         53 0.0000e+00
      64904   2704.281   2556.000   2516.633     2.3128     2.3127  32.050495  32.050997     1.8459   59.77488  -39.90656     4.9560         75 0.0000e+00
      65001   2708.334   2558.000   2518.590     2.2976     2.2973  32.036485  32.037508     1.8463   59.77488  -39.90656     4.9560         60 0.0000e+00
      65092   2712.113   2560.000   2520.548     2.2727     2.2727  32.014129  32.014864     1.8477   59.77488  -39.90655     4.9560        119 0.0000e+00
      65200   2716.635   2562.000   2522.505     2.2691     2.2693  32.012200  32.012797     1.8479   59.77488  -39.90656     4.9560         75 0.0000e+00
      65274   2719.698   2564.000   2524.462     2.2679     2.2679  32.012140  32.012672     1.8477   59.77488  -39.90655     4.9560         77 0.0000e+00
      65404   2725.145   2566.000   2526.420     2.2640     2.2638  32.009851  32.010441     1.8458   59.77488  -39.90655     4.9560         39 0.0000e+00
      65462   2727.536   2568.000   2528.377     2.2576     2.2573  32.005507  32.006044     1.8452   59.77488  -39.90655     4.9560         63 0.0000e+00
      65578   2732.363   2570.000   2530.334     2.2534     2.2531  32.003239  32.003620     1.8435   59.77488  -39.90655     4.9560         57 0.0000e+00
      65645   2735.165   2572.000   2532.292     2.2491     2.2484  32.000357  32.000309     1.8431   59.77488  -39.90655     4.9560         80 0.0000e+00
      65787   2741.092   2574.000   2534.249     2.2482     2.2478  32.000361  32.000592     1.8418   59.77488  -39.90655     4.9560         52 0.0000e+00
      65825   2742.684   2576.000   2536.207     2.2334     2.2339  31.987332  31.988933     1.8420   59.77488  -39.90654     4.9560         49 0.0000e+00
      65957   2748.165   2578.000   2538.164     2.2218     2.2193  31.977207  31.976739     1.8420   59.77488  -39.90655     4.9560         45 0.0000e+00
      66041   2751.652   2580.000   2540.121     2.2044     2.2000  31.962176  31.959105     1.8420   59.77488  -39.90655     4.9560         65 0.0000e+00
      66116   2754.810   2582.000   2542.078     2.1923     2.1923  31.952323  31.952927     1.8422   59.77488  -39.90655     4.9560         63 0.0000e+00
      66251   2760.397   2584.000   2544.036     2.1914     2.1898  31.952314  31.951656     1.8416   59.77488  -39.90654     4.9560         60 0.0000e+00
      66318   2763.211   2586.000   2545.993     2.1815     2.1818  31.944671  31.945557     1.8409   59.77488  -39.90654     4.9560         71 0.0000e+00
      66425   2767.666   2588.000   2547.950     2.1733     2.1734  31.938074  31.938903     1.8402   59.77487  -39.90654     4.9560         82 0.0000e+00
      66501   2770.848   2590.000   2549.907     2.1655     2.1657  31.931936  31.932711     1.8403   59.77486  -39.90654     4.9560         62 0.0000e+00
      66620   2775.809   2592.000   2551.865     2.1636     2.1625  31.930985  31.930662     1.8399   59.77486  -39.90654     4.9560         60 0.0000e+00
      66698   2779.031   2594.000   2553.822     2.1563     2.1562  31.925185  31.925670     1.8394   59.77486  -39.90654     4.9560         67 0.0000e+00
      66793   2783.014   2596.000   2555.779     2.1429     2.1421  31.913715  31.913799     1.8391   59.77486  -39.90654     4.9560         67 0.0000e+00
      66900   2787.478   2598.000   2557.736     2.1290     2.1279  31.901868  31.901624     1.8388   59.77486  -39.90654     4.9560         84 0.0000e+00
      66975   2790.603   2600.000   2559.693     2.1159     2.1163  31.890747  31.891584     1.8397   59.77486  -39.90654     4.9560         67 0.0000e+00
      67093   2795.506   2602.000   2561.650     2.1147     2.1136  31.890356  31.889982     1.8398   59.77486  -39.90654     4.9560         63 0.0000e+00
      67165   2798.494   2604.000   2563.608     2.1037     2.1045  31.881126  31.882481     1.8399   59.77486  -39.90654     4.9560         70 0.0000e+00
      67277   2803.173   2606.000   2565.565     2.0862     2.0852  31.865740  31.865938     1.8397   59.77486  -39.90654     4.9560         86 0.0000e+00
      67357   2806.483   2608.000   2567.522     2.0654     2.0658  31.847679  31.848798     1.8405   59.77486  -39.90654     4.9560         65 0.0000e+00
      67468   2811.138   2610.000   2569.479     2.0618     2.0602  31.845276  31.844483     1.8404   59.77486  -39.90654     4.9560         71 0.0000e+00
      67541   2814.153   2612.000   2571.436     2.0496     2.0498  31.835085  31.836083     1.8407   59.77486  -39.90654     4.9560         54 0.0000e+00
      67648   2818.640   2614.000   2573.393     2.0411     2.0412  31.828246  31.829078     1.8403   59.77486  -39.90654     4.9560        110 0.0000e+00
      67746   2822.697   2616.000   2575.350     2.0164     2.0164  31.806768  31.807655     1.8411   59.77486  -39.90654     4.9560         53 0.0000e+00
      67832   2826.279   2618.000   2577.307     2.0054     2.0038  31.797225  31.796510     1.8421   59.77486  -39.90654     4.9560         73 0.0000e+00
      67929   2830.322   2620.000   2579.264     1.9875     1.9883  31.781442  31.783068     1.8435   59.77486  -39.90654     4.9560         60 0.0000e+00
      68007   2833.582   2622.000   2581.221     1.9787     1.9788  31.774387  31.775132     1.8441   59.77486  -39.90654     4.9560         90 0.0000e+00
      68129   2838.661   2624.000   2583.177     1.9650     1.9652  31.763217  31.764076     1.8435   59.77486  -39.90654     4.9560         78 0.0000e+00
      68237   2843.172   2626.000   2585.134     1.9548     1.9540  31.755376  31.755517     1.8436   59.77486  -39.90654     4.9560         79 0.0000e+00
      69011   2875.412   2628.000   2587.091     1.9471     1.9437  31.749217  31.746680     1.8433   59.77488  -39.90654     4.9560         97 0.0000e+00
