Example_Files/SBE_Processing_Files/Processed_SBE_cast_files/downcasts/dar69-01_007.cnv
* Sea-Bird SBE 9 Data File:
* FileName = D:\data\ar69-01_007.hex
* Software Version Seasave V 7.26.7.107
* Temperature SN = 4491
* Conductivity SN = 3009
* Number of Bytes Per Scan = 44
* Number of Voltage Words = 5
* Number of Scans Averaged by the Deck Unit = 1
* NMEA Latitude = 53 54.62 N
* NMEA Longitude = 045 23.76 W
* NMEA UTC (Time) = Jun 26 2022  15:18:37
** Cruise ID: AR69-01
** Chief Sci:
** Station #: 007
** Site ID: Transit - cal. dip (optodes + microcats)
# nquan = 14
# nvalues = 1728                        
# units = specified
# name 0 = scan: Scan Count
# name 1 = timeS: Time, Elapsed [seconds]
# name 2 = prDM: Pressure, Digiquartz [db]
# name 3 = depSM: Depth [salt water, m]
# name 4 = t090C: Temperature [ITS-90, deg C]
# name 5 = t190C: Temperature, 2 [ITS-90, deg C]
# name 6 = c0mS/cm: Conductivity [mS/cm]
# name 7 = c1mS/cm: Conductivity, 2 [mS/cm]
# name 8 = sbeox0V: Oxygen raw, SBE 43 [V]
# name 9 = latitude: Latitude [deg]
# name 10 = longitude: Longitude [deg]
# name 11 = v7: Voltage 7
# name 12 = nbin: number of scans per bin
# name 13 = flag: flag
# span 0 =       1235,     103072       
# span 1 =     51.420,   4294.607       
# span 2 =      4.000,   3458.000       
# span 3 =      3.963,   3399.353       
# span 4 =     2.4735,     9.1711       
# span 5 =     2.4731,     9.1680       
# span 6 =  32.161924,  36.886268       
# span 7 =  32.166635,  36.888329       
# span 8 =     1.6596,     2.8852       
# span 9 =   53.90745,   53.91040       
# span 10 =  -45.39600,  -45.39556      
# span 11 =     4.9560,     4.9573      
# span 12 =          1,        122      
# span 13 = 0.0000e+00, 0.0000e+00      
# interval = decibars: 2                
# start_time = Jun 26 2022 15:18:37 [NMEA time, first data scan]
# bad_flag = -9.990e-29
*END*
[from data line 1549]
      79325   3305.162   3102.000   3051.882     2.7313     2.7315  32.653254  32.654095     1.7121   53.90792  -45.39564     4.9560         61 0.0000e+00
      79382   3307.556   3104.000   3053.835     2.7312     2.7313  32.653831  32.654630     1.7114   53.90792  -45.39564     4.9560         50 0.0000e+00
      79429   3309.496   3106.000   3055.789     2.7293     2.7298  32.652730  32.653961     1.7110   53.90792  -45.39564     4.9560         45 0.0000e+00
      79472   3311.309   3108.000   3057.742     2.7256     2.7259  32.649868  32.650946     1.7109   53.90792  -45.39564     4.9560         41 0.0000e+00
      79512   3312.953   3110.000   3059.696     2.7231     2.7233  32.648324  32.649339     1.7110   53.90792  -45.39564     4.9560         40 0.0000e+00
      79565   3315.151   3112.000   3061.649     2.7225     2.7227  32.648470  32.649361     1.7106   53.90791  -45.39563     4.9560         73 0.0000e+00
      79634   3318.049   3114.000   3063.603     2.7219     2.7221  32.648783  32.649722     1.7101   53.90792  -45.39562     4.9560         46 0.0000e+00
      79667   3319.417   3116.000   3065.557     2.7209     2.7213  32.648833  32.649844     1.7100   53.90790  -45.39564     4.9560         31 0.0000e+00
      79701   3320.838   3118.000   3067.510     2.7220     2.7222  32.650538  32.651323     1.7096   53.90790  -45.39563     4.9560         40 0.0000e+00
      79755   3323.073   3120.000   3069.464     2.7221     2.7223  32.651338  32.652237     1.7091   53.90790  -45.39562     4.9560         63 0.0000e+00
      79807   3325.249   3122.000   3071.417     2.7198     2.7200  32.649992  32.651066     1.7088   53.90790  -45.39563     4.9560         41 0.0000e+00
      79846   3326.855   3124.000   3073.371     2.7143     2.7149  32.645560  32.646977     1.7087   53.90790  -45.39563     4.9560         40 0.0000e+00
      79895   3328.915   3126.000   3075.324     2.7119     2.7119  32.643890  32.644613     1.7084   53.90790  -45.39562     4.9560         60 0.0000e+00
      79952   3331.291   3128.000   3077.278     2.7099     2.7101  32.642674  32.643690     1.7079   53.90790  -45.39562     4.9560         47 0.0000e+00
      79993   3332.980   3130.000   3079.231     2.7071     2.7074  32.640808  32.641848     1.7078   53.90790  -45.39562     4.9560         38 0.0000e+00
      80034   3334.693   3132.000   3081.184     2.7056     2.7059  32.640157  32.641035     1.7074   53.90790  -45.39562     4.9560         46 0.0000e+00
      80092   3337.111   3134.000   3083.137     2.7058     2.7060  32.641048  32.641939     1.7070   53.90789  -45.39562     4.9560         67 0.0000e+00
      80144   3339.301   3136.000   3085.091     2.7060     2.7063  32.642018  32.643021     1.7068   53.90790  -45.39562     4.9560         37 0.0000e+00
      80179   3340.751   3138.000   3087.044     2.7052     2.7056  32.641982  32.643040     1.7068   53.90789  -45.39562     4.9560         37 0.0000e+00
      80227   3342.738   3140.000   3088.998     2.7036     2.7037  32.641157  32.642014     1.7065   53.90788  -45.39562     4.9560         61 0.0000e+00
      80284   3345.129   3142.000   3090.951     2.7014     2.7016  32.639916  32.640806     1.7058   53.90788  -45.39562     4.9560         43 0.0000e+00
      80321   3346.648   3144.000   3092.904     2.6975     2.6979  32.636917  32.638265     1.7056   53.90788  -45.39562     4.9560         37 0.0000e+00
      80364   3348.464   3146.000   3094.857     2.6958     2.6962  32.636109  32.637198     1.7055   53.90788  -45.39562     4.9560         52 0.0000e+00
      80417   3350.678   3148.000   3096.811     2.6943     2.6946  32.635339  32.636501     1.7053   53.90788  -45.39562     4.9560         49 0.0000e+00
      80465   3352.667   3150.000   3098.764     2.6913     2.6915  32.633211  32.634364     1.7047   53.90788  -45.39562     4.9560         50 0.0000e+00
      80518   3354.865   3152.000   3100.717     2.6844     2.6848  32.627403  32.628621     1.7044   53.90788  -45.39562     4.9560         52 0.0000e+00
      80565   3356.824   3154.000   3102.670     2.6774     2.6777  32.621655  32.622635     1.7041   53.90788  -45.39562     4.9560         44 0.0000e+00
      80608   3358.615   3156.000   3104.624     2.6748     2.6751  32.619998  32.620920     1.7039   53.90786  -45.39562     4.9560         43 0.0000e+00
      80651   3360.436   3158.000   3106.577     2.6740     2.6742  32.619894  32.620896     1.7038   53.90786  -45.39562     4.9560         44 0.0000e+00
      80701   3362.491   3160.000   3108.530     2.6725     2.6730  32.619213  32.620356     1.7037   53.90786  -45.39562     4.9560         57 0.0000e+00
      80756   3364.802   3162.000   3110.483     2.6705     2.6705  32.618028  32.618722     1.7033   53.90786  -45.39562     4.9560         47 0.0000e+00
      80796   3366.468   3164.000   3112.436     2.6689     2.6692  32.617202  32.618308     1.7032   53.90786  -45.39563     4.9560         38 0.0000e+00
      80839   3368.263   3166.000   3114.389     2.6685     2.6688  32.617604  32.618541     1.7029   53.90786  -45.39562     4.9560         51 0.0000e+00
      80898   3370.715   3168.000   3116.342     2.6684     2.6686  32.618247  32.619195     1.7023   53.90786  -45.39562     4.9560         58 0.0000e+00
      80944   3372.607   3170.000   3118.295     2.6685     2.6688  32.619092  32.620046     1.7022   53.90786  -45.39564     4.9560         36 0.0000e+00
      80977   3373.993   3172.000   3120.248     2.6683     2.6686  32.619711  32.620685     1.7022   53.90786  -45.39562     4.9560         34 0.0000e+00
      81030   3376.205   3174.000   3122.201     2.6681     2.6685  32.620143  32.621215     1.7018   53.90785  -45.39562     4.9560         75 0.0000e+00
      81103   3379.232   3176.000   3124.155     2.6678     2.6682  32.620704  32.621692     1.7009   53.90786  -45.39563     4.9560         40 0.0000e+00
      81134   3380.552   3178.000   3126.107     2.6676     2.6679  32.621242  32.622174     1.7006   53.90785  -45.39562     4.9560         33 0.0000e+00
      81172   3382.135   3180.000   3128.060     2.6670     2.6674  32.621382  32.622365     1.7004   53.90784  -45.39562     4.9560         44 0.0000e+00
      81220   3384.116   3182.000   3130.013     2.6634     2.6639  32.618769  32.619980     1.7000   53.90784  -45.39562     4.9560         47 0.0000e+00
      81264   3385.966   3184.000   3131.966     2.6599     2.6602  32.616229  32.617278     1.6999   53.90784  -45.39562     4.9560         45 0.0000e+00
      81313   3388.003   3186.000   3133.919     2.6573     2.6576  32.614441  32.615500     1.6994   53.90784  -45.39562     4.9560         52 0.0000e+00
      81366   3390.195   3188.000   3135.872     2.6554     2.6557  32.613524  32.614390     1.6990   53.90784  -45.39562     4.9560         52 0.0000e+00
      81415   3392.270   3190.000   3137.825     2.6549     2.6552  32.613751  32.614613     1.6986   53.90784  -45.39562     4.9560         47 0.0000e+00
      81459   3394.081   3192.000   3139.778     2.6540     2.6542  32.613634  32.614416     1.6987   53.90784  -45.39562     4.9560         40 0.0000e+00
      81497   3395.666   3194.000   3141.731     2.6533     2.6535  32.613716  32.614538     1.6985   53.90784  -45.39561     4.9560         39 0.0000e+00
      81551   3397.917   3196.000   3143.684     2.6520     2.6524  32.613118  32.614105     1.6978   53.90784  -45.39560     4.9560         72 0.0000e+00
      81613   3400.497   3198.000   3145.636     2.6517     2.6519  32.613660  32.614583     1.6975   53.90784  -45.39560     4.9560         41 0.0000e+00
      81648   3401.940   3200.000   3147.589     2.6513     2.6516  32.614152  32.615109     1.6974   53.90784  -45.39560     4.9560         35 0.0000e+00
      81689   3403.657   3202.000   3149.542     2.6506     2.6508  32.614220  32.615095     1.6970   53.90784  -45.39560     4.9560         49 0.0000e+00
      81739   3405.746   3204.000   3151.495     2.6504     2.6507  32.614784  32.615722     1.6967   53.90784  -45.39560     4.9560         47 0.0000e+00
      81784   3407.610   3206.000   3153.447     2.6496     2.6499  32.614975  32.615915     1.6962   53.90784  -45.39560     4.9560         44 0.0000e+00
      81830   3409.558   3208.000   3155.400     2.6497     2.6500  32.615856  32.616720     1.6957   53.90784  -45.39560     4.9560         50 0.0000e+00
      81881   3411.667   3210.000   3157.353     2.6495     2.6498  32.616458  32.617394     1.6953   53.90784  -45.39560     4.9560         49 0.0000e+00
      81925   3413.504   3212.000   3159.305     2.6477     2.6480  32.615634  32.616624     1.6948   53.90784  -45.39560     4.9560         41 0.0000e+00
      81971   3415.412   3214.000   3161.258     2.6449     2.6452  32.613993  32.614926     1.6944   53.90782  -45.39560     4.9560         54 0.0000e+00
      82030   3417.876   3216.000   3163.211     2.6433     2.6436  32.613448  32.614362     1.6937   53.90784  -45.39560     4.9560         53 0.0000e+00
      82070   3419.556   3218.000   3165.163     2.6415     2.6421  32.612904  32.614229     1.6934   53.90784  -45.39560     4.9560         34 0.0000e+00
      82106   3421.022   3220.000   3167.116     2.6368     2.6373  32.609336  32.610458     1.6931   53.90784  -45.39560     4.9560         40 0.0000e+00
      82166   3423.534   3222.000   3169.069     2.6352     2.6354  32.608480  32.609369     1.6922   53.90782  -45.39560     4.9560         80 0.0000e+00
      82227   3426.087   3224.000   3171.021     2.6338     2.6340  32.607950  32.608966     1.6915   53.90784  -45.39560     4.9560         36 0.0000e+00
      82258   3427.366   3226.000   3172.974     2.6287     2.6291  32.604037  32.605019     1.6915   53.90784  -45.39560     4.9560         30 0.0000e+00
      82289   3428.650   3228.000   3174.926     2.6276     2.6278  32.603747  32.604614     1.6915   53.90784  -45.39560     4.9560         33 0.0000e+00
      82331   3430.411   3230.000   3176.879     2.6256     2.6260  32.602614  32.603566     1.6914   53.90782  -45.39560     4.9560         55 0.0000e+00
      82427   3434.436   3232.000   3178.831     2.6258     2.6259  32.603561  32.604274     1.6903   53.90782  -45.39560     4.9560         48 0.0000e+00
      82455   3435.589   3234.000   3180.784     2.6240     2.6244  32.602646  32.603816     1.6903   53.90782  -45.39560     4.9560         30 0.0000e+00
      82486   3436.888   3236.000   3182.736     2.6212     2.6216  32.600771  32.601890     1.6899   53.90782  -45.39560     4.9560         33 0.0000e+00
      82527   3438.564   3238.000   3184.689     2.6181     2.6184  32.598579  32.599481     1.6900   53.90782  -45.39560     4.9560         49 0.0000e+00
      82583   3440.908   3240.000   3186.641     2.6177     2.6180  32.598974  32.599795     1.6899   53.90782  -45.39560     4.9560         60 0.0000e+00
      82642   3443.386   3242.000   3188.594     2.6167     2.6170  32.598659  32.599694     1.6895   53.90782  -45.39560     4.9560         57 0.0000e+00
      82692   3445.442   3244.000   3190.546     2.6151     2.6154  32.598043  32.598942     1.6891   53.90782  -45.39560     4.9560         41 0.0000e+00
      82727   3446.925   3246.000   3192.498     2.6146     2.6150  32.598424  32.599379     1.6890   53.90782  -45.39560     4.9560         33 0.0000e+00
      82762   3448.362   3248.000   3194.451     2.6145     2.6149  32.598974  32.599958     1.6889   53.90782  -45.39562     4.9560         37 0.0000e+00
      82811   3450.406   3250.000   3196.403     2.6148     2.6152  32.599937  32.600803     1.6886   53.90781  -45.39560     4.9560         72 0.0000e+00
      82895   3453.924   3252.000   3198.355     2.6151     2.6154  32.600888  32.601647     1.6879   53.90781  -45.39560     4.9560         59 0.0000e+00
      82927   3455.232   3254.000   3200.307     2.6135     2.6139  32.600367  32.601468     1.6876   53.90782  -45.39562     4.9560         29 0.0000e+00
      82956   3456.438   3256.000   3202.260     2.6120     2.6124  32.599987  32.601037     1.6877   53.90780  -45.39561     4.9560         31 0.0000e+00
      83004   3458.440   3258.000   3204.212     2.6122     2.6125  32.601349  32.602187     1.6871   53.90780  -45.39560     4.9560         74 0.0000e+00
      83073   3461.353   3260.000   3206.164     2.6121     2.6123  32.602085  32.602950     1.6863   53.90780  -45.39560     4.9560         47 0.0000e+00
      83110   3462.855   3262.000   3208.117     2.6114     2.6117  32.602360  32.603275     1.6859   53.90780  -45.39560     4.9560         35 0.0000e+00
      83148   3464.457   3264.000   3210.069     2.6112     2.6114  32.602933  32.603768     1.6856   53.90780  -45.39560     4.9560         43 0.0000e+00
      83197   3466.499   3266.000   3212.021     2.6103     2.6107  32.602796  32.603805     1.6851   53.90780  -45.39560     4.9560         54 0.0000e+00
      83250   3468.689   3268.000   3213.974     2.6089     2.6093  32.602375  32.603308     1.6847   53.90780  -45.39560     4.9560         48 0.0000e+00
      83293   3470.486   3270.000   3215.926     2.6066     2.6069  32.601044  32.602030     1.6848   53.90780  -45.39562     4.9560         39 0.0000e+00
      83332   3472.122   3272.000   3217.878     2.6039     2.6043  32.599289  32.600258     1.6847   53.90778  -45.39560     4.9560         43 0.0000e+00
      83389   3474.511   3274.000   3219.830     2.6031     2.6034  32.599239  32.600056     1.6842   53.90779  -45.39560     4.9560         68 0.0000e+00
      83445   3476.849   3276.000   3221.782     2.6021     2.6024  32.599088  32.600001     1.6834   53.90780  -45.39561     4.9560         43 0.0000e+00
      83485   3478.504   3278.000   3223.734     2.5986     2.5990  32.596467  32.597619     1.6832   53.90780  -45.39561     4.9560         40 0.0000e+00
      83525   3480.173   3280.000   3225.686     2.5955     2.5959  32.594358  32.595366     1.6830   53.90778  -45.39560     4.9560         40 0.0000e+00
      83571   3482.079   3282.000   3227.638     2.5911     2.5919  32.590832  32.592336     1.6828   53.90778  -45.39560     4.9560         57 0.0000e+00
      83641   3484.980   3284.000   3229.591     2.5847     2.5849  32.585390  32.586235     1.6822   53.90778  -45.39562     4.9560         64 0.0000e+00
      83684   3486.771   3286.000   3231.542     2.5851     2.5856  32.586671  32.587618     1.6822   53.90778  -45.39562     4.9560         33 0.0000e+00
      83716   3488.118   3288.000   3233.494     2.5856     2.5859  32.587868  32.588645     1.6819   53.90778  -45.39560     4.9560         33 0.0000e+00
      83755   3489.746   3290.000   3235.447     2.5850     2.5852  32.587885  32.588747     1.6816   53.90778  -45.39560     4.9560         49 0.0000e+00
      83817   3492.318   3292.000   3237.399     2.5830     2.5836  32.586814  32.587945     1.6814   53.90778  -45.39562     4.9560         63 0.0000e+00
      83865   3494.340   3294.000   3239.350     2.5828     2.5832  32.587402  32.588291     1.6811   53.90778  -45.39562     4.9560         41 0.0000e+00
      83907   3496.080   3296.000   3241.302     2.5821     2.5825  32.587478  32.588385     1.6809   53.90778  -45.39561     4.9560         45 0.0000e+00
      83957   3498.152   3298.000   3243.254     2.5817     2.5821  32.587876  32.588739     1.6805   53.90777  -45.39562     4.9560         53 0.0000e+00
      84006   3500.198   3300.000   3245.206     2.5817     2.5820  32.588616  32.589436     1.6800   53.90778  -45.39562     4.9560         43 0.0000e+00
      84046   3501.872   3302.000   3247.158     2.5820     2.5824  32.589694  32.590700     1.6799   53.90778  -45.39562     4.9560         40 0.0000e+00
      84095   3503.932   3304.000   3249.110     2.5780     2.5786  32.586828  32.587928     1.6797   53.90776  -45.39561     4.9560         63 0.0000e+00
