Example_Files/SBE_Processing_Files/Processed_SBE_cast_files/downcasts/dar69-01_006.cnv
* Sea-Bird SBE 9 Data File:
* FileName = D:\data\ar69-01_006.hex
* Software Version Seasave V 7.26.7.107
* Temperature SN = 4491
* Conductivity SN = 3009
* Number of Bytes Per Scan = 44
* Number of Voltage Words = 5
* Number of Scans Averaged by the Deck Unit = 1
* NMEA Latitude = 53 37.21 N
* NMEA Longitude = 045 39.53 W
* NMEA UTC (Time) = Jun 26 2022  10:51:22
** Cruise ID: AR69-01
** Chief Sci:
** Station #: 006
** Site ID: Transit - acoustic release test
# nquan = 14
# nvalues = 1524                        
# units = specified
# name 0 = scan: Scan Count
# name 1 = timeS: Time, Elapsed [seconds]
# name 2 = prDM: Pressure, Digiquartz [db]
# name 3 = depSM: Depth [salt water, m]
# name 4 = t090C: Temperature [ITS-90, deg C]
# name 5 = t190C: Temperature, 2 [ITS-90, deg C]
# name 6 = c0mS/cm: Conductivity [mS/cm]
# name 7 = c1mS/cm: Conductivity, 2 [mS/cm]
# name 8 = sbeox0V: Oxygen raw, SBE 43 [V]
# name 9 = latitude: Latitude [deg]
# name 10 = longitude: Longitude [deg]
# name 11 = v7: Voltage 7
# name 12 = nbin: number of scans per bin
# name 13 = flag: flag
# span 0 =       1051,      88465       
# span 1 =     43.752,   3685.998       
# span 2 =      4.000,   3050.000       
# span 3 =      3.964,   3001.157       
# span 4 =     2.6753,     9.2181       
# span 5 =     2.6756,     9.2169       
# span 6 =  32.441566,  36.965802       
# span 7 =  32.444591,  36.968150       
# span 8 =     1.7247,     2.8890       
# span 9 =   53.62022,   53.62026       
# span 10 =  -45.65882,  -45.65874      
# span 11 =     4.9560,     4.9576      
# span 12 =         23,        109      
# span 13 = 0.0000e+00, 0.0000e+00      
# interval = decibars: 2                
# start_time = Jun 26 2022 10:51:22 [NMEA time, first data scan]
# bad_flag = -9.990e-29
*END*
[from data line 1446]
      73095   3045.571   2896.000   2850.636     2.7779     2.7784  32.613542  32.615031     1.7521   53.62024  -45.65876     4.9560         27 0.0000e+00
      73128   3046.947   2898.000   2852.591     2.7746     2.7749  32.611278  32.612621     1.7518   53.62023  -45.65878     4.9560         45 0.0000e+00
      73231   3051.244   2900.000   2854.546     2.7763     2.7761  32.613611  32.614279     1.7507   53.62023  -45.65878     4.9560         45 0.0000e+00
      73257   3052.329   2902.000   2856.502     2.7756     2.7758  32.614181  32.615272     1.7505   53.62024  -45.65877     4.9560         27 0.0000e+00
      73286   3053.562   2904.000   2858.457     2.7767     2.7769  32.616279  32.617262     1.7501   53.62024  -45.65878     4.9560         34 0.0000e+00
      73328   3055.280   2906.000   2860.412     2.7775     2.7776  32.617772  32.618833     1.7498   53.62023  -45.65878     4.9560         49 0.0000e+00
      73380   3057.458   2908.000   2862.368     2.7759     2.7761  32.617115  32.618287     1.7492   53.62022  -45.65878     4.9560         55 0.0000e+00
      73436   3059.780   2910.000   2864.323     2.7720     2.7722  32.613927  32.615148     1.7489   53.62024  -45.65876     4.9560         51 0.0000e+00
      73479   3061.581   2912.000   2866.279     2.7704     2.7703  32.613119  32.614018     1.7489   53.62024  -45.65878     4.9560         39 0.0000e+00
      73520   3063.282   2914.000   2868.234     2.7684     2.7686  32.611914  32.613012     1.7487   53.62022  -45.65878     4.9560         45 0.0000e+00
      73573   3065.513   2916.000   2870.189     2.7685     2.7686  32.612896  32.613825     1.7478   53.62023  -45.65877     4.9560         57 0.0000e+00
      73622   3067.542   2918.000   2872.145     2.7684     2.7685  32.613883  32.614928     1.7472   53.62024  -45.65876     4.9560         41 0.0000e+00
      73659   3069.093   2920.000   2874.100     2.7620     2.7623  32.608663  32.610020     1.7472   53.62024  -45.65878     4.9560         37 0.0000e+00
      73718   3071.541   2922.000   2876.055     2.7610     2.7611  32.608583  32.609650     1.7464   53.62022  -45.65878     4.9560         63 0.0000e+00
      73790   3074.528   2924.000   2878.011     2.7608     2.7610  32.609761  32.610833     1.7455   53.62024  -45.65878     4.9560         32 0.0000e+00
      73815   3075.581   2926.000   2879.966     2.7610     2.7612  32.610864  32.611934     1.7456   53.62024  -45.65878     4.9560         25 0.0000e+00
      73842   3076.724   2928.000   2881.921     2.7612     2.7613  32.611742  32.612810     1.7454   53.62024  -45.65878     4.9560         31 0.0000e+00
      73896   3078.976   2930.000   2883.876     2.7617     2.7618  32.612828  32.613915     1.7449   53.62024  -45.65878     4.9560         84 0.0000e+00
      73967   3081.899   2932.000   2885.832     2.7619     2.7620  32.614051  32.615064     1.7440   53.62022  -45.65878     4.9560         43 0.0000e+00
      74005   3083.497   2934.000   2887.787     2.7623     2.7625  32.615558  32.616429     1.7436   53.62022  -45.65878     4.9560         38 0.0000e+00
      74041   3084.994   2936.000   2889.742     2.7631     2.7632  32.617150  32.618060     1.7434   53.62024  -45.65878     4.9560         35 0.0000e+00
      74077   3086.513   2938.000   2891.697     2.7616     2.7617  32.616509  32.617715     1.7432   53.62024  -45.65878     4.9560         41 0.0000e+00
      74147   3089.409   2940.000   2893.652     2.7570     2.7571  32.612817  32.613795     1.7423   53.62023  -45.65878     4.9560         84 0.0000e+00
      74201   3091.669   2942.000   2895.607     2.7562     2.7564  32.613039  32.614168     1.7419   53.62022  -45.65878     4.9560         35 0.0000e+00
      74237   3093.166   2944.000   2897.562     2.7545     2.7546  32.612167  32.613226     1.7416   53.62022  -45.65878     4.9560         39 0.0000e+00
      74282   3095.049   2946.000   2899.517     2.7525     2.7525  32.611145  32.612182     1.7412   53.62024  -45.65878     4.9560         48 0.0000e+00
      74324   3096.792   2948.000   2901.472     2.7506     2.7507  32.610375  32.611343     1.7411   53.62024  -45.65878     4.9560         37 0.0000e+00
      74372   3098.803   2950.000   2903.428     2.7501     2.7502  32.610623  32.611610     1.7405   53.62023  -45.65878     4.9560         70 0.0000e+00
      74441   3101.655   2952.000   2905.383     2.7500     2.7503  32.611416  32.612535     1.7400   53.62023  -45.65878     4.9560         43 0.0000e+00
      74471   3102.898   2954.000   2907.337     2.7487     2.7489  32.610961  32.612189     1.7401   53.62024  -45.65878     4.9560         30 0.0000e+00
      74509   3104.482   2956.000   2909.293     2.7459     2.7460  32.608956  32.610037     1.7397   53.62024  -45.65878     4.9560         51 0.0000e+00
      74625   3109.353   2958.000   2911.247     2.7462     2.7458  32.609805  32.610707     1.7392   53.62024  -45.65877     4.9560         49 0.0000e+00
      74677   3111.505   2960.000   2913.203     2.7421     2.7424  32.606915  32.608024     1.7392   53.62023  -45.65877     4.9560         63 0.0000e+00
      74785   3115.983   2962.000   2915.157     2.7397     2.7398  32.605284  32.606412     1.7390   53.62024  -45.65876     4.9560         49 0.0000e+00
      74882   3120.023   2964.000   2917.112     2.7375     2.7375  32.603827  32.604766     1.7387   53.62024  -45.65877     4.9560         61 0.0000e+00
      74955   3123.078   2966.000   2919.067     2.7349     2.7351  32.602170  32.603214     1.7388   53.62024  -45.65876     4.9560         38 0.0000e+00
      75046   3126.862   2968.000   2921.022     2.7353     2.7353  32.603250  32.604161     1.7384   53.62024  -45.65877     4.9560         48 0.0000e+00
      75137   3130.656   2970.000   2922.977     2.7317     2.7320  32.600551  32.601782     1.7379   53.62024  -45.65877     4.9560         36 0.0000e+00
      75247   3135.266   2972.000   2924.932     2.7328     2.7323  32.602224  32.602844     1.7377   53.62024  -45.65877     4.9560         45 0.0000e+00
      75320   3138.272   2974.000   2926.887     2.7242     2.7246  32.594731  32.596179     1.7376   53.62024  -45.65877     4.9560         50 0.0000e+00
      75456   3143.947   2976.000   2928.841     2.7251     2.7245  32.596303  32.597075     1.7371   53.62023  -45.65877     4.9560         40 0.0000e+00
      75528   3146.953   2978.000   2930.796     2.7201     2.7201  32.592318  32.593345     1.7371   53.62022  -45.65878     4.9560         71 0.0000e+00
      75636   3151.472   2980.000   2932.751     2.7168     2.7169  32.590230  32.591324     1.7365   53.62023  -45.65878     4.9560         73 0.0000e+00
      75721   3155.012   2982.000   2934.706     2.7157     2.7158  32.590043  32.591041     1.7359   53.62023  -45.65878     4.9560         95 0.0000e+00
      75817   3159.017   2984.000   2936.661     2.7153     2.7154  32.590485  32.591524     1.7353   53.62022  -45.65878     4.9560         78 0.0000e+00
      75925   3163.493   2986.000   2938.615     2.7142     2.7144  32.590284  32.591412     1.7346   53.62023  -45.65878     4.9560         69 0.0000e+00
      75998   3166.551   2988.000   2940.570     2.7119     2.7121  32.589067  32.590112     1.7346   53.62023  -45.65878     4.9560         89 0.0000e+00
      76117   3171.518   2990.000   2942.524     2.7095     2.7097  32.587665  32.588742     1.7344   53.62023  -45.65878     4.9560         82 0.0000e+00
      76202   3175.061   2992.000   2944.479     2.7072     2.7074  32.586313  32.587416     1.7340   53.62023  -45.65880     4.9560         70 0.0000e+00
      76272   3177.962   2994.000   2946.434     2.7066     2.7068  32.586522  32.587615     1.7340   53.62023  -45.65879     4.9560         59 0.0000e+00
      76400   3183.292   2996.000   2948.389     2.7042     2.7045  32.585188  32.586593     1.7329   53.62022  -45.65880     4.9560         34 0.0000e+00
      76467   3186.102   2998.000   2950.343     2.7019     2.7021  32.583866  32.584902     1.7328   53.62023  -45.65879     4.9560         67 0.0000e+00
      76580   3190.798   3000.000   2952.298     2.7012     2.7010  32.584043  32.584755     1.7323   53.62022  -45.65879     4.9560         68 0.0000e+00
      76676   3194.784   3002.000   2954.252     2.6991     2.6995  32.582922  32.584171     1.7321   53.62023  -45.65878     4.9560         52 0.0000e+00
      76759   3198.258   3004.000   2956.207     2.6984     2.6988  32.582932  32.584209     1.7318   53.62023  -45.65879     4.9560         76 0.0000e+00
      76854   3202.224   3006.000   2958.161     2.6955     2.6957  32.581054  32.582183     1.7316   53.62022  -45.65879     4.9560         87 0.0000e+00
      76955   3206.419   3008.000   2960.116     2.6941     2.6943  32.580592  32.581629     1.7309   53.62022  -45.65879     4.9560        101 0.0000e+00
      77040   3209.951   3010.000   2962.071     2.6938     2.6940  32.581142  32.582174     1.7309   53.62022  -45.65878     4.9560         66 0.0000e+00
      77143   3214.270   3012.000   2964.025     2.6937     2.6939  32.581831  32.582861     1.7305   53.62022  -45.65879     4.9560         63 0.0000e+00
      77236   3218.133   3014.000   2965.980     2.6927     2.6929  32.581714  32.582791     1.7299   53.62022  -45.65878     4.9560         37 0.0000e+00
      77316   3221.477   3016.000   2967.934     2.6929     2.6930  32.582572  32.583575     1.7295   53.62022  -45.65879     4.9560         72 0.0000e+00
      77423   3225.900   3018.000   2969.888     2.6914     2.6915  32.581916  32.582967     1.7290   53.62022  -45.65879     4.9560         76 0.0000e+00
      77511   3229.594   3020.000   2971.843     2.6902     2.6904  32.581652  32.582676     1.7289   53.62023  -45.65878     4.9560         92 0.0000e+00
      77618   3234.023   3022.000   2973.797     2.6891     2.6893  32.581361  32.582411     1.7283   53.62024  -45.65878     4.9560        104 0.0000e+00
      77693   3237.160   3024.000   2975.751     2.6885     2.6887  32.581664  32.582667     1.7280   53.62023  -45.65878     4.9560         64 0.0000e+00
      77803   3241.752   3026.000   2977.706     2.6875     2.6875  32.581393  32.582286     1.7278   53.62023  -45.65878     4.9560         75 0.0000e+00
      77898   3245.694   3028.000   2979.660     2.6835     2.6837  32.578438  32.579559     1.7273   53.62024  -45.65878     4.9560         80 0.0000e+00
      77964   3248.465   3030.000   2981.615     2.6830     2.6832  32.578863  32.579826     1.7275   53.62024  -45.65878     4.9560         57 0.0000e+00
      78095   3253.909   3032.000   2983.569     2.6813     2.6813  32.578032  32.579037     1.7269   53.62023  -45.65878     4.9560         37 0.0000e+00
      78172   3257.137   3034.000   2985.523     2.6792     2.6789  32.576717  32.577407     1.7266   53.62023  -45.65877     4.9560         66 0.0000e+00
      78263   3260.925   3036.000   2987.477     2.6781     2.6783  32.576574  32.577543     1.7264   53.62022  -45.65877     4.9560         64 0.0000e+00
      78382   3265.873   3038.000   2989.432     2.6781     2.6781  32.577253  32.578240     1.7258   53.62023  -45.65877     4.9560         53 0.0000e+00
      78438   3268.229   3040.000   2991.386     2.6768     2.6770  32.576898  32.577914     1.7258   53.62024  -45.65876     4.9560         65 0.0000e+00
      78578   3274.042   3042.000   2993.340     2.6769     2.6771  32.577737  32.578706     1.7250   53.62022  -45.65878     4.9560         69 0.0000e+00
      78643   3276.754   3044.000   2995.295     2.6766     2.6767  32.578185  32.579153     1.7249   53.62023  -45.65877     4.9560         73 0.0000e+00
      78728   3280.310   3046.000   2997.249     2.6759     2.6761  32.578426  32.579367     1.7248   53.62024  -45.65877     4.9560         55 0.0000e+00
      78876   3286.478   3048.000   2999.203     2.6757     2.6758  32.578935  32.579905     1.7247   53.62024  -45.65877     4.9560         44 0.0000e+00
      88465   3685.998   3050.000   3001.157     2.6753     2.6756  32.579086  32.580101     1.7252   53.62023  -45.65878     4.9560         78 0.0000e+00
