Example_Files/SBE_Processing_Files/Processed_SBE_cast_files/downcasts/dar69-01_023.cnv
* Sea-Bird SBE 9 Data File:
* FileName = D:\data\ar69-01_023.hex
* Software Version Seasave V 7.26.7.107
* Temperature SN = 4491
* Conductivity SN = 3009
* Number of Bytes Per Scan = 44
* Number of Voltage Words = 5
* Number of Scans Averaged by the Deck Unit = 1
* NMEA Latitude = 61 38.10 N
* NMEA Longitude = 032 53.76 W
* NMEA UTC (Time) = Jul 13 2022  09:38:05
** Cruise ID: AR69-01
** Chief Sci:
** Station #: 023
** Site ID: LADCP test
# nquan = 14
# nvalues = 505                         
# units = specified
# name 0 = scan: Scan Count
# name 1 = timeS: Time, Elapsed [seconds]
# name 2 = prDM: Pressure, Digiquartz [db]
# name 3 = depSM: Depth [salt water, m]
# name 4 = t090C: Temperature [ITS-90, deg C]
# name 5 = t190C: Temperature, 2 [ITS-90, deg C]
# name 6 = c0mS/cm: Conductivity [mS/cm]
# name 7 = c1mS/cm: Conductivity, 2 [mS/cm]
# name 8 = sbeox0V: Oxygen raw, SBE 43 [V]
# name 9 = latitude: Latitude [deg]
# name 10 = longitude: Longitude [deg]
# name 11 = v7: Voltage 7
# name 12 = nbin: number of scans per bin
# name 13 = flag: flag
# span 0 =        136,      30182       
# span 1 =      5.608,   1257.548       
# span 2 =      4.000,   1012.000       
# span 3 =      3.961,    999.893       
# span 4 =     3.4795,     9.4997       
# span 5 =     3.4789,     9.4993       
# span 6 =  32.421691,  37.470495       
# span 7 =  32.420877,  37.471445       
# span 8 =     2.2136,     2.7862       
# span 9 =   61.63377,   61.63505       
# span 10 =  -32.89598,  -32.89377      
# span 11 =     4.9568,     4.9573      
# span 12 =          1,        157      
# span 13 = 0.0000e+00, 0.0000e+00      
# interval = decibars: 2                
# start_time = Jul 13 2022 09:38:05 [NMEA time, first data scan]
# bad_flag = -9.990e-29
*END*
[from data line 413]
      22825    950.990    830.000    820.427     3.6172     3.6167  32.485594  32.486255     2.2495   61.63424  -32.89456     4.9573         43 0.0000e+00
      22875    953.075    832.000    822.400     3.6179     3.6173  32.487397  32.487943     2.2473   61.63424  -32.89455     4.9573         60 0.0000e+00
      22930    955.386    834.000    824.373     3.6186     3.6182  32.489324  32.489921     2.2454   61.63422  -32.89454     4.9573         45 0.0000e+00
      22973    957.168    836.000    826.346     3.6185     3.6180  32.490113  32.490713     2.2446   61.63422  -32.89452     4.9573         44 0.0000e+00
      23020    959.115    838.000    828.319     3.6175     3.6165  32.490016  32.490179     2.2440   61.63422  -32.89452     4.9573         49 0.0000e+00
      23070    961.202    840.000    830.292     3.6169     3.6162  32.490246  32.490712     2.2433   61.63421  -32.89452     4.9573         51 0.0000e+00
      23122    963.376    842.000    832.265     3.6150     3.6146  32.489169  32.489930     2.2426   61.63420  -32.89450     4.9573         51 0.0000e+00
      23169    965.326    844.000    834.238     3.6159     3.6152  32.490984  32.491505     2.2420   61.63420  -32.89450     4.9573         44 0.0000e+00
      23213    967.164    846.000    836.210     3.6167     3.6162  32.492760  32.493144     2.2414   61.63420  -32.89450     4.9573         47 0.0000e+00
      23264    969.278    848.000    838.183     3.6179     3.6174  32.494828  32.495407     2.2409   61.63420  -32.89448     4.9573         51 0.0000e+00
      23309    971.161    850.000    840.156     3.6180     3.6175  32.495847  32.496383     2.2403   61.63418  -32.89448     4.9573         40 0.0000e+00
      23351    972.898    852.000    842.129     3.6184     3.6179  32.497281  32.497823     2.2397   61.63418  -32.89448     4.9573         46 0.0000e+00
      23403    975.094    854.000    844.102     3.6198     3.6191  32.499796  32.500175     2.2385   61.63418  -32.89446     4.9573         56 0.0000e+00
      23453    977.147    856.000    846.075     3.6228     3.6223  32.504017  32.504538     2.2369   61.63418  -32.89445     4.9573         43 0.0000e+00
      23497    979.002    858.000    848.047     3.6226     3.6221  32.504741  32.505255     2.2358   61.63418  -32.89444     4.9573         49 0.0000e+00
      23548    981.139    860.000    850.020     3.6220     3.6217  32.504949  32.505654     2.2354   61.63418  -32.89444     4.9573         51 0.0000e+00
      23598    983.204    862.000    851.993     3.6204     3.6199  32.504156  32.504594     2.2352   61.63417  -32.89442     4.9571         48 0.0000e+00
      23644    985.138    864.000    853.965     3.6165     3.6161  32.500843  32.501959     2.2346   61.63416  -32.89442     4.9570         46 0.0000e+00
      23693    987.165    866.000    855.938     3.6137     3.6136  32.499345  32.500329     2.2338   61.63416  -32.89440     4.9572         51 0.0000e+00
      23741    989.155    868.000    857.911     3.6106     3.6103  32.497101  32.497897     2.2337   61.63416  -32.89440     4.9573         41 0.0000e+00
      23778    990.690    870.000    859.883     3.6092     3.6091  32.496540  32.497534     2.2340   61.63416  -32.89440     4.9573         37 0.0000e+00
      23822    992.528    872.000    861.856     3.6016     3.6015  32.489777  32.491196     2.2343   61.63416  -32.89439     4.9573         55 0.0000e+00
      23892    995.447    874.000    863.829     3.5865     3.5862  32.475670  32.476634     2.2354   61.63415  -32.89436     4.9573         71 0.0000e+00
      23941    997.479    876.000    865.801     3.5801     3.5799  32.470398  32.471252     2.2358   61.63416  -32.89436     4.9573         32 0.0000e+00
      23969    998.652    878.000    867.774     3.5794     3.5789  32.470633  32.471335     2.2356   61.63416  -32.89437     4.9573         28 0.0000e+00
      24000    999.962    880.000    869.746     3.5796     3.5791  32.471899  32.472508     2.2355   61.63416  -32.89436     4.9573         40 0.0000e+00
      24082   1003.380    882.000    871.719     3.5785     3.5773  32.471699  32.471668     2.2347   61.63414  -32.89432     4.9573         58 0.0000e+00
      24128   1005.303    884.000    873.692     3.5763     3.5759  32.470602  32.471294     2.2342   61.63414  -32.89432     4.9573         35 0.0000e+00
      24164   1006.799    886.000    875.664     3.5771     3.5767  32.472541  32.473029     2.2337   61.63414  -32.89432     4.9573         40 0.0000e+00
      24213   1008.834    888.000    877.636     3.5786     3.5781  32.475018  32.475490     2.2329   61.63414  -32.89431     4.9573         54 0.0000e+00
      24261   1010.825    890.000    879.609     3.5804     3.5801  32.477944  32.478369     2.2315   61.63414  -32.89430     4.9573         41 0.0000e+00
      24300   1012.441    892.000    881.581     3.5897     3.5893  32.488605  32.488879     2.2304   61.63412  -32.89429     4.9573         41 0.0000e+00
      24356   1014.797    894.000    883.554     3.5930     3.5926  32.492778  32.493319     2.2292   61.63412  -32.89428     4.9573         66 0.0000e+00
      24408   1016.953    896.000    885.526     3.5924     3.5916  32.493137  32.493235     2.2282   61.63412  -32.89428     4.9573         39 0.0000e+00
      24447   1018.566    898.000    887.498     3.5900     3.5895  32.491400  32.492042     2.2277   61.63412  -32.89428     4.9573         42 0.0000e+00
      24494   1020.553    900.000    889.471     3.5876     3.5877  32.489856  32.491061     2.2278   61.63412  -32.89426     4.9573         54 0.0000e+00
      24554   1023.044    902.000    891.443     3.5829     3.5811  32.486029  32.485222     2.2283   61.63411  -32.89426     4.9573         59 0.0000e+00
      24601   1025.013    904.000    893.415     3.5790     3.5783  32.483160  32.483301     2.2284   61.63410  -32.89426     4.9573         39 0.0000e+00
      24640   1026.613    906.000    895.388     3.5807     3.5804  32.485867  32.486626     2.2283   61.63410  -32.89425     4.9573         41 0.0000e+00
      24692   1028.794    908.000    897.360     3.5732     3.5734  32.479138  32.480612     2.2287   61.63410  -32.89424     4.9573         59 0.0000e+00
      24741   1030.830    910.000    899.332     3.5634     3.5633  32.470130  32.471256     2.2294   61.63410  -32.89425     4.9573         38 0.0000e+00
      24777   1032.328    912.000    901.305     3.5595     3.5591  32.467179  32.467849     2.2300   61.63410  -32.89426     4.9573         39 0.0000e+00
      24839   1034.931    914.000    903.277     3.5532     3.5518  32.461717  32.461342     2.2302   61.63408  -32.89424     4.9573         88 0.0000e+00
      24914   1038.026    916.000    905.249     3.5499     3.5494  32.459365  32.459912     2.2307   61.63408  -32.89424     4.9573         52 0.0000e+00
      24967   1040.258    918.000    907.221     3.5478     3.5473  32.458356  32.458793     2.2310   61.63408  -32.89424     4.9573         69 0.0000e+00
      25088   1045.301    920.000    909.193     3.5476     3.5473  32.459043  32.459607     2.2310   61.63406  -32.89424     4.9572         69 0.0000e+00
      25153   1047.983    922.000    911.166     3.5484     3.5478  32.460788  32.461093     2.2309   61.63406  -32.89424     4.9571         59 0.0000e+00
      25284   1053.469    924.000    913.138     3.5480     3.5477  32.461271  32.461991     2.2307   61.63404  -32.89422     4.9573         71 0.0000e+00
      25346   1056.039    926.000    915.110     3.5457     3.5450  32.459956  32.460267     2.2303   61.63404  -32.89423     4.9573         71 0.0000e+00
      25457   1060.678    928.000    917.082     3.5399     3.5397  32.455088  32.455854     2.2296   61.63402  -32.89422     4.9573         85 0.0000e+00
      25543   1064.257    930.000    919.054     3.5436     3.5428  32.460139  32.460091     2.2280   61.63402  -32.89422     4.9573         88 0.0000e+00
      25652   1068.795    932.000    921.026     3.5451     3.5446  32.462518  32.462982     2.2271   61.63401  -32.89420     4.9573         74 0.0000e+00
      25735   1072.245    934.000    922.998     3.5452     3.5447  32.463619  32.464094     2.2265   61.63400  -32.89419     4.9573         81 0.0000e+00
      25823   1075.901    936.000    924.970     3.5483     3.5481  32.467910  32.468612     2.2256   61.63400  -32.89417     4.9573         68 0.0000e+00
      25936   1080.640    938.000    926.942     3.5445     3.5435  32.464994  32.465082     2.2256   61.63399  -32.89416     4.9570         76 0.0000e+00
      26027   1084.406    940.000    928.914     3.5400     3.5403  32.461324  32.462894     2.2257   61.63399  -32.89415     4.9572         74 0.0000e+00
      26112   1087.973    942.000    930.886     3.5335     3.5335  32.455600  32.456749     2.2272   61.63398  -32.89414     4.9573         68 0.0000e+00
      26204   1091.785    944.000    932.858     3.5265     3.5260  32.449567  32.449988     2.2276   61.63398  -32.89412     4.9571         92 0.0000e+00
      26312   1096.292    946.000    934.830     3.5293     3.5289  32.453463  32.453950     2.2264   61.63398  -32.89411     4.9570         86 0.0000e+00
      26394   1099.711    948.000    936.802     3.5295     3.5291  32.454735  32.455330     2.2260   61.63398  -32.89410     4.9569         84 0.0000e+00
      26490   1103.704    950.000    938.774     3.5258     3.5247  32.451821  32.451987     2.2261   61.63396  -32.89408     4.9571         78 0.0000e+00
      26595   1108.069    952.000    940.746     3.5132     3.5131  32.440213  32.441085     2.2268   61.63396  -32.89408     4.9571         81 0.0000e+00
      26680   1111.625    954.000    942.717     3.5121     3.5113  32.440101  32.440331     2.2268   61.63396  -32.89405     4.9570        110 0.0000e+00
      26774   1115.552    956.000    944.690     3.5076     3.5073  32.436576  32.437262     2.2278   61.63396  -32.89405     4.9569         65 0.0000e+00
      26876   1119.788    958.000    946.661     3.5070     3.5064  32.436888  32.437358     2.2273   61.63394  -32.89403     4.9570         67 0.0000e+00
      26953   1123.007    960.000    948.633     3.5074     3.5069  32.438440  32.438650     2.2267   61.63394  -32.89403     4.9570         63 0.0000e+00
      27061   1127.485    962.000    950.605     3.5083     3.5078  32.440501  32.440939     2.2256   61.63394  -32.89402     4.9569         95 0.0000e+00
      27152   1131.312    964.000    952.577     3.5065     3.5060  32.439498  32.440145     2.2253   61.63394  -32.89402     4.9570         73 0.0000e+00
      27246   1135.224    966.000    954.548     3.5049     3.5045  32.438703  32.439249     2.2252   61.63392  -32.89400     4.9570        110 0.0000e+00
      27329   1138.685    968.000    956.520     3.5008     3.5006  32.435646  32.436391     2.2255   61.63392  -32.89400     4.9569         63 0.0000e+00
      27444   1143.458    970.000    958.492     3.4991     3.4988  32.434831  32.435480     2.2251   61.63391  -32.89398     4.9569         77 0.0000e+00
      27526   1146.876    972.000    960.463     3.4973     3.4969  32.433941  32.434544     2.2254   61.63390  -32.89398     4.9570         68 0.0000e+00
      27617   1150.676    974.000    962.435     3.4967     3.4963  32.434248  32.434778     2.2252   61.63390  -32.89398     4.9570         90 0.0000e+00
      27724   1155.105    976.000    964.407     3.4985     3.4981  32.437000  32.437422     2.2238   61.63390  -32.89397     4.9573         76 0.0000e+00
      27791   1157.928    978.000    966.379     3.5031     3.5028  32.442645  32.443391     2.2228   61.63390  -32.89398     4.9571         64 0.0000e+00
      27923   1163.429    980.000    968.350     3.5001     3.4998  32.440393  32.441080     2.2218   61.63389  -32.89396     4.9570         78 0.0000e+00
      27990   1166.212    982.000    970.322     3.4994     3.4988  32.440732  32.441173     2.2220   61.63388  -32.89395     4.9570         68 0.0000e+00
      28101   1170.836    984.000    972.293     3.4957     3.4952  32.437866  32.438439     2.2224   61.63388  -32.89395     4.9569         60 0.0000e+00
      28175   1173.935    986.000    974.265     3.4933     3.4929  32.436422  32.436867     2.2223   61.63388  -32.89394     4.9569         88 0.0000e+00
      28285   1178.502    988.000    976.236     3.4912     3.4907  32.435175  32.435716     2.2222   61.63386  -32.89394     4.9569         81 0.0000e+00
      28367   1181.901    990.000    978.208     3.4885     3.4880  32.433402  32.433824     2.2218   61.63386  -32.89392     4.9569         94 0.0000e+00
      28473   1186.351    992.000    980.179     3.4888     3.4884  32.434581  32.435128     2.2211   61.63386  -32.89392     4.9569         94 0.0000e+00
      28564   1190.129    994.000    982.151     3.4882     3.4876  32.434976  32.435415     2.2211   61.63385  -32.89391     4.9569        103 0.0000e+00
      28651   1193.745    996.000    984.122     3.4871     3.4864  32.434856  32.435141     2.2208   61.63384  -32.89390     4.9568         70 0.0000e+00
      28759   1198.231    998.000    986.094     3.4865     3.4859  32.435149  32.435483     2.2197   61.63384  -32.89390     4.9570         81 0.0000e+00
      28835   1201.402   1000.000    988.065     3.4848     3.4843  32.434303  32.434825     2.2200   61.63384  -32.89388     4.9570         81 0.0000e+00
      28960   1206.640   1002.000    990.036     3.4821     3.4816  32.432635  32.433199     2.2198   61.63382  -32.89386     4.9568         63 0.0000e+00
      29018   1209.023   1004.000    992.008     3.4805     3.4800  32.431973  32.432443     2.2200   61.63382  -32.89387     4.9570         59 0.0000e+00
      29149   1214.490   1006.000    993.979     3.4795     3.4789  32.431942  32.432269     2.2189   61.63382  -32.89384     4.9569         76 0.0000e+00
      29211   1217.092   1008.000    995.951     3.4862     3.4853  32.439912  32.439665     2.2184   61.63382  -32.89385     4.9569         70 0.0000e+00
      29347   1222.753   1010.000    997.922     3.4953     3.4945  32.450172  32.450217     2.2169   61.63381  -32.89384     4.9568        126 0.0000e+00
      30182   1257.548   1012.000    999.893     3.5058     3.5057  32.461734  32.462440     2.2136   61.63377  -32.89377     4.9569        157 0.0000e+00
