Example_Files/SBE_Processing_Files/Processed_SBE_cast_files/downcasts/dar69-01_010.cnv
* Sea-Bird SBE 9 Data File:
* FileName = D:\data\ar69-01_010.hex
* Software Version Seasave V 7.26.7.107
* Temperature SN = 4491
* Conductivity SN = 3009
* Number of Bytes Per Scan = 44
* Number of Voltage Words = 5
* Number of Scans Averaged by the Deck Unit = 1
* NMEA Latitude = 59 48.41 N
* NMEA Longitude = 040 16.60 W
* NMEA UTC (Time) = Jun 29 2022  14:57:01
** Cruise ID: AR69-01
** Chief Sci:
** Station #: 010
** Site ID: M3
# nquan = 14
# nvalues = 1295                        
# units = specified
# name 0 = scan: Scan Count
# name 1 = timeS: Time, Elapsed [seconds]
# name 2 = prDM: Pressure, Digiquartz [db]
# name 3 = depSM: Depth [salt water, m]
# name 4 = t090C: Temperature [ITS-90, deg C]
# name 5 = t190C: Temperature, 2 [ITS-90, deg C]
# name 6 = c0mS/cm: Conductivity [mS/cm]
# name 7 = c1mS/cm: Conductivity, 2 [mS/cm]
# name 8 = sbeox0V: Oxygen raw, SBE 43 [V]
# name 9 = latitude: Latitude [deg]
# name 10 = longitude: Longitude [deg]
# name 11 = v7: Voltage 7
# name 12 = nbin: number of scans per bin
# name 13 = flag: flag
# span 0 =       1056,      73756       
# span 1 =     43.964,   3073.139       
# span 2 =      4.000,   2592.000       
# span 3 =      3.962,   2551.858       
# span 4 =     1.4946,     6.9179       
# span 5 =     1.4946,     6.9160       
# span 6 =  31.323694,  35.014143       
# span 7 =  31.324611,  35.014686       
# span 8 =     1.8623,     2.8200       
# span 9 =   59.80674,   59.80680       
# span 10 =  -40.27674,  -40.27666      
# span 11 =     4.9560,     4.9573      
# span 12 =          6,        121      
# span 13 = 0.0000e+00, 0.0000e+00      
# interval = decibars: 2                
# start_time = Jun 29 2022 14:57:01 [NMEA time, first data scan]
# bad_flag = -9.990e-29
*END*
[from data line 517]
      28301   1179.152   1038.000   1025.666     3.4033     3.4027  32.374468  32.375698     2.2216   59.80676  -40.27670     4.9567         75 0.0000e+00
      28368   1181.941   1040.000   1027.638     3.4033     3.4028  32.375376  32.376559     2.2215   59.80676  -40.27670     4.9568         46 0.0000e+00
      28410   1183.704   1042.000   1029.609     3.4030     3.4025  32.376004  32.377216     2.2211   59.80676  -40.27670     4.9566         46 0.0000e+00
      28459   1185.737   1044.000   1031.580     3.4029     3.4024  32.376780  32.378058     2.2203   59.80676  -40.27672     4.9566         43 0.0000e+00
      28493   1187.185   1046.000   1033.552     3.4026     3.4022  32.377488  32.378799     2.2196   59.80676  -40.27670     4.9567         31 0.0000e+00
      28531   1188.750   1048.000   1035.523     3.4022     3.4017  32.377889  32.379147     2.2193   59.80676  -40.27669     4.9567         53 0.0000e+00
      28603   1191.760   1050.000   1037.494     3.4019     3.4014  32.378596  32.379774     2.2184   59.80676  -40.27670     4.9567         73 0.0000e+00
      28656   1193.979   1052.000   1039.465     3.4028     3.4024  32.380464  32.381702     2.2180   59.80676  -40.27672     4.9568         40 0.0000e+00
      28690   1195.394   1054.000   1041.436     3.4032     3.4028  32.381883  32.383160     2.2180   59.80676  -40.27671     4.9567         31 0.0000e+00
      28722   1196.704   1056.000   1043.408     3.4042     3.4038  32.383859  32.385124     2.2175   59.80676  -40.27670     4.9568         35 0.0000e+00
      28788   1199.462   1058.000   1045.379     3.4048     3.4043  32.385219  32.386377     2.2162   59.80676  -40.27669     4.9567         57 0.0000e+00
      28842   1201.691   1060.000   1047.350     3.4039     3.4035  32.385307  32.386660     2.2161   59.80676  -40.27671     4.9568         35 0.0000e+00
      28880   1203.281   1062.000   1049.321     3.4026     3.4021  32.384783  32.386090     2.2165   59.80675  -40.27671     4.9567         43 0.0000e+00
      28925   1205.173   1064.000   1051.292     3.3990     3.3986  32.382247  32.383566     2.2162   59.80676  -40.27670     4.9568         46 0.0000e+00
      28976   1207.310   1066.000   1053.263     3.3987     3.3981  32.382847  32.383851     2.2166   59.80676  -40.27670     4.9569         52 0.0000e+00
      29017   1208.997   1068.000   1055.234     3.3995     3.3990  32.384724  32.385758     2.2156   59.80676  -40.27670     4.9568         32 0.0000e+00
      29053   1210.487   1070.000   1057.205     3.4005     3.4000  32.386539  32.387671     2.2146   59.80676  -40.27670     4.9568         46 0.0000e+00
      29132   1213.810   1072.000   1059.177     3.4012     3.4007  32.387991  32.389125     2.2138   59.80676  -40.27670     4.9567         91 0.0000e+00
      29186   1216.047   1074.000   1061.148     3.4018     3.4013  32.389730  32.390887     2.2135   59.80676  -40.27670     4.9568         29 0.0000e+00
      29211   1217.073   1076.000   1063.119     3.4018     3.4014  32.390671  32.392031     2.2123   59.80676  -40.27670     4.9567         24 0.0000e+00
      29238   1218.209   1078.000   1065.090     3.4013     3.4009  32.391197  32.392451     2.2119   59.80676  -40.27670     4.9568         34 0.0000e+00
      29309   1221.171   1080.000   1067.061     3.4013     3.4010  32.392055  32.393323     2.2117   59.80675  -40.27670     4.9567         67 0.0000e+00
      29366   1223.561   1082.000   1069.031     3.4014     3.4009  32.393042  32.394264     2.2117   59.80676  -40.27671     4.9567         38 0.0000e+00
      29400   1224.956   1084.000   1071.002     3.4016     3.4012  32.394316  32.395453     2.2113   59.80676  -40.27670     4.9567         31 0.0000e+00
      29433   1226.315   1086.000   1072.973     3.4022     3.4018  32.395738  32.396990     2.2107   59.80675  -40.27670     4.9567         37 0.0000e+00
      29493   1228.826   1088.000   1074.944     3.4025     3.4020  32.396726  32.397913     2.2089   59.80675  -40.27669     4.9567         81 0.0000e+00
      29557   1231.516   1090.000   1076.915     3.4027     3.4023  32.397997  32.399209     2.2077   59.80676  -40.27671     4.9568         44 0.0000e+00
      29594   1233.058   1092.000   1078.886     3.4035     3.4030  32.399864  32.401096     2.2082   59.80676  -40.27672     4.9567         33 0.0000e+00
      29626   1234.374   1094.000   1080.857     3.4030     3.4025  32.400278  32.401463     2.2086   59.80676  -40.27670     4.9567         32 0.0000e+00
      29678   1236.554   1096.000   1082.828     3.4034     3.4030  32.401490  32.402794     2.2073   59.80676  -40.27669     4.9568         60 0.0000e+00
      29757   1239.832   1098.000   1084.798     3.4038     3.4034  32.402821  32.404100     2.2047   59.80676  -40.27670     4.9568         35 0.0000e+00
      29785   1241.007   1100.000   1086.769     3.4059     3.4055  32.405844  32.407105     2.2051   59.80676  -40.27670     4.9567         29 0.0000e+00
      29817   1242.342   1102.000   1088.740     3.4044     3.4036  32.404974  32.406084     2.2052   59.80676  -40.27670     4.9566         37 0.0000e+00
      29863   1244.252   1104.000   1090.711     3.4016     3.4012  32.403238  32.404517     2.2054   59.80676  -40.27668     4.9566         55 0.0000e+00
      29925   1246.829   1106.000   1092.681     3.4005     3.4001  32.402909  32.404281     2.2052   59.80676  -40.27669     4.9566         67 0.0000e+00
      29981   1249.161   1108.000   1094.652     3.4004     3.3998  32.403841  32.404907     2.2042   59.80676  -40.27670     4.9567         40 0.0000e+00
      30015   1250.598   1110.000   1096.623     3.4017     3.4012  32.406146  32.407318     2.2037   59.80676  -40.27670     4.9566         33 0.0000e+00
      30051   1252.090   1112.000   1098.593     3.4022     3.4018  32.407494  32.408712     2.2037   59.80676  -40.27668     4.9567         41 0.0000e+00
      30107   1254.434   1114.000   1100.564     3.4031     3.4025  32.409236  32.410212     2.2027   59.80676  -40.27668     4.9569         77 0.0000e+00
      30175   1257.236   1116.000   1102.535     3.4040     3.4036  32.411229  32.412311     2.2024   59.80676  -40.27670     4.9567         43 0.0000e+00
      30208   1258.643   1118.000   1104.505     3.4047     3.4043  32.412911  32.414090     2.2027   59.80676  -40.27670     4.9567         32 0.0000e+00
      30244   1260.109   1120.000   1106.476     3.4055     3.4051  32.414507  32.415812     2.2026   59.80676  -40.27670     4.9567         40 0.0000e+00
      30298   1262.383   1122.000   1108.446     3.4066     3.4061  32.416510  32.417605     2.2015   59.80676  -40.27668     4.9567         70 0.0000e+00
      30357   1264.818   1124.000   1110.417     3.4081     3.4076  32.419067  32.420079     2.2002   59.80676  -40.27670     4.9567         41 0.0000e+00
      30393   1266.345   1126.000   1112.388     3.4095     3.4090  32.421379  32.422524     2.1999   59.80676  -40.27670     4.9568         37 0.0000e+00
      30437   1268.152   1128.000   1114.358     3.4100     3.4096  32.422786  32.424077     2.1998   59.80676  -40.27669     4.9568         49 0.0000e+00
      30484   1270.125   1130.000   1116.328     3.4079     3.4075  32.421609  32.422856     2.1993   59.80676  -40.27668     4.9567         45 0.0000e+00
      30535   1272.262   1132.000   1118.299     3.4077     3.4072  32.422311  32.423429     2.1986   59.80676  -40.27668     4.9567         63 0.0000e+00
      30596   1274.785   1134.000   1120.270     3.4068     3.4064  32.422248  32.423587     2.1978   59.80676  -40.27670     4.9567         45 0.0000e+00
      30632   1276.277   1136.000   1122.240     3.4031     3.4028  32.419379  32.421007     2.1973   59.80676  -40.27670     4.9568         34 0.0000e+00
      30677   1278.164   1138.000   1124.210     3.4029     3.4023  32.420111  32.421227     2.1969   59.80676  -40.27669     4.9568         68 0.0000e+00
      30744   1280.946   1140.000   1126.181     3.4032     3.4028  32.421417  32.422588     2.1963   59.80676  -40.27669     4.9566         45 0.0000e+00
      30777   1282.337   1142.000   1128.151     3.4040     3.4035  32.423096  32.424240     2.1957   59.80677  -40.27670     4.9567         32 0.0000e+00
      30810   1283.691   1144.000   1130.122     3.4045     3.4041  32.424478  32.425720     2.1956   59.80676  -40.27669     4.9567         34 0.0000e+00
      30861   1285.816   1146.000   1132.092     3.4067     3.4063  32.427576  32.428735     2.1944   59.80676  -40.27668     4.9568         79 0.0000e+00
      30933   1288.825   1148.000   1134.062     3.4075     3.4070  32.429367  32.430464     2.1936   59.80676  -40.27670     4.9568         44 0.0000e+00
      30967   1290.246   1150.000   1136.033     3.4075     3.4072  32.430190  32.431645     2.1932   59.80676  -40.27670     4.9567         34 0.0000e+00
      31005   1291.823   1152.000   1138.003     3.4073     3.4068  32.430881  32.432100     2.1921   59.80676  -40.27669     4.9568         42 0.0000e+00
      31047   1293.577   1154.000   1139.973     3.4086     3.4086  32.433204  32.434710     2.1914   59.80676  -40.27668     4.9567         40 0.0000e+00
      31107   1296.071   1156.000   1141.943     3.4101     3.4098  32.435556  32.436797     2.1898   59.80677  -40.27669     4.9567         61 0.0000e+00
      31174   1298.866   1158.000   1143.914     3.4133     3.4129  32.440043  32.441092     2.1882   59.80678  -40.27670     4.9568         33 0.0000e+00
      31205   1300.161   1160.000   1145.884     3.4143     3.4139  32.441830  32.443104     2.1882   59.80676  -40.27670     4.9568         33 0.0000e+00
      31239   1301.571   1162.000   1147.854     3.4145     3.4140  32.442883  32.444082     2.1885   59.80676  -40.27668     4.9567         35 0.0000e+00
      31277   1303.168   1164.000   1149.824     3.4147     3.4143  32.443903  32.445149     2.1884   59.80678  -40.27668     4.9567         44 0.0000e+00
      31344   1305.965   1166.000   1151.794     3.4151     3.4146  32.445092  32.446259     2.1869   59.80676  -40.27669     4.9567         81 0.0000e+00
      31403   1308.408   1168.000   1153.765     3.4159     3.4155  32.446892  32.448134     2.1872   59.80677  -40.27670     4.9567         39 0.0000e+00
      31438   1309.891   1170.000   1155.735     3.4149     3.4146  32.446778  32.448201     2.1869   59.80678  -40.27670     4.9567         36 0.0000e+00
      31476   1311.471   1172.000   1157.705     3.4138     3.4132  32.446516  32.447693     2.1865   59.80676  -40.27669     4.9567         42 0.0000e+00
      31522   1313.386   1174.000   1159.675     3.4128     3.4124  32.446469  32.447663     2.1860   59.80676  -40.27668     4.9567         50 0.0000e+00
      31581   1315.817   1176.000   1161.645     3.4124     3.4118  32.446810  32.447897     2.1858   59.80676  -40.27670     4.9567         62 0.0000e+00
      31633   1318.008   1178.000   1163.615     3.4112     3.4107  32.446604  32.447761     2.1852   59.80676  -40.27670     4.9568         44 0.0000e+00
      31674   1319.720   1180.000   1165.585     3.4113     3.4105  32.447629  32.448419     2.1848   59.80676  -40.27670     4.9567         40 0.0000e+00
      31716   1321.468   1182.000   1167.555     3.4095     3.4091  32.446607  32.447803     2.1843   59.80676  -40.27670     4.9567         46 0.0000e+00
      31773   1323.832   1184.000   1169.525     3.4088     3.4084  32.446741  32.447910     2.1837   59.80676  -40.27670     4.9567         64 0.0000e+00
      31826   1326.027   1186.000   1171.495     3.4080     3.4074  32.446775  32.447839     2.1837   59.80676  -40.27672     4.9568         39 0.0000e+00
      31859   1327.416   1188.000   1173.465     3.4074     3.4068  32.446983  32.448156     2.1840   59.80676  -40.27671     4.9568         32 0.0000e+00
      31899   1329.075   1190.000   1175.435     3.4053     3.4043  32.445628  32.446404     2.1837   59.80676  -40.27671     4.9567         57 0.0000e+00
      31969   1331.986   1192.000   1177.405     3.4005     3.3996  32.441553  32.442303     2.1826   59.80676  -40.27672     4.9567         55 0.0000e+00
      32007   1333.573   1194.000   1179.375     3.3990     3.3990  32.441044  32.442734     2.1826   59.80674  -40.27672     4.9566         40 0.0000e+00
      32053   1335.501   1196.000   1181.345     3.3978     3.3974  32.440652  32.441793     2.1829   59.80676  -40.27672     4.9567         52 0.0000e+00
      32102   1337.542   1198.000   1183.315     3.3974     3.3969  32.441181  32.442200     2.1830   59.80675  -40.27671     4.9567         44 0.0000e+00
      32152   1339.609   1200.000   1185.284     3.3975     3.3971  32.442074  32.443273     2.1821   59.80674  -40.27671     4.9567         58 0.0000e+00
      32202   1341.724   1202.000   1187.254     3.3976     3.3972  32.443362  32.444535     2.1808   59.80674  -40.27672     4.9567         39 0.0000e+00
      32239   1343.270   1204.000   1189.224     3.3993     3.3987  32.446170  32.447069     2.1799   59.80675  -40.27672     4.9568         40 0.0000e+00
      32288   1345.281   1206.000   1191.194     3.4020     3.4015  32.449916  32.450897     2.1794   59.80674  -40.27670     4.9567         55 0.0000e+00
      32341   1347.514   1208.000   1193.164     3.4035     3.4033  32.452330  32.453743     2.1783   59.80674  -40.27672     4.9567         50 0.0000e+00
      32389   1349.486   1210.000   1195.133     3.4009     3.4003  32.450437  32.451452     2.1772   59.80674  -40.27672     4.9567         48 0.0000e+00
      32436   1351.467   1212.000   1197.103     3.4009     3.4004  32.451268  32.452345     2.1765   59.80675  -40.27671     4.9568         43 0.0000e+00
      32475   1353.074   1214.000   1199.073     3.4029     3.4025  32.454332  32.455438     2.1767   59.80676  -40.27672     4.9568         36 0.0000e+00
      32513   1354.680   1216.000   1201.043     3.4033     3.4027  32.455444  32.456425     2.1764   59.80674  -40.27671     4.9567         47 0.0000e+00
      32607   1358.579   1218.000   1203.012     3.4046     3.4043  32.457703  32.458801     2.1741   59.80676  -40.27672     4.9567         49 0.0000e+00
      32641   1359.983   1220.000   1204.982     3.4079     3.4075  32.462116  32.463220     2.1743   59.80674  -40.27672     4.9568         27 0.0000e+00
      32665   1361.008   1222.000   1206.951     3.4078     3.4073  32.462809  32.463912     2.1743   59.80674  -40.27672     4.9567         24 0.0000e+00
      32692   1362.124   1224.000   1208.921     3.4088     3.4087  32.464804  32.466110     2.1741   59.80674  -40.27670     4.9567         32 0.0000e+00
      32776   1365.627   1226.000   1210.891     3.4130     3.4136  32.470268  32.471905     2.1716   59.80676  -40.27671     4.9567         50 0.0000e+00
      32820   1367.449   1228.000   1212.860     3.4186     3.4177  32.476829  32.477267     2.1703   59.80676  -40.27672     4.9567         34 0.0000e+00
      32858   1369.049   1230.000   1214.830     3.4209     3.4205  32.479950  32.481064     2.1694   59.80676  -40.27672     4.9567         44 0.0000e+00
      32903   1370.933   1232.000   1216.800     3.4218     3.4214  32.481889  32.483028     2.1686   59.80676  -40.27672     4.9567         42 0.0000e+00
      32944   1372.646   1234.000   1218.769     3.4219     3.4215  32.482819  32.484020     2.1685   59.80676  -40.27670     4.9567         45 0.0000e+00
      33004   1375.143   1236.000   1220.739     3.4209     3.4204  32.482608  32.483780     2.1683   59.80676  -40.27670     4.9567         68 0.0000e+00
      33061   1377.488   1238.000   1222.708     3.4178     3.4173  32.480392  32.481515     2.1672   59.80677  -40.27671     4.9567         47 0.0000e+00
      33105   1379.323   1240.000   1224.677     3.4190     3.4185  32.482713  32.483707     2.1660   59.80676  -40.27671     4.9567         40 0.0000e+00
