Example_Files/SBE_Processing_Files/Processed_SBE_cast_files/downcasts/dar69-01_013.cnv
* Sea-Bird SBE 9 Data File:
* FileName = D:\data\ar69-01_013.hex
* Software Version Seasave V 7.26.7.107
* Temperature SN = 4491
* Conductivity SN = 3009
* Number of Bytes Per Scan = 44
* Number of Voltage Words = 5
* Number of Scans Averaged by the Deck Unit = 1
* NMEA Latitude = 59 58.35 N
* NMEA Longitude = 039 30.42 W
* NMEA UTC (Time) = Jul 01 2022  16:41:48
** Cruise ID: AR69-01
** Chief Sci:
** Station #: 013
** Site ID: Irminger HYPM
# nquan = 14
# nvalues = 1320                        
# units = specified
# name 0 = scan: Scan Count
# name 1 = timeS: Time, Elapsed [seconds]
# name 2 = prDM: Pressure, Digiquartz [db]
# name 3 = depSM: Depth [salt water, m]
# name 4 = t090C: Temperature [ITS-90, deg C]
# name 5 = t190C: Temperature, 2 [ITS-90, deg C]
# name 6 = c0mS/cm: Conductivity [mS/cm]
# name 7 = c1mS/cm: Conductivity, 2 [mS/cm]
# name 8 = sbeox0V: Oxygen raw, SBE 43 [V]
# name 9 = latitude: Latitude [deg]
# name 10 = longitude: Longitude [deg]
# name 11 = v7: Voltage 7
# name 12 = nbin: number of scans per bin
# name 13 = flag: flag
# span 0 =       2520,      71633       
# span 1 =    104.965,   2984.679       
# span 2 =      4.000,   2642.000       
# span 3 =      3.963,   2600.748       
# span 4 =     1.6157,     7.0705       
# span 5 =     1.6157,     7.0705       
# span 6 =  31.461283,  35.143696       
# span 7 =  31.461942,  35.146484       
# span 8 =     1.8560,     2.8388       
# span 9 =   59.97192,   59.97244       
# span 10 =  -39.50690,  -39.50608      
# span 11 =     4.9560,     4.9573      
# span 12 =          1,        116      
# span 13 = 0.0000e+00, 0.0000e+00      
# interval = decibars: 2                
# start_time = Jul 01 2022 16:41:48 [NMEA time, first data scan]
# bad_flag = -9.990e-29
*END*
[from data line 723]
      38488   1603.608   1450.000   1431.351     3.4751     3.4749  32.645142  32.646117     2.0752   59.97200  -39.50624     4.9567         32 0.0000e+00
      38520   1604.972   1452.000   1433.318     3.4765     3.4762  32.647747  32.648546     2.0743   59.97202  -39.50623     4.9569         34 0.0000e+00
      38563   1606.756   1454.000   1435.286     3.4775     3.4772  32.649892  32.650847     2.0732   59.97202  -39.50623     4.9567         57 0.0000e+00
      38627   1609.407   1456.000   1437.253     3.4768     3.4765  32.650056  32.651051     2.0716   59.97201  -39.50624     4.9567         58 0.0000e+00
      38674   1611.373   1458.000   1439.221     3.4775     3.4773  32.651905  32.652854     2.0708   59.97200  -39.50624     4.9567         42 0.0000e+00
      38715   1613.085   1460.000   1441.188     3.4790     3.4787  32.654447  32.655383     2.0705   59.97202  -39.50622     4.9568         41 0.0000e+00
      38762   1615.052   1462.000   1443.156     3.4775     3.4773  32.653841  32.654900     2.0698   59.97201  -39.50623     4.9568         56 0.0000e+00
      38816   1617.308   1464.000   1445.123     3.4767     3.4765  32.654150  32.655073     2.0686   59.97200  -39.50624     4.9566         47 0.0000e+00
      38858   1619.035   1466.000   1447.091     3.4789     3.4786  32.657652  32.658412     2.0673   59.97201  -39.50624     4.9565         39 0.0000e+00
      38899   1620.752   1468.000   1449.058     3.4789     3.4786  32.658602  32.659686     2.0667   59.97201  -39.50624     4.9568         46 0.0000e+00
      38953   1622.992   1470.000   1451.025     3.4766     3.4763  32.657267  32.658227     2.0659   59.97200  -39.50624     4.9563         55 0.0000e+00
      38999   1624.927   1472.000   1452.992     3.4757     3.4754  32.657283  32.658288     2.0651   59.97200  -39.50624     4.9568         41 0.0000e+00
      39046   1626.878   1474.000   1454.959     3.4743     3.4740  32.656947  32.657938     2.0643   59.97200  -39.50624     4.9567         56 0.0000e+00
      39100   1629.121   1476.000   1456.927     3.4736     3.4733  32.657078  32.658091     2.0634   59.97200  -39.50624     4.9566         45 0.0000e+00
      39139   1630.758   1478.000   1458.894     3.4731     3.4728  32.657749  32.658657     2.0628   59.97200  -39.50624     4.9567         39 0.0000e+00
      39189   1632.828   1480.000   1460.861     3.4741     3.4738  32.659793  32.660653     2.0622   59.97200  -39.50624     4.9567         61 0.0000e+00
      39245   1635.168   1482.000   1462.828     3.4747     3.4743  32.661353  32.662242     2.0611   59.97200  -39.50625     4.9567         45 0.0000e+00
      39285   1636.821   1484.000   1464.796     3.4751     3.4750  32.662779  32.663779     2.0609   59.97200  -39.50626     4.9565         39 0.0000e+00
      39327   1638.594   1486.000   1466.763     3.4772     3.4769  32.665976  32.666957     2.0602   59.97200  -39.50624     4.9566         48 0.0000e+00
      39379   1640.752   1488.000   1468.730     3.4754     3.4751  32.665090  32.666070     2.0592   59.97200  -39.50625     4.9568         52 0.0000e+00
      39428   1642.811   1490.000   1470.697     3.4748     3.4745  32.665563  32.666462     2.0580   59.97200  -39.50627     4.9567         47 0.0000e+00
      39473   1644.681   1492.000   1472.664     3.4750     3.4747  32.666937  32.667818     2.0571   59.97200  -39.50626     4.9565         43 0.0000e+00
      39517   1646.512   1494.000   1474.631     3.4751     3.4748  32.667994  32.668972     2.0564   59.97200  -39.50626     4.9566         47 0.0000e+00
      39567   1648.563   1496.000   1476.599     3.4761     3.4759  32.670434  32.671167     2.0549   59.97200  -39.50627     4.9569         51 0.0000e+00
      39621   1650.853   1498.000   1478.565     3.4816     3.4814  32.677196  32.678089     2.0535   59.97200  -39.50628     4.9568         57 0.0000e+00
      39672   1652.977   1500.000   1480.533     3.4804     3.4801  32.676982  32.678007     2.0526   59.97200  -39.50628     4.9569         46 0.0000e+00
      39718   1654.866   1502.000   1482.500     3.4792     3.4789  32.676898  32.677972     2.0510   59.97200  -39.50628     4.9566         44 0.0000e+00
      39759   1656.587   1504.000   1484.467     3.4783     3.4780  32.677192  32.678154     2.0496   59.97200  -39.50630     4.9568         38 0.0000e+00
      39797   1658.172   1506.000   1486.434     3.4780     3.4777  32.678011  32.679015     2.0490   59.97200  -39.50630     4.9566         41 0.0000e+00
      39849   1660.344   1508.000   1488.401     3.4779     3.4776  32.678845  32.679765     2.0481   59.97200  -39.50629     4.9567         68 0.0000e+00
      39916   1663.109   1510.000   1490.367     3.4777     3.4774  32.679674  32.680641     2.0466   59.97200  -39.50630     4.9569         50 0.0000e+00
      39954   1664.726   1512.000   1492.335     3.4773     3.4771  32.680369  32.681436     2.0464   59.97200  -39.50631     4.9561         35 0.0000e+00
      39990   1666.198   1514.000   1494.301     3.4769     3.4766  32.680987  32.681895     2.0463   59.97200  -39.50632     4.9563         38 0.0000e+00
      40039   1668.259   1516.000   1496.268     3.4759     3.4756  32.681141  32.682042     2.0459   59.97200  -39.50630     4.9565         64 0.0000e+00
      40103   1670.903   1518.000   1498.235     3.4755     3.4752  32.681539  32.682469     2.0446   59.97200  -39.50631     4.9570         53 0.0000e+00
      40145   1672.680   1520.000   1500.202     3.4748     3.4746  32.681871  32.682787     2.0440   59.97200  -39.50632     4.9569         36 0.0000e+00
      40179   1674.071   1522.000   1502.169     3.4751     3.4749  32.683140  32.684135     2.0434   59.97200  -39.50632     4.9566         34 0.0000e+00
      40235   1676.420   1524.000   1504.136     3.4751     3.4748  32.683907  32.684835     2.0426   59.97200  -39.50631     4.9565         79 0.0000e+00
      40294   1678.869   1526.000   1506.103     3.4753     3.4750  32.685094  32.686188     2.0416   59.97200  -39.50632     4.9566         34 0.0000e+00
      40325   1680.177   1528.000   1508.069     3.4744     3.4741  32.685199  32.686299     2.0416   59.97200  -39.50632     4.9568         33 0.0000e+00
      40365   1681.828   1530.000   1510.036     3.4720     3.4717  32.683709  32.684859     2.0412   59.97200  -39.50631     4.9568         49 0.0000e+00
      40425   1684.324   1532.000   1512.003     3.4665     3.4662  32.679179  32.680135     2.0407   59.97200  -39.50631     4.9567         62 0.0000e+00
      40475   1686.437   1534.000   1513.970     3.4644     3.4641  32.678203  32.679098     2.0396   59.97200  -39.50632     4.9567         43 0.0000e+00
      40518   1688.217   1536.000   1515.936     3.4672     3.4668  32.682073  32.682834     2.0386   59.97200  -39.50630     4.9565         43 0.0000e+00
      40563   1690.069   1538.000   1517.903     3.4672     3.4669  32.683056  32.683953     2.0380   59.97200  -39.50631     4.9565         47 0.0000e+00
      40610   1692.048   1540.000   1519.870     3.4667     3.4664  32.683465  32.684306     2.0379   59.97200  -39.50630     4.9566         47 0.0000e+00
      40658   1694.047   1542.000   1521.836     3.4663     3.4660  32.683864  32.684849     2.0371   59.97200  -39.50630     4.9567         50 0.0000e+00
      40712   1696.287   1544.000   1523.803     3.4658     3.4655  32.684203  32.685109     2.0366   59.97200  -39.50630     4.9567         54 0.0000e+00
      40759   1698.239   1546.000   1525.770     3.4648     3.4645  32.684120  32.685099     2.0364   59.97200  -39.50629     4.9566         42 0.0000e+00
      40801   1700.021   1548.000   1527.736     3.4618     3.4616  32.682275  32.683319     2.0355   59.97200  -39.50628     4.9567         44 0.0000e+00
      40845   1701.827   1550.000   1529.703     3.4610     3.4606  32.682882  32.683793     2.0348   59.97200  -39.50630     4.9567         43 0.0000e+00
      40891   1703.736   1552.000   1531.670     3.4606     3.4604  32.683469  32.684310     2.0345   59.97201  -39.50629     4.9566         52 0.0000e+00
      40949   1706.174   1554.000   1533.636     3.4600     3.4599  32.683764  32.684741     2.0337   59.97202  -39.50628     4.9565         58 0.0000e+00
      40997   1708.178   1556.000   1535.603     3.4592     3.4590  32.684013  32.684923     2.0330   59.97202  -39.50628     4.9566         41 0.0000e+00
      41036   1709.794   1558.000   1537.569     3.4592     3.4590  32.684950  32.685793     2.0326   59.97202  -39.50628     4.9565         37 0.0000e+00
      41074   1711.371   1560.000   1539.536     3.4592     3.4589  32.685805  32.686641     2.0326   59.97202  -39.50628     4.9564         41 0.0000e+00
      41151   1714.601   1562.000   1541.502     3.4594     3.4589  32.686830  32.687594     2.0305   59.97202  -39.50626     4.9565         53 0.0000e+00
      41198   1716.534   1564.000   1543.468     3.4586     3.4584  32.687506  32.688548     2.0297   59.97202  -39.50626     4.9566         25 0.0000e+00
      41223   1717.571   1566.000   1545.435     3.4566     3.4565  32.686759  32.687848     2.0294   59.97202  -39.50626     4.9566         27 0.0000e+00
      41265   1719.339   1568.000   1547.401     3.4558     3.4554  32.686948  32.687703     2.0288   59.97202  -39.50625     4.9567         66 0.0000e+00
      41337   1722.337   1570.000   1549.368     3.4557     3.4553  32.687790  32.688585     2.0275   59.97202  -39.50624     4.9568         47 0.0000e+00
      41374   1723.856   1572.000   1551.334     3.4550     3.4548  32.688131  32.689161     2.0270   59.97202  -39.50624     4.9566         35 0.0000e+00
      41409   1725.326   1574.000   1553.301     3.4539     3.4537  32.688306  32.689189     2.0267   59.97202  -39.50624     4.9565         38 0.0000e+00
      41458   1727.369   1576.000   1555.267     3.4538     3.4535  32.689050  32.689900     2.0261   59.97202  -39.50623     4.9567         64 0.0000e+00
      41520   1729.942   1578.000   1557.233     3.4534     3.4531  32.689585  32.690443     2.0248   59.97202  -39.50623     4.9565         50 0.0000e+00
      41564   1731.804   1580.000   1559.200     3.4522     3.4520  32.689448  32.690352     2.0241   59.97202  -39.50622     4.9567         43 0.0000e+00
      41608   1733.618   1582.000   1561.166     3.4494     3.4491  32.687695  32.688633     2.0235   59.97202  -39.50622     4.9566         45 0.0000e+00
      41653   1735.500   1584.000   1563.132     3.4475     3.4472  32.686797  32.687595     2.0231   59.97202  -39.50622     4.9566         45 0.0000e+00
      41700   1737.462   1586.000   1565.098     3.4458     3.4455  32.686018  32.686917     2.0226   59.97202  -39.50622     4.9567         50 0.0000e+00
      41753   1739.660   1588.000   1567.065     3.4435     3.4432  32.684828  32.685636     2.0217   59.97202  -39.50620     4.9567         53 0.0000e+00
      41801   1741.685   1590.000   1569.031     3.4417     3.4414  32.684188  32.685230     2.0212   59.97202  -39.50620     4.9565         44 0.0000e+00
      41842   1743.364   1592.000   1570.997     3.4392     3.4389  32.683036  32.683991     2.0208   59.97202  -39.50620     4.9568         39 0.0000e+00
      41884   1745.129   1594.000   1572.963     3.4360     3.4356  32.681160  32.682110     2.0199   59.97202  -39.50620     4.9568         48 0.0000e+00
      41941   1747.508   1596.000   1574.930     3.4347     3.4344  32.680995  32.681833     2.0191   59.97202  -39.50620     4.9566         62 0.0000e+00
      41995   1749.733   1598.000   1576.896     3.4346     3.4343  32.682072  32.682790     2.0182   59.97202  -39.50619     4.9567         46 0.0000e+00
      42038   1751.557   1600.000   1578.862     3.4355     3.4352  32.684457  32.685288     2.0173   59.97202  -39.50618     4.9566         42 0.0000e+00
      42081   1753.328   1602.000   1580.828     3.4357     3.4354  32.685860  32.686604     2.0162   59.97202  -39.50619     4.9565         44 0.0000e+00
      42130   1755.385   1604.000   1582.794     3.4366     3.4362  32.687876  32.688728     2.0154   59.97202  -39.50618     4.9568         54 0.0000e+00
      42181   1757.493   1606.000   1584.760     3.4327     3.4325  32.685110  32.686082     2.0147   59.97202  -39.50618     4.9566         46 0.0000e+00
      42226   1759.386   1608.000   1586.726     3.4316     3.4313  32.684967  32.685826     2.0142   59.97202  -39.50618     4.9566         46 0.0000e+00
      42271   1761.236   1610.000   1588.692     3.4308     3.4305  32.685134  32.685923     2.0136   59.97202  -39.50618     4.9568         42 0.0000e+00
      42315   1763.095   1612.000   1590.658     3.4289     3.4286  32.684158  32.685064     2.0129   59.97202  -39.50618     4.9566         50 0.0000e+00
      42371   1765.400   1614.000   1592.624     3.4272     3.4269  32.683455  32.684255     2.0123   59.97200  -39.50618     4.9567         54 0.0000e+00
      42415   1767.253   1616.000   1594.590     3.4262     3.4259  32.683473  32.684277     2.0120   59.97200  -39.50618     4.9567         40 0.0000e+00
      42461   1769.148   1618.000   1596.556     3.4264     3.4262  32.684381  32.685287     2.0115   59.97200  -39.50618     4.9566         51 0.0000e+00
      42510   1771.202   1620.000   1598.522     3.4263     3.4260  32.685134  32.686009     2.0112   59.97200  -39.50618     4.9567         44 0.0000e+00
      42553   1773.003   1622.000   1600.488     3.4254     3.4252  32.685209  32.686120     2.0108   59.97200  -39.50618     4.9566         48 0.0000e+00
      42611   1775.405   1624.000   1602.454     3.4244     3.4241  32.685277  32.686045     2.0094   59.97200  -39.50618     4.9565         61 0.0000e+00
      42661   1777.494   1626.000   1604.420     3.4236     3.4234  32.685507  32.686353     2.0088   59.97200  -39.50618     4.9568         42 0.0000e+00
      42700   1779.133   1628.000   1606.386     3.4234     3.4232  32.686269  32.687163     2.0088   59.97199  -39.50618     4.9568         37 0.0000e+00
      42738   1780.708   1630.000   1608.352     3.4211     3.4208  32.684849  32.685772     2.0088   59.97200  -39.50618     4.9566         41 0.0000e+00
      42796   1783.123   1632.000   1610.317     3.4168     3.4160  32.681412  32.681785     2.0074   59.97200  -39.50618     4.9566         72 0.0000e+00
      42852   1785.478   1634.000   1612.283     3.4152     3.4148  32.680840  32.681519     2.0067   59.97198  -39.50618     4.9567         38 0.0000e+00
      42885   1786.849   1636.000   1614.249     3.4155     3.4152  32.682177  32.683056     2.0069   59.97198  -39.50618     4.9565         32 0.0000e+00
      42924   1788.473   1638.000   1616.215     3.4101     3.4100  32.677636  32.678922     2.0067   59.97199  -39.50617     4.9566         51 0.0000e+00
      43009   1792.012   1640.000   1618.181     3.4068     3.4051  32.675214  32.674849     2.0055   59.97198  -39.50616     4.9566         48 0.0000e+00
      43039   1793.235   1642.000   1620.146     3.4040     3.4037  32.673597  32.674533     2.0056   59.97198  -39.50616     4.9566         28 0.0000e+00
      43068   1794.475   1644.000   1622.112     3.4029     3.4029  32.673593  32.674589     2.0055   59.97198  -39.50616     4.9567         33 0.0000e+00
      43128   1796.939   1646.000   1624.078     3.4027     3.4020  32.674067  32.674551     2.0049   59.97198  -39.50616     4.9567         60 0.0000e+00
      43193   1799.679   1648.000   1626.044     3.4021     3.4020  32.674757  32.675584     2.0044   59.97198  -39.50616     4.9567         33 0.0000e+00
      43223   1800.898   1650.000   1628.009     3.4020     3.4018  32.675560  32.676762     2.0043   59.97198  -39.50616     4.9568         29 0.0000e+00
      43255   1802.240   1652.000   1629.975     3.4005     3.4003  32.675192  32.676021     2.0037   59.97198  -39.50616     4.9568         37 0.0000e+00
