Example_Files/SBE_Processing_Files/Processed_SBE_cast_files/downcasts/dar69-01_007.cnv
* Sea-Bird SBE 9 Data File:
* FileName = D:\data\ar69-01_007.hex
* Software Version Seasave V 7.26.7.107
* Temperature SN = 4491
* Conductivity SN = 3009
* Number of Bytes Per Scan = 44
* Number of Voltage Words = 5
* Number of Scans Averaged by the Deck Unit = 1
* NMEA Latitude = 53 54.62 N
* NMEA Longitude = 045 23.76 W
* NMEA UTC (Time) = Jun 26 2022  15:18:37
** Cruise ID: AR69-01
** Chief Sci:
** Station #: 007
** Site ID: Transit - cal. dip (optodes + microcats)
# nquan = 14
# nvalues = 1728                        
# units = specified
# name 0 = scan: Scan Count
# name 1 = timeS: Time, Elapsed [seconds]
# name 2 = prDM: Pressure, Digiquartz [db]
# name 3 = depSM: Depth [salt water, m]
# name 4 = t090C: Temperature [ITS-90, deg C]
# name 5 = t190C: Temperature, 2 [ITS-90, deg C]
# name 6 = c0mS/cm: Conductivity [mS/cm]
# name 7 = c1mS/cm: Conductivity, 2 [mS/cm]
# name 8 = sbeox0V: Oxygen raw, SBE 43 [V]
# name 9 = latitude: Latitude [deg]
# name 10 = longitude: Longitude [deg]
# name 11 = v7: Voltage 7
# name 12 = nbin: number of scans per bin
# name 13 = flag: flag
# span 0 =       1235,     103072       
# span 1 =     51.420,   4294.607       
# span 2 =      4.000,   3458.000       
# span 3 =      3.963,   3399.353       
# span 4 =     2.4735,     9.1711       
# span 5 =     2.4731,     9.1680       
# span 6 =  32.161924,  36.886268       
# span 7 =  32.166635,  36.888329       
# span 8 =     1.6596,     2.8852       
# span 9 =   53.90745,   53.91040       
# span 10 =  -45.39600,  -45.39556      
# span 11 =     4.9560,     4.9573      
# span 12 =          1,        122      
# span 13 = 0.0000e+00, 0.0000e+00      
# interval = decibars: 2                
# start_time = Jun 26 2022 15:18:37 [NMEA time, first data scan]
# bad_flag = -9.990e-29
*END*
[from data line 1136]
      57986   2416.029   2276.000   2243.517     3.2877     3.2875  32.830816  32.831944     1.8704   53.90848  -45.39572     4.9560         81 0.0000e+00
      58053   2418.814   2278.000   2245.478     3.2872     3.2871  32.831392  32.832404     1.8696   53.90848  -45.39572     4.9560         42 0.0000e+00
      58088   2420.292   2280.000   2247.439     3.2860     3.2859  32.831176  32.832393     1.8693   53.90848  -45.39572     4.9560         35 0.0000e+00
      58123   2421.758   2282.000   2249.400     3.2843     3.2842  32.830383  32.831591     1.8692   53.90848  -45.39572     4.9560         37 0.0000e+00
      58169   2423.653   2284.000   2251.361     3.2812     3.2812  32.828099  32.829453     1.8688   53.90848  -45.39573     4.9560         56 0.0000e+00
      58232   2426.294   2286.000   2253.322     3.2762     3.2763  32.824183  32.825503     1.8681   53.90847  -45.39573     4.9560         63 0.0000e+00
      58282   2428.395   2288.000   2255.283     3.2751     3.2750  32.824280  32.825382     1.8676   53.90847  -45.39572     4.9560         41 0.0000e+00
      58323   2430.089   2290.000   2257.243     3.2752     3.2752  32.825158  32.826181     1.8670   53.90846  -45.39572     4.9560         43 0.0000e+00
      58368   2431.964   2292.000   2259.204     3.2751     3.2750  32.825924  32.827035     1.8670   53.90846  -45.39572     4.9560         44 0.0000e+00
      58408   2433.624   2294.000   2261.165     3.2745     3.2744  32.826225  32.827312     1.8668   53.90846  -45.39572     4.9560         37 0.0000e+00
      58455   2435.568   2296.000   2263.126     3.2739     3.2737  32.826420  32.827514     1.8661   53.90846  -45.39572     4.9560         68 0.0000e+00
      58531   2438.742   2298.000   2265.087     3.2724     3.2723  32.825860  32.826987     1.8657   53.90846  -45.39572     4.9560         53 0.0000e+00
      58562   2440.029   2300.000   2267.048     3.2700     3.2701  32.824560  32.825878     1.8655   53.90846  -45.39572     4.9560         29 0.0000e+00
      58593   2441.341   2302.000   2269.008     3.2668     3.2668  32.822351  32.823705     1.8653   53.90846  -45.39572     4.9560         36 0.0000e+00
      58648   2443.621   2304.000   2270.969     3.2647     3.2646  32.821145  32.822304     1.8647   53.90846  -45.39572     4.9560         74 0.0000e+00
      58712   2446.295   2306.000   2272.930     3.2623     3.2622  32.819783  32.821027     1.8637   53.90846  -45.39572     4.9560         45 0.0000e+00
      58750   2447.867   2308.000   2274.891     3.2591     3.2591  32.817594  32.819033     1.8633   53.90846  -45.39572     4.9560         37 0.0000e+00
      58790   2449.542   2310.000   2276.851     3.2566     3.2565  32.815926  32.816928     1.8629   53.90844  -45.39572     4.9560         46 0.0000e+00
      58841   2451.666   2312.000   2278.812     3.2555     3.2553  32.815412  32.816557     1.8622   53.90845  -45.39572     4.9560         51 0.0000e+00
      58888   2453.610   2314.000   2280.772     3.2540     3.2539  32.814903  32.816129     1.8620   53.90846  -45.39572     4.9560         44 0.0000e+00
      58931   2455.415   2316.000   2282.733     3.2537     3.2537  32.815756  32.816955     1.8619   53.90844  -45.39571     4.9560         44 0.0000e+00
      58979   2457.435   2318.000   2284.694     3.2534     3.2534  32.816397  32.817604     1.8615   53.90844  -45.39570     4.9560         54 0.0000e+00
      59035   2459.752   2320.000   2286.654     3.2534     3.2533  32.817476  32.818544     1.8608   53.90844  -45.39570     4.9560         52 0.0000e+00
      59080   2461.608   2322.000   2288.615     3.2538     3.2537  32.819354  32.820474     1.8603   53.90844  -45.39570     4.9560         40 0.0000e+00
      59120   2463.284   2324.000   2290.575     3.2535     3.2535  32.820016  32.821203     1.8598   53.90844  -45.39570     4.9560         42 0.0000e+00
      59168   2465.272   2326.000   2292.536     3.2512     3.2510  32.818795  32.819955     1.8595   53.90844  -45.39570     4.9560         54 0.0000e+00
      59225   2467.648   2328.000   2294.496     3.2475     3.2474  32.816048  32.817266     1.8588   53.90844  -45.39570     4.9560         56 0.0000e+00
      59273   2469.677   2330.000   2296.457     3.2470     3.2470  32.816449  32.817588     1.8587   53.90844  -45.39570     4.9560         42 0.0000e+00
      59314   2471.362   2332.000   2298.417     3.2468     3.2468  32.817058  32.818225     1.8583   53.90842  -45.39570     4.9560         43 0.0000e+00
      59364   2473.473   2334.000   2300.378     3.2463     3.2462  32.817320  32.818505     1.8578   53.90842  -45.39570     4.9560         56 0.0000e+00
      59413   2475.508   2336.000   2302.339     3.2412     3.2412  32.813508  32.814774     1.8575   53.90842  -45.39570     4.9560         39 0.0000e+00
      59451   2477.071   2338.000   2304.299     3.2375     3.2376  32.810795  32.812123     1.8572   53.90842  -45.39570     4.9560         39 0.0000e+00
      59500   2479.125   2340.000   2306.259     3.2349     3.2349  32.808972  32.810169     1.8567   53.90842  -45.39570     4.9560         61 0.0000e+00
      59556   2481.449   2342.000   2308.220     3.2351     3.2349  32.810220  32.811149     1.8561   53.90842  -45.39570     4.9560         46 0.0000e+00
      59600   2483.312   2344.000   2310.180     3.2327     3.2327  32.808843  32.810172     1.8557   53.90842  -45.39570     4.9560         47 0.0000e+00
      59648   2485.290   2346.000   2312.141     3.2285     3.2283  32.805338  32.806653     1.8556   53.90842  -45.39570     4.9560         46 0.0000e+00
      59691   2487.075   2348.000   2314.101     3.2218     3.2217  32.799562  32.800731     1.8557   53.90842  -45.39570     4.9560         41 0.0000e+00
      59739   2489.100   2350.000   2316.061     3.2165     3.2164  32.794839  32.796124     1.8557   53.90841  -45.39570     4.9560         62 0.0000e+00
      59804   2491.799   2352.000   2318.021     3.2123     3.2125  32.791437  32.792845     1.8557   53.90840  -45.39570     4.9560         51 0.0000e+00
      59840   2493.298   2354.000   2319.981     3.2086     3.2088  32.788489  32.789989     1.8562   53.90840  -45.39570     4.9560         31 0.0000e+00
      59872   2494.641   2356.000   2321.942     3.2032     3.2033  32.783836  32.785128     1.8562   53.90840  -45.39570     4.9560         36 0.0000e+00
      59923   2496.761   2358.000   2323.903     3.1998     3.1996  32.780975  32.782057     1.8560   53.90840  -45.39570     4.9560         69 0.0000e+00
      59987   2499.399   2360.000   2325.863     3.1913     3.1912  32.773355  32.774737     1.8562   53.90840  -45.39570     4.9560         47 0.0000e+00
      60027   2501.098   2362.000   2327.823     3.1850     3.1850  32.767995  32.769293     1.8566   53.90840  -45.39570     4.9560         39 0.0000e+00
      60067   2502.740   2364.000   2329.783     3.1815     3.1812  32.765518  32.766537     1.8566   53.90840  -45.39570     4.9560         41 0.0000e+00
      60113   2504.685   2366.000   2331.743     3.1734     3.1733  32.758496  32.759682     1.8567   53.90840  -45.39570     4.9560         55 0.0000e+00
      60171   2507.067   2368.000   2333.703     3.1695     3.1693  32.755578  32.756607     1.8567   53.90840  -45.39570     4.9560         54 0.0000e+00
      60221   2509.161   2370.000   2335.663     3.1653     3.1651  32.752546  32.753685     1.8567   53.90840  -45.39570     4.9560         47 0.0000e+00
      60263   2510.901   2372.000   2337.624     3.1637     3.1637  32.752102  32.753204     1.8567   53.90840  -45.39570     4.9560         37 0.0000e+00
      60299   2512.429   2374.000   2339.584     3.1638     3.1638  32.752894  32.753964     1.8564   53.90838  -45.39570     4.9560         39 0.0000e+00
      60353   2514.668   2376.000   2341.544     3.1640     3.1639  32.753809  32.754865     1.8558   53.90839  -45.39570     4.9560         69 0.0000e+00
      60410   2517.024   2378.000   2343.504     3.1638     3.1638  32.754505  32.755659     1.8550   53.90839  -45.39570     4.9560         38 0.0000e+00
      60445   2518.482   2380.000   2345.464     3.1631     3.1631  32.754707  32.755881     1.8547   53.90838  -45.39570     4.9560         37 0.0000e+00
      60489   2520.342   2382.000   2347.424     3.1616     3.1615  32.754123  32.755223     1.8544   53.90838  -45.39570     4.9560         54 0.0000e+00
      60544   2522.620   2384.000   2349.384     3.1601     3.1600  32.753547  32.754699     1.8541   53.90838  -45.39570     4.9560         52 0.0000e+00
      60596   2524.811   2386.000   2351.344     3.1579     3.1577  32.752444  32.753434     1.8534   53.90838  -45.39570     4.9560         55 0.0000e+00
      60647   2526.907   2388.000   2353.304     3.1551     3.1551  32.750681  32.751896     1.8529   53.90838  -45.39570     4.9560         41 0.0000e+00
      60682   2528.396   2390.000   2355.264     3.1529     3.1529  32.749696  32.750859     1.8529   53.90838  -45.39570     4.9560         34 0.0000e+00
      60721   2529.981   2392.000   2357.224     3.1507     3.1506  32.748345  32.749536     1.8526   53.90838  -45.39570     4.9560         48 0.0000e+00
      60795   2533.090   2394.000   2359.184     3.1487     3.1485  32.747281  32.748268     1.8516   53.90838  -45.39570     4.9560         75 0.0000e+00
      60840   2534.943   2396.000   2361.144     3.1484     3.1485  32.748026  32.749306     1.8513   53.90838  -45.39570     4.9560         33 0.0000e+00
      60871   2536.232   2398.000   2363.104     3.1483     3.1484  32.748826  32.749929     1.8513   53.90838  -45.39570     4.9560         31 0.0000e+00
      60906   2537.724   2400.000   2365.063     3.1486     3.1485  32.749774  32.750753     1.8512   53.90838  -45.39570     4.9560         44 0.0000e+00
      60976   2540.623   2402.000   2367.023     3.1474     3.1473  32.749326  32.750406     1.8502   53.90838  -45.39570     4.9560         81 0.0000e+00
      61030   2542.872   2404.000   2368.983     3.1461     3.1460  32.749118  32.750227     1.8496   53.90838  -45.39570     4.9560         35 0.0000e+00
      61063   2544.237   2406.000   2370.943     3.1392     3.1393  32.743735  32.745260     1.8495   53.90838  -45.39570     4.9560         33 0.0000e+00
      61101   2545.842   2408.000   2372.903     3.1349     3.1350  32.740772  32.742008     1.8492   53.90838  -45.39570     4.9560         47 0.0000e+00
      61158   2548.220   2410.000   2374.863     3.1337     3.1338  32.740484  32.741626     1.8487   53.90838  -45.39570     4.9560         61 0.0000e+00
      61216   2550.617   2412.000   2376.822     3.1323     3.1323  32.740104  32.741163     1.8481   53.90836  -45.39570     4.9560         57 0.0000e+00
      61267   2552.744   2414.000   2378.782     3.1307     3.1307  32.739558  32.740692     1.8478   53.90836  -45.39570     4.9560         40 0.0000e+00
      61301   2554.153   2416.000   2380.742     3.1303     3.1303  32.740086  32.741234     1.8476   53.90836  -45.39570     4.9560         32 0.0000e+00
      61333   2555.520   2418.000   2382.702     3.1301     3.1302  32.741068  32.742128     1.8473   53.90836  -45.39570     4.9560         36 0.0000e+00
      61395   2558.076   2420.000   2384.661     3.1312     3.1312  32.743454  32.744437     1.8458   53.90836  -45.39570     4.9560         70 0.0000e+00
      61462   2560.871   2422.000   2386.621     3.1318     3.1318  32.745316  32.746270     1.8445   53.90836  -45.39570     4.9560         34 0.0000e+00
      61492   2562.123   2424.000   2388.581     3.1318     3.1319  32.746240  32.747368     1.8442   53.90836  -45.39570     4.9560         32 0.0000e+00
      61529   2563.663   2426.000   2390.540     3.1309     3.1309  32.746257  32.747360     1.8437   53.90836  -45.39570     4.9560         45 0.0000e+00
      61587   2566.064   2428.000   2392.500     3.1302     3.1302  32.746272  32.747339     1.8427   53.90836  -45.39570     4.9560         62 0.0000e+00
      61637   2568.176   2430.000   2394.460     3.1299     3.1300  32.747017  32.748011     1.8424   53.90836  -45.39570     4.9560         41 0.0000e+00
      61675   2569.769   2432.000   2396.419     3.1272     3.1273  32.745174  32.746367     1.8425   53.90836  -45.39570     4.9560         40 0.0000e+00
      61732   2572.117   2434.000   2398.379     3.1248     3.1248  32.743554  32.744677     1.8418   53.90836  -45.39570     4.9560         70 0.0000e+00
      61787   2574.405   2436.000   2400.338     3.1243     3.1244  32.743962  32.745124     1.8414   53.90836  -45.39570     4.9560         36 0.0000e+00
      61819   2575.753   2438.000   2402.298     3.1236     3.1237  32.744188  32.745283     1.8412   53.90836  -45.39570     4.9560         33 0.0000e+00
      61858   2577.356   2440.000   2404.257     3.1213     3.1214  32.742773  32.743965     1.8408   53.90836  -45.39569     4.9560         48 0.0000e+00
      61919   2579.915   2442.000   2406.217     3.1172     3.1173  32.739601  32.740840     1.8403   53.90836  -45.39569     4.9560         63 0.0000e+00
      61965   2581.837   2444.000   2408.177     3.1136     3.1137  32.737192  32.738287     1.8403   53.90835  -45.39570     4.9560         37 0.0000e+00
      62008   2583.615   2446.000   2410.136     3.1128     3.1129  32.737182  32.738321     1.8402   53.90834  -45.39569     4.9560         53 0.0000e+00
      62067   2586.079   2448.000   2412.095     3.1113     3.1114  32.736511  32.737615     1.8402   53.90834  -45.39569     4.9560         53 0.0000e+00
      62107   2587.755   2450.000   2414.055     3.1099     3.1100  32.735968  32.737182     1.8398   53.90835  -45.39570     4.9560         36 0.0000e+00
      62146   2589.365   2452.000   2416.014     3.1092     3.1093  32.736119  32.737235     1.8396   53.90834  -45.39569     4.9560         44 0.0000e+00
      62201   2591.681   2454.000   2417.974     3.1082     3.1082  32.735848  32.736924     1.8390   53.90834  -45.39570     4.9560         62 0.0000e+00
      62255   2593.903   2456.000   2419.933     3.1058     3.1060  32.734469  32.735604     1.8386   53.90834  -45.39569     4.9560         44 0.0000e+00
      62297   2595.646   2458.000   2421.892     3.1050     3.1051  32.734530  32.735607     1.8382   53.90834  -45.39570     4.9560         42 0.0000e+00
      62338   2597.367   2460.000   2423.852     3.1023     3.1024  32.732816  32.734107     1.8378   53.90834  -45.39570     4.9560         40 0.0000e+00
      62380   2599.114   2462.000   2425.811     3.1015     3.1015  32.732920  32.733994     1.8378   53.90834  -45.39570     4.9560         46 0.0000e+00
      62439   2601.566   2464.000   2427.770     3.1013     3.1013  32.733435  32.734440     1.8373   53.90834  -45.39570     4.9560         69 0.0000e+00
      62494   2603.860   2466.000   2429.730     3.1007     3.1009  32.733820  32.734927     1.8370   53.90834  -45.39570     4.9560         39 0.0000e+00
      62529   2605.326   2468.000   2431.689     3.1000     3.1001  32.733943  32.735082     1.8368   53.90833  -45.39570     4.9560         36 0.0000e+00
      62573   2607.160   2470.000   2433.648     3.0986     3.0987  32.733543  32.734683     1.8362   53.90832  -45.39569     4.9560         56 0.0000e+00
      62634   2609.695   2472.000   2435.607     3.0984     3.0984  32.734341  32.735390     1.8353   53.90832  -45.39570     4.9560         54 0.0000e+00
      62677   2611.504   2474.000   2437.567     3.0999     3.1000  32.736777  32.737823     1.8347   53.90832  -45.39570     4.9560         40 0.0000e+00
      62721   2613.347   2476.000   2439.526     3.0992     3.0995  32.737313  32.738583     1.8343   53.90832  -45.39570     4.9560         49 0.0000e+00
      62771   2615.402   2478.000   2441.485     3.0987     3.0988  32.737790  32.738817     1.8337   53.90832  -45.39570     4.9560         45 0.0000e+00
