Example_Files/SBE_Processing_Files/Processed_SBE_cast_files/downcasts/dar69-01_023.cnv
* Sea-Bird SBE 9 Data File:
* FileName = D:\data\ar69-01_023.hex
* Software Version Seasave V 7.26.7.107
* Temperature SN = 4491
* Conductivity SN = 3009
* Number of Bytes Per Scan = 44
* Number of Voltage Words = 5
* Number of Scans Averaged by the Deck Unit = 1
* NMEA Latitude = 61 38.10 N
* NMEA Longitude = 032 53.76 W
* NMEA UTC (Time) = Jul 13 2022  09:38:05
** Cruise ID: AR69-01
** Chief Sci:
** Station #: 023
** Site ID: LADCP test
# nquan = 14
# nvalues = 505                         
# units = specified
# name 0 = scan: Scan Count
# name 1 = timeS: Time, Elapsed [seconds]
# name 2 = prDM: Pressure, Digiquartz [db]
# name 3 = depSM: Depth [salt water, m]
# name 4 = t090C: Temperature [ITS-90, deg C]
# name 5 = t190C: Temperature, 2 [ITS-90, deg C]
# name 6 = c0mS/cm: Conductivity [mS/cm]
# name 7 = c1mS/cm: Conductivity, 2 [mS/cm]
# name 8 = sbeox0V: Oxygen raw, SBE 43 [V]
# name 9 = latitude: Latitude [deg]
# name 10 = longitude: Longitude [deg]
# name 11 = v7: Voltage 7
# name 12 = nbin: number of scans per bin
# name 13 = flag: flag
# span 0 =        136,      30182       
# span 1 =      5.608,   1257.548       
# span 2 =      4.000,   1012.000       
# span 3 =      3.961,    999.893       
# span 4 =     3.4795,     9.4997       
# span 5 =     3.4789,     9.4993       
# span 6 =  32.421691,  37.470495       
# span 7 =  32.420877,  37.471445       
# span 8 =     2.2136,     2.7862       
# span 9 =   61.63377,   61.63505       
# span 10 =  -32.89598,  -32.89377      
# span 11 =     4.9568,     4.9573      
# span 12 =          1,        157      
# span 13 = 0.0000e+00, 0.0000e+00      
# interval = decibars: 2                
# start_time = Jul 13 2022 09:38:05 [NMEA time, first data scan]
# bad_flag = -9.990e-29
*END*
[from data line 207]
      12966    540.189    418.000    413.588     4.1596     4.1597  32.812743  32.816111     2.3169   61.63494  -32.89582     4.9573         42 0.0000e+00
      13020    542.461    420.000    415.565     4.1412     4.1404  32.795896  32.796528     2.3188   61.63494  -32.89582     4.9573         68 0.0000e+00
      13081    545.018    422.000    417.541     4.1323     4.1311  32.787860  32.788262     2.3246   61.63494  -32.89580     4.9573         46 0.0000e+00
      13120    546.626    424.000    419.518     4.1097     4.1088  32.765236  32.767993     2.3282   61.63494  -32.89580     4.9573         37 0.0000e+00
      13159    548.242    426.000    421.495     4.0654     4.0656  32.722862  32.724837     2.3298   61.63494  -32.89580     4.9573         42 0.0000e+00
      13205    550.179    428.000    423.472     4.0595     4.0587  32.717796  32.718682     2.3321   61.63494  -32.89580     4.9573         54 0.0000e+00
      13264    552.614    430.000    425.449     4.0476     4.0474  32.707062  32.708555     2.3347   61.63494  -32.89579     4.9573         54 0.0000e+00
      13309    554.499    432.000    427.425     4.0409     4.0403  32.701520  32.702545     2.3349   61.63493  -32.89578     4.9573         41 0.0000e+00
      13352    556.283    434.000    429.402     4.0366     4.0360  32.698302  32.699196     2.3345   61.63492  -32.89578     4.9573         46 0.0000e+00
      13405    558.492    436.000    431.379     4.0350     4.0344  32.697804  32.698543     2.3342   61.63492  -32.89577     4.9573         60 0.0000e+00
      13459    560.767    438.000    433.356     4.0325     4.0321  32.696123  32.697734     2.3352   61.63492  -32.89576     4.9573         42 0.0000e+00
      13494    562.226    440.000    435.332     4.0123     4.0121  32.677439  32.678809     2.3342   61.63492  -32.89576     4.9573         34 0.0000e+00
      13535    563.914    442.000    437.309     4.0249     4.0246  32.692075  32.692471     2.3330   61.63492  -32.89576     4.9573         53 0.0000e+00
      13603    566.732    444.000    439.286     4.0275     4.0276  32.695607  32.697409     2.3359   61.63492  -32.89574     4.9573         66 0.0000e+00
      13651    568.734    446.000    441.262     4.0011     4.0006  32.669800  32.672043     2.3412   61.63492  -32.89574     4.9573         38 0.0000e+00
      13686    570.208    448.000    443.239     3.9781     3.9759  32.647498  32.647248     2.3483   61.63492  -32.89574     4.9573         36 0.0000e+00
      13728    571.943    450.000    445.216     3.9602     3.9607  32.629820  32.633245     2.3572   61.63492  -32.89574     4.9573         48 0.0000e+00
      13781    574.154    452.000    447.192     3.9160     3.9161  32.586948  32.588923     2.3651   61.63492  -32.89572     4.9573         56 0.0000e+00
      13833    576.335    454.000    449.169     3.9029     3.9027  32.574637  32.576475     2.3704   61.63490  -32.89572     4.9573         49 0.0000e+00
      13882    578.380    456.000    451.145     3.8904     3.8885  32.563412  32.562910     2.3736   61.63490  -32.89571     4.9573         48 0.0000e+00
      13927    580.250    458.000    453.122     3.8858     3.8846  32.559713  32.559978     2.3750   61.63490  -32.89570     4.9573         45 0.0000e+00
      13977    582.332    460.000    455.098     3.8775     3.8768  32.552613  32.553495     2.3752   61.63490  -32.89570     4.9573         50 0.0000e+00
      14021    584.155    462.000    457.075     3.8737     3.8735  32.550526  32.551543     2.3751   61.63490  -32.89570     4.9573         40 0.0000e+00
      14064    585.967    464.000    459.051     3.8755     3.8749  32.553409  32.554193     2.3744   61.63490  -32.89570     4.9573         52 0.0000e+00
      14125    588.487    466.000    461.028     3.8691     3.8687  32.548116  32.549242     2.3749   61.63490  -32.89568     4.9573         57 0.0000e+00
      14169    590.341    468.000    463.004     3.8636     3.8636  32.543781  32.545228     2.3745   61.63490  -32.89568     4.9573         39 0.0000e+00
      14210    592.043    470.000    464.980     3.8598     3.8593  32.541181  32.541885     2.3718   61.63490  -32.89568     4.9573         43 0.0000e+00
      14255    593.911    472.000    466.957     3.8647     3.8643  32.547653  32.548287     2.3696   61.63489  -32.89567     4.9573         49 0.0000e+00
      14310    596.225    474.000    468.933     3.8646     3.8644  32.548335  32.549574     2.3693   61.63488  -32.89566     4.9573         56 0.0000e+00
      14358    598.217    476.000    470.910     3.8622     3.8620  32.546899  32.547957     2.3703   61.63488  -32.89566     4.9573         42 0.0000e+00
      14398    599.882    478.000    472.886     3.8516     3.8506  32.536861  32.537855     2.3714   61.63488  -32.89566     4.9573         41 0.0000e+00
      14446    601.885    480.000    474.862     3.8422     3.8416  32.528709  32.529435     2.3720   61.63488  -32.89566     4.9573         58 0.0000e+00
      14511    604.601    482.000    476.839     3.8424     3.8417  32.529862  32.530304     2.3657   61.63487  -32.89565     4.9573         61 0.0000e+00
      14558    606.522    484.000    478.815     3.8605     3.8593  32.550492  32.549018     2.3589   61.63486  -32.89564     4.9573         36 0.0000e+00
      14591    607.904    486.000    480.791     3.8772     3.8781  32.568466  32.570063     2.3559   61.63486  -32.89564     4.9573         34 0.0000e+00
      14630    609.546    488.000    482.767     3.8854     3.8849  32.577504  32.578145     2.3535   61.63486  -32.89564     4.9573         46 0.0000e+00
      14687    611.908    490.000    484.744     3.8868     3.8848  32.579697  32.578899     2.3513   61.63486  -32.89564     4.9573         67 0.0000e+00
      14749    614.504    492.000    486.720     3.8893     3.8879  32.583358  32.582487     2.3471   61.63485  -32.89563     4.9573         49 0.0000e+00
      14788    616.109    494.000    488.696     3.8933     3.8929  32.588974  32.589644     2.3419   61.63484  -32.89562     4.9573         33 0.0000e+00
      14824    617.624    496.000    490.672     3.9100     3.9093  32.607300  32.607271     2.3373   61.63484  -32.89563     4.9573         46 0.0000e+00
      14880    619.942    498.000    492.648     3.9259     3.9256  32.624470  32.625203     2.3312   61.63484  -32.89564     4.9573         56 0.0000e+00
      14929    622.007    500.000    494.624     3.9308     3.9303  32.630485  32.631005     2.3274   61.63484  -32.89563     4.9573         49 0.0000e+00
      14979    624.091    502.000    496.601     3.9299     3.9296  32.630557  32.631649     2.3256   61.63482  -32.89562     4.9573         49 0.0000e+00
      15025    626.002    504.000    498.576     3.9279     3.9281  32.629422  32.630962     2.3249   61.63482  -32.89562     4.9573         43 0.0000e+00
      15070    627.877    506.000    500.553     3.9244     3.9237  32.626653  32.627364     2.3258   61.63482  -32.89562     4.9573         49 0.0000e+00
      15121    629.989    508.000    502.529     3.9149     3.9146  32.617663  32.619434     2.3323   61.63482  -32.89562     4.9573         49 0.0000e+00
      15166    631.886    510.000    504.505     3.8802     3.8786  32.583305  32.584983     2.3420   61.63482  -32.89560     4.9573         44 0.0000e+00
      15212    633.795    512.000    506.481     3.8241     3.8232  32.528566  32.529915     2.3481   61.63482  -32.89560     4.9573         47 0.0000e+00
      15258    635.721    514.000    508.457     3.8192     3.8188  32.524900  32.525733     2.3509   61.63480  -32.89560     4.9573         46 0.0000e+00
      15313    638.019    516.000    510.433     3.8179     3.8176  32.524536  32.525506     2.3523   61.63480  -32.89559     4.9573         64 0.0000e+00
      15366    640.207    518.000    512.409     3.8162     3.8156  32.523904  32.524626     2.3527   61.63480  -32.89558     4.9573         36 0.0000e+00
      15397    641.480    520.000    514.385     3.8159     3.8156  32.524780  32.525554     2.3534   61.63480  -32.89558     4.9573         30 0.0000e+00
      15446    643.521    522.000    516.361     3.8162     3.8151  32.525781  32.526102     2.3533   61.63480  -32.89557     4.9573         76 0.0000e+00
      15522    646.720    524.000    518.336     3.8155     3.8144  32.526122  32.526347     2.3518   61.63480  -32.89556     4.9573         46 0.0000e+00
      15554    648.049    526.000    520.312     3.8140     3.8137  32.525787  32.526551     2.3511   61.63480  -32.89556     4.9573         29 0.0000e+00
      15583    649.257    528.000    522.288     3.8184     3.8180  32.531306  32.531972     2.3508   61.63480  -32.89556     4.9573         31 0.0000e+00
      15635    651.420    530.000    524.264     3.8151     3.8139  32.528757  32.528889     2.3507   61.63480  -32.89555     4.9573         83 0.0000e+00
      15710    654.522    532.000    526.240     3.8101     3.8086  32.524558  32.524679     2.3521   61.63478  -32.89552     4.9573         44 0.0000e+00
      15741    655.829    534.000    528.216     3.8036     3.8032  32.519291  32.520203     2.3534   61.63478  -32.89552     4.9573         29 0.0000e+00
      15771    657.087    536.000    530.192     3.8001     3.7997  32.516580  32.517746     2.3539   61.63478  -32.89552     4.9573         33 0.0000e+00
      15820    659.139    538.000    532.167     3.7966     3.7961  32.514094  32.514904     2.3536   61.63478  -32.89551     4.9573         73 0.0000e+00
      15896    662.273    540.000    534.143     3.7962     3.7957  32.514650  32.515391     2.3528   61.63478  -32.89550     4.9573         57 0.0000e+00
      15936    663.970    542.000    536.119     3.7966     3.7961  32.516155  32.516765     2.3538   61.63478  -32.89548     4.9573         35 0.0000e+00
      15970    665.384    544.000    538.094     3.7919     3.7915  32.512347  32.513600     2.3546   61.63478  -32.89548     4.9573         35 0.0000e+00
      16014    667.221    546.000    540.070     3.7825     3.7821  32.504133  32.505134     2.3558   61.63478  -32.89548     4.9573         58 0.0000e+00
      16076    669.801    548.000    542.046     3.7800     3.7797  32.502804  32.503694     2.3552   61.63477  -32.89547     4.9573         54 0.0000e+00
      16121    671.659    550.000    544.022     3.7802     3.7792  32.504265  32.504221     2.3530   61.63477  -32.89546     4.9573         40 0.0000e+00
      16162    673.379    552.000    545.997     3.7968     3.7972  32.522605  32.523621     2.3503   61.63478  -32.89546     4.9573         44 0.0000e+00
      16207    675.239    554.000    547.973     3.7995     3.8019  32.526047  32.529683     2.3474   61.63477  -32.89546     4.9573         43 0.0000e+00
      16251    677.064    556.000    549.948     3.8061     3.8067  32.534066  32.535861     2.3456   61.63476  -32.89545     4.9573         49 0.0000e+00
      16311    679.591    558.000    551.924     3.8049     3.8044  32.533632  32.534563     2.3446   61.63476  -32.89542     4.9573         66 0.0000e+00
      16364    681.802    560.000    553.900     3.7998     3.7995  32.529469  32.530570     2.3449   61.63476  -32.89544     4.9573         40 0.0000e+00
      16401    683.316    562.000    555.875     3.7948     3.7943  32.525544  32.526402     2.3452   61.63476  -32.89543     4.9573         37 0.0000e+00
      16445    685.183    564.000    557.851     3.7918     3.7913  32.523421  32.524236     2.3453   61.63476  -32.89542     4.9573         54 0.0000e+00
      16500    687.465    566.000    559.826     3.7897     3.7892  32.522325  32.523151     2.3452   61.63475  -32.89542     4.9573         54 0.0000e+00
      16551    689.595    568.000    561.801     3.7894     3.7891  32.523156  32.523886     2.3439   61.63474  -32.89542     4.9573         45 0.0000e+00
      16591    691.259    570.000    563.777     3.7908     3.7902  32.525632  32.526247     2.3428   61.63474  -32.89540     4.9573         38 0.0000e+00
      16636    693.129    572.000    565.752     3.7906     3.7902  32.526512  32.527334     2.3416   61.63474  -32.89540     4.9573         53 0.0000e+00
      16687    695.259    574.000    567.728     3.7887     3.7883  32.525961  32.526678     2.3394   61.63474  -32.89540     4.9573         45 0.0000e+00
      16732    697.111    576.000    569.703     3.7891     3.7886  32.527586  32.528284     2.3370   61.63472  -32.89540     4.9573         49 0.0000e+00
      16785    699.329    578.000    571.679     3.7896     3.7891  32.529104  32.529872     2.3353   61.63474  -32.89540     4.9573         53 0.0000e+00
      16833    701.320    580.000    573.654     3.7884     3.7880  32.528953  32.529689     2.3341   61.63472  -32.89540     4.9573         45 0.0000e+00
      16881    703.313    582.000    575.629     3.7872     3.7867  32.528665  32.529428     2.3338   61.63472  -32.89539     4.9573         52 0.0000e+00
      16932    705.462    584.000    577.605     3.7867     3.7863  32.529205  32.529885     2.3331   61.63472  -32.89538     4.9573         47 0.0000e+00
      16975    707.254    586.000    579.580     3.7868     3.7864  32.530064  32.530946     2.3318   61.63472  -32.89538     4.9573         42 0.0000e+00
      17020    709.113    588.000    581.555     3.7851     3.7847  32.529544  32.530353     2.3302   61.63472  -32.89538     4.9573         49 0.0000e+00
      17073    711.318    590.000    583.531     3.7843     3.7838  32.529646  32.530303     2.3287   61.63471  -32.89538     4.9573         53 0.0000e+00
      17119    713.265    592.000    585.506     3.7835     3.7831  32.530117  32.530883     2.3272   61.63470  -32.89536     4.9573         41 0.0000e+00
      17161    714.996    594.000    587.481     3.7831     3.7826  32.530919  32.531654     2.3265   61.63470  -32.89536     4.9573         45 0.0000e+00
      17214    717.194    596.000    589.456     3.7795     3.7789  32.528298  32.528998     2.3256   61.63470  -32.89536     4.9573         58 0.0000e+00
      17266    719.388    598.000    591.431     3.7773     3.7770  32.527228  32.528236     2.3255   61.63470  -32.89536     4.9573         45 0.0000e+00
      17306    721.062    600.000    593.407     3.7741     3.7735  32.524962  32.525656     2.3248   61.63470  -32.89536     4.9573         40 0.0000e+00
      17357    723.182    602.000    595.382     3.7713     3.7708  32.523059  32.523891     2.3234   61.63468  -32.89534     4.9573         61 0.0000e+00
      17413    725.482    604.000    597.357     3.7719     3.7714  32.525049  32.525716     2.3219   61.63468  -32.89534     4.9573         46 0.0000e+00
      17456    727.304    606.000    599.332     3.7712     3.7707  32.525665  32.526232     2.3208   61.63468  -32.89534     4.9573         43 0.0000e+00
      17499    729.077    608.000    601.307     3.7722     3.7717  32.527763  32.528403     2.3190   61.63468  -32.89533     4.9573         43 0.0000e+00
      17546    731.056    610.000    603.282     3.7742     3.7737  32.530922  32.531565     2.3158   61.63468  -32.89532     4.9573         54 0.0000e+00
      17598    733.224    612.000    605.257     3.7795     3.7789  32.537694  32.538071     2.3118   61.63468  -32.89532     4.9573         46 0.0000e+00
      17641    735.005    614.000    607.233     3.7828     3.7822  32.542120  32.542615     2.3087   61.63468  -32.89532     4.9573         42 0.0000e+00
      17689    736.993    616.000    609.207     3.7824     3.7819  32.543295  32.543987     2.3063   61.63467  -32.89531     4.9573         55 0.0000e+00
      17747    739.405    618.000    611.182     3.7813     3.7804  32.543232  32.543594     2.3043   61.63466  -32.89528     4.9573         56 0.0000e+00
      17796    741.453    620.000    613.157     3.7799     3.7791  32.542837  32.543298     2.3029   61.63466  -32.89530     4.9573         42 0.0000e+00
