Example_Files/SBE_Processing_Files/Processed_SBE_cast_files/downcasts/dar69-01_009.cnv
* Sea-Bird SBE 9 Data File:
* FileName = D:\data\ar69-01_009.hex
* Software Version Seasave V 7.26.7.107
* Temperature SN = 4491
* Conductivity SN = 3009
* Number of Bytes Per Scan = 44
* Number of Voltage Words = 5
* Number of Scans Averaged by the Deck Unit = 1
* NMEA Latitude = 59 49.00 N
* NMEA Longitude = 039 06.78 W
* NMEA UTC (Time) = Jun 28 2022  17:49:02
** Cruise ID: AR69-01
** Chief Sci:
** Station #: 009
** Site ID: Glider release (acoustic release test)
# nquan = 14
# nvalues = 507                         
# units = specified
# name 0 = scan: Scan Count
# name 1 = timeS: Time, Elapsed [seconds]
# name 2 = prDM: Pressure, Digiquartz [db]
# name 3 = depSM: Depth [salt water, m]
# name 4 = t090C: Temperature [ITS-90, deg C]
# name 5 = t190C: Temperature, 2 [ITS-90, deg C]
# name 6 = c0mS/cm: Conductivity [mS/cm]
# name 7 = c1mS/cm: Conductivity, 2 [mS/cm]
# name 8 = sbeox0V: Oxygen raw, SBE 43 [V]
# name 9 = latitude: Latitude [deg]
# name 10 = longitude: Longitude [deg]
# name 11 = v7: Voltage 7
# name 12 = nbin: number of scans per bin
# name 13 = flag: flag
# span 0 =         86,      67822       
# span 1 =      3.541,   2825.876       
# span 2 =      4.000,   1016.000       
# span 3 =      3.963,   1003.980       
# span 4 =     3.3907,     6.8690       
# span 5 =     3.3903,     6.8675       
# span 6 =  32.251311,  34.986330       
# span 7 =  32.252853,  34.987711       
# span 8 =     2.2343,     2.8548       
# span 9 =   59.81659,   59.81662       
# span 10 =  -39.11301,  -39.11296      
# span 11 =     4.9565,     4.9573      
# span 12 =          1,         96      
# span 13 = 0.0000e+00, 0.0000e+00      
# interval = decibars: 2                
# start_time = Jun 28 2022 17:49:02 [NMEA time, first data scan]
# bad_flag = -9.990e-29
*END*
[from data line 207]
      11207    466.934    418.000    413.647     3.5920     3.5918  32.267336  32.269233     2.4429   59.81662  -39.11299     4.9573         62 0.0000e+00
      11264    469.298    420.000    415.624     3.5924     3.5923  32.269047  32.270693     2.4408   59.81662  -39.11300     4.9573         50 0.0000e+00
      11305    470.983    422.000    417.601     3.5950     3.5946  32.272573  32.274197     2.4411   59.81662  -39.11300     4.9573         32 0.0000e+00
      11333    472.169    424.000    419.578     3.5918     3.5913  32.270320  32.271940     2.4410   59.81661  -39.11300     4.9573         28 0.0000e+00
      11380    474.129    426.000    421.555     3.5897     3.5893  32.269200  32.270717     2.4406   59.81661  -39.11300     4.9573         56 0.0000e+00
      11467    477.753    428.000    423.533     3.5891     3.5887  32.269545  32.271161     2.4411   59.81662  -39.11300     4.9573         44 0.0000e+00
      11500    479.121    430.000    425.510     3.5894     3.5887  32.270977  32.272072     2.4409   59.81662  -39.11300     4.9573         33 0.0000e+00
      11536    480.640    432.000    427.487     3.5885     3.5882  32.270884  32.272515     2.4405   59.81662  -39.11300     4.9573         41 0.0000e+00
      11579    482.435    434.000    429.464     3.5863     3.5859  32.269687  32.271267     2.4399   59.81662  -39.11300     4.9573         45 0.0000e+00
      11629    484.507    436.000    431.441     3.5849     3.5845  32.269152  32.270704     2.4396   59.81662  -39.11300     4.9573         55 0.0000e+00
      11685    486.842    438.000    433.418     3.5809     3.5804  32.266134  32.267751     2.4391   59.81662  -39.11299     4.9573         58 0.0000e+00
      11744    489.290    440.000    435.395     3.5796     3.5791  32.265824  32.267314     2.4379   59.81662  -39.11298     4.9573         48 0.0000e+00
      11779    490.765    442.000    437.372     3.5796     3.5792  32.266935  32.268406     2.4374   59.81662  -39.11299     4.9573         31 0.0000e+00
      11813    492.176    444.000    439.348     3.5790     3.5787  32.267168  32.268689     2.4365   59.81661  -39.11300     4.9573         42 0.0000e+00
      11867    494.432    446.000    441.325     3.5799     3.5794  32.268869  32.270198     2.4356   59.81661  -39.11300     4.9573         58 0.0000e+00
      11920    496.646    448.000    443.302     3.5800     3.5796  32.270047  32.271574     2.4353   59.81662  -39.11298     4.9573         57 0.0000e+00
      11981    499.151    450.000    445.279     3.5821     3.5816  32.273218  32.274643     2.4348   59.81662  -39.11298     4.9573         49 0.0000e+00
      12015    500.592    452.000    447.256     3.5816     3.5813  32.273814  32.275363     2.4342   59.81662  -39.11298     4.9573         30 0.0000e+00
      12054    502.214    454.000    449.233     3.5815     3.5811  32.274549  32.275969     2.4335   59.81661  -39.11299     4.9573         57 0.0000e+00
      12121    504.990    456.000    451.210     3.5814     3.5810  32.275272  32.276723     2.4321   59.81662  -39.11298     4.9573         56 0.0000e+00
      12163    506.737    458.000    453.187     3.5814     3.5810  32.276301  32.277703     2.4317   59.81662  -39.11298     4.9573         39 0.0000e+00
      12204    508.446    460.000    455.164     3.5827     3.5823  32.278598  32.280083     2.4314   59.81662  -39.11298     4.9572         43 0.0000e+00
      12248    510.305    462.000    457.140     3.5810     3.5812  32.277817  32.280005     2.4303   59.81662  -39.11298     4.9571         48 0.0000e+00
      12302    512.532    464.000    459.117     3.5836     3.5830  32.281400  32.282633     2.4297   59.81661  -39.11298     4.9571         56 0.0000e+00
      12353    514.647    466.000    461.093     3.5835     3.5832  32.282247  32.283824     2.4300   59.81662  -39.11298     4.9573         43 0.0000e+00
      12392    516.311    468.000    463.070     3.5818     3.5813  32.281481  32.282913     2.4301   59.81662  -39.11296     4.9573         41 0.0000e+00
      12441    518.348    470.000    465.047     3.5817     3.5812  32.282396  32.283649     2.4289   59.81662  -39.11296     4.9573         59 0.0000e+00
      12497    520.665    472.000    467.024     3.5841     3.5836  32.285810  32.287266     2.4276   59.81661  -39.11298     4.9573         45 0.0000e+00
      12538    522.376    474.000    469.001     3.5840     3.5836  32.286750  32.288244     2.4270   59.81660  -39.11298     4.9573         43 0.0000e+00
      12588    524.457    476.000    470.977     3.5835     3.5830  32.287218  32.288565     2.4262   59.81662  -39.11296     4.9573         54 0.0000e+00
      12637    526.519    478.000    472.954     3.5833     3.5828  32.287976  32.289397     2.4247   59.81662  -39.11296     4.9573         45 0.0000e+00
      12682    528.371    480.000    474.930     3.5835     3.5831  32.289118  32.290643     2.4233   59.81662  -39.11296     4.9573         45 0.0000e+00
      12728    530.296    482.000    476.907     3.5843     3.5840  32.291097  32.292547     2.4224   59.81661  -39.11298     4.9573         46 0.0000e+00
      12773    532.155    484.000    478.884     3.5838     3.5834  32.291507  32.293009     2.4207   59.81660  -39.11298     4.9573         45 0.0000e+00
      12821    534.167    486.000    480.860     3.5831     3.5827  32.291743  32.293294     2.4198   59.81662  -39.11297     4.9573         52 0.0000e+00
      12873    536.347    488.000    482.837     3.5800     3.5795  32.289578  32.290996     2.4193   59.81662  -39.11296     4.9573         52 0.0000e+00
      12924    538.456    490.000    484.813     3.5773     3.5769  32.287824  32.289418     2.4190   59.81662  -39.11296     4.9570         46 0.0000e+00
      12965    540.147    492.000    486.790     3.5759     3.5754  32.287359  32.288811     2.4187   59.81660  -39.11298     4.9571         38 0.0000e+00
      13008    541.973    494.000    488.766     3.5759     3.5755  32.288301  32.289747     2.4183   59.81660  -39.11298     4.9572         54 0.0000e+00
      13069    544.504    496.000    490.743     3.5742     3.5737  32.287564  32.288810     2.4173   59.81662  -39.11297     4.9573         59 0.0000e+00
      13116    546.473    498.000    492.719     3.5754     3.5749  32.289820  32.291250     2.4161   59.81662  -39.11296     4.9573         39 0.0000e+00
      13156    548.138    500.000    494.695     3.5748     3.5744  32.290188  32.291619     2.4159   59.81662  -39.11297     4.9573         44 0.0000e+00
      13207    550.251    502.000    496.672     3.5715     3.5711  32.287771  32.289357     2.4158   59.81660  -39.11298     4.9573         53 0.0000e+00
      13253    552.185    504.000    498.648     3.5698     3.5697  32.287125  32.288826     2.4157   59.81660  -39.11298     4.9573         40 0.0000e+00
      13293    553.820    506.000    500.624     3.5678     3.5673  32.286087  32.287532     2.4152   59.81662  -39.11298     4.9573         42 0.0000e+00
      13346    556.054    508.000    502.601     3.5658     3.5653  32.284933  32.286349     2.4149   59.81662  -39.11297     4.9573         68 0.0000e+00
      13409    558.658    510.000    504.577     3.5650     3.5645  32.284998  32.286502     2.4146   59.81662  -39.11298     4.9573         46 0.0000e+00
      13445    560.182    512.000    506.553     3.5646     3.5643  32.285555  32.287107     2.4147   59.81661  -39.11298     4.9573         34 0.0000e+00
      13483    561.756    514.000    508.530     3.5651     3.5646  32.287033  32.288477     2.4146   59.81660  -39.11298     4.9573         45 0.0000e+00
      13542    564.206    516.000    510.506     3.5655     3.5650  32.288311  32.289729     2.4134   59.81662  -39.11298     4.9573         67 0.0000e+00
      13598    566.560    518.000    512.482     3.5664     3.5658  32.290421  32.291696     2.4126   59.81662  -39.11298     4.9573         45 0.0000e+00
      13638    568.211    520.000    514.458     3.5665     3.5661  32.291541  32.292983     2.4123   59.81662  -39.11298     4.9573         37 0.0000e+00
      13676    569.779    522.000    516.435     3.5674     3.5671  32.293424  32.294830     2.4115   59.81662  -39.11298     4.9573         41 0.0000e+00
      13729    571.996    524.000    518.411     3.5672     3.5667  32.293987  32.295554     2.4105   59.81662  -39.11298     4.9573         60 0.0000e+00
      13778    574.027    526.000    520.387     3.5651     3.5648  32.292991  32.294551     2.4100   59.81661  -39.11298     4.9573         39 0.0000e+00
      13818    575.702    528.000    522.363     3.5645     3.5640  32.293289  32.294765     2.4096   59.81660  -39.11298     4.9571         46 0.0000e+00
      13873    578.014    530.000    524.339     3.5636     3.5632  32.293442  32.294862     2.4080   59.81662  -39.11298     4.9570         60 0.0000e+00
      13925    580.169    532.000    526.315     3.5624     3.5620  32.293197  32.294646     2.4067   59.81662  -39.11296     4.9571         43 0.0000e+00
      13967    581.930    534.000    528.291     3.5613     3.5609  32.293100  32.294548     2.4058   59.81661  -39.11298     4.9570         45 0.0000e+00
      14016    583.954    536.000    530.268     3.5622     3.5617  32.294945  32.296399     2.4049   59.81660  -39.11298     4.9572         51 0.0000e+00
      14067    586.103    538.000    532.243     3.5617     3.5613  32.295443  32.296827     2.4033   59.81660  -39.11298     4.9573         51 0.0000e+00
      14112    587.972    540.000    534.220     3.5653     3.5648  32.300157  32.301448     2.4023   59.81662  -39.11297     4.9571         38 0.0000e+00
      14147    589.436    542.000    536.196     3.5657     3.5653  32.301450  32.302887     2.4019   59.81662  -39.11296     4.9571         35 0.0000e+00
      14206    591.881    544.000    538.172     3.5652     3.5648  32.301859  32.303300     2.4012   59.81661  -39.11298     4.9570         70 0.0000e+00
      14268    594.453    546.000    540.147     3.5627     3.5623  32.300350  32.302081     2.4014   59.81660  -39.11298     4.9570         34 0.0000e+00
      14296    595.644    548.000    542.123     3.5574     3.5570  32.295987  32.297643     2.4011   59.81660  -39.11298     4.9571         28 0.0000e+00
      14328    596.957    550.000    544.099     3.5582     3.5582  32.297931  32.299552     2.4005   59.81661  -39.11298     4.9573         39 0.0000e+00
      14400    599.956    552.000    546.075     3.5651     3.5646  32.305604  32.307095     2.3983   59.81662  -39.11298     4.9571         92 0.0000e+00
      14461    602.496    554.000    548.051     3.5647     3.5642  32.306320  32.307771     2.3973   59.81660  -39.11298     4.9570         34 0.0000e+00
      14489    603.674    556.000    550.027     3.5629     3.5626  32.305427  32.307128     2.3976   59.81660  -39.11298     4.9570         28 0.0000e+00
      14525    605.167    558.000    552.003     3.5609     3.5604  32.304276  32.305769     2.3976   59.81660  -39.11299     4.9573         53 0.0000e+00
      14598    608.191    560.000    553.979     3.5599     3.5594  32.304198  32.305635     2.3968   59.81662  -39.11298     4.9573         62 0.0000e+00
      14635    609.748    562.000    555.955     3.5590     3.5587  32.304297  32.305980     2.3968   59.81661  -39.11298     4.9573         33 0.0000e+00
      14670    611.199    564.000    557.930     3.5593     3.5589  32.305666  32.307029     2.3958   59.81660  -39.11299     4.9573         40 0.0000e+00
      14724    613.443    566.000    559.906     3.5611     3.5605  32.308334  32.309542     2.3943   59.81661  -39.11298     4.9573         68 0.0000e+00
      14787    616.082    568.000    561.882     3.5617     3.5613  32.309870  32.311291     2.3941   59.81662  -39.11298     4.9573         49 0.0000e+00
      14827    617.748    570.000    563.858     3.5608     3.5604  32.309943  32.311520     2.3945   59.81662  -39.11298     4.9573         36 0.0000e+00
      14861    619.185    572.000    565.834     3.5598     3.5594  32.309821  32.311297     2.3943   59.81661  -39.11298     4.9573         35 0.0000e+00
      14909    621.184    574.000    567.809     3.5600     3.5595  32.310854  32.312269     2.3939   59.81660  -39.11298     4.9570         70 0.0000e+00
      14979    624.075    576.000    569.785     3.5600     3.5595  32.311862  32.313244     2.3934   59.81662  -39.11298     4.9569         49 0.0000e+00
      15015    625.594    578.000    571.761     3.5603     3.5599  32.313168  32.314605     2.3932   59.81662  -39.11298     4.9572         34 0.0000e+00
      15057    627.340    580.000    573.736     3.5599     3.5594  32.313654  32.315006     2.3925   59.81661  -39.11298     4.9573         54 0.0000e+00
      15115    629.744    582.000    575.712     3.5593     3.5589  32.313924  32.315436     2.3928   59.81662  -39.11298     4.9570         51 0.0000e+00
      15156    631.438    584.000    577.687     3.5588     3.5584  32.314575  32.315967     2.3930   59.81662  -39.11298     4.9569         36 0.0000e+00
      15194    633.060    586.000    579.663     3.5587     3.5582  32.315153  32.316648     2.3921   59.81662  -39.11298     4.9569         46 0.0000e+00
      15251    635.402    588.000    581.639     3.5581     3.5577  32.315523  32.316877     2.3906   59.81662  -39.11298     4.9570         56 0.0000e+00
      15296    637.303    590.000    583.614     3.5578     3.5574  32.316183  32.317660     2.3892   59.81661  -39.11298     4.9569         43 0.0000e+00
      15348    639.467    592.000    585.590     3.5579     3.5575  32.317166  32.318635     2.3883   59.81662  -39.11298     4.9569         59 0.0000e+00
      15398    641.527    594.000    587.565     3.5581     3.5577  32.318376  32.319906     2.3873   59.81662  -39.11298     4.9568         39 0.0000e+00
      15435    643.079    596.000    589.540     3.5583     3.5579  32.319450  32.320894     2.3872   59.81662  -39.11298     4.9569         39 0.0000e+00
      15486    645.212    598.000    591.516     3.5585     3.5580  32.320463  32.321854     2.3867   59.81662  -39.11298     4.9569         67 0.0000e+00
      15554    648.031    600.000    593.492     3.5583     3.5579  32.321304  32.322673     2.3858   59.81662  -39.11298     4.9569         49 0.0000e+00
      15586    649.367    602.000    595.467     3.5576     3.5573  32.321745  32.323258     2.3851   59.81662  -39.11298     4.9569         27 0.0000e+00
      15613    650.503    604.000    597.443     3.5572     3.5569  32.322134  32.323717     2.3846   59.81662  -39.11298     4.9570         31 0.0000e+00
      15681    653.336    606.000    599.418     3.5572     3.5568  32.322854  32.324286     2.3848   59.81662  -39.11298     4.9570         61 0.0000e+00
      15736    655.638    608.000    601.393     3.5564     3.5559  32.323156  32.324593     2.3853   59.81662  -39.11298     4.9569         33 0.0000e+00
      15768    656.960    610.000    603.369     3.5557     3.5554  32.323450  32.324956     2.3852   59.81660  -39.11298     4.9570         33 0.0000e+00
      15807    658.575    612.000    605.344     3.5559     3.5555  32.324530  32.325921     2.3852   59.81661  -39.11298     4.9569         46 0.0000e+00
      15868    661.119    614.000    607.319     3.5581     3.5573  32.327646  32.328687     2.3845   59.81662  -39.11298     4.9568         74 0.0000e+00
      15929    663.658    616.000    609.295     3.5591     3.5587  32.329696  32.331083     2.3826   59.81660  -39.11298     4.9570         42 0.0000e+00
      15964    665.130    618.000    611.270     3.5600     3.5595  32.331595  32.332866     2.3823   59.81660  -39.11298     4.9569         33 0.0000e+00
      16002    666.696    620.000    613.245     3.5606     3.5601  32.332920  32.334344     2.3820   59.81660  -39.11298     4.9569         46 0.0000e+00
