Example_Files/SBE_Processing_Files/Processed_SBE_cast_files/downcasts/dar69-01_017.cnv
* Sea-Bird SBE 9 Data File:
* FileName = D:\data\ar69-01_017.hex
* Software Version Seasave V 7.26.7.107
* Temperature SN = 4491
* Conductivity SN = 3009
* Number of Bytes Per Scan = 44
* Number of Voltage Words = 5
* Number of Scans Averaged by the Deck Unit = 1
* NMEA Latitude = 59 54.25 N
* NMEA Longitude = 041 05.54 W
* NMEA UTC (Time) = Jul 05 2022  07:22:52
** Cruise ID: AR69-01
** Chief Sci:
** Station #: 017
** Site ID: M1 OSNAP acoustic releases
# nquan = 14
# nvalues = 1056                        
# units = specified
# name 0 = scan: Scan Count
# name 1 = timeS: Time, Elapsed [seconds]
# name 2 = prDM: Pressure, Digiquartz [db]
# name 3 = depSM: Depth [salt water, m]
# name 4 = t090C: Temperature [ITS-90, deg C]
# name 5 = t190C: Temperature, 2 [ITS-90, deg C]
# name 6 = c0mS/cm: Conductivity [mS/cm]
# name 7 = c1mS/cm: Conductivity, 2 [mS/cm]
# name 8 = sbeox0V: Oxygen raw, SBE 43 [V]
# name 9 = latitude: Latitude [deg]
# name 10 = longitude: Longitude [deg]
# name 11 = v7: Voltage 7
# name 12 = nbin: number of scans per bin
# name 13 = flag: flag
# span 0 =        159,      70007       
# span 1 =      6.592,   2916.911       
# span 2 =      4.000,   2114.000       
# span 3 =      3.962,   2083.564       
# span 4 =     1.7825,     8.1628       
# span 5 =     1.7833,     8.1621       
# span 6 =  31.398280,  36.236317       
# span 7 =  31.399753,  36.238283       
# span 8 =     1.9560,     2.8135       
# span 9 =   59.90412,   59.90414       
# span 10 =  -41.09234,  -41.09229      
# span 11 =     4.9560,     4.9573      
# span 12 =          1,        118      
# span 13 = 0.0000e+00, 0.0000e+00      
# interval = decibars: 2                
# start_time = Jul 05 2022 07:22:52 [NMEA time, first data scan]
# bad_flag = -9.990e-29
*END*
[from data line 930]
      46279   1928.265   1864.000   1838.241     2.5278     2.5269  31.964179  31.964736     1.9884   59.90412  -41.09232     4.9560         36 0.0000e+00
      46317   1929.851   1866.000   1840.204     2.5255     2.5254  31.963014  31.963971     1.9881   59.90412  -41.09232     4.9563         40 0.0000e+00
      46360   1931.627   1868.000   1842.168     2.5258     2.5253  31.964113  31.964869     1.9878   59.90412  -41.09232     4.9564         47 0.0000e+00
      46419   1934.073   1870.000   1844.132     2.5245     2.5240  31.963687  31.964395     1.9870   59.90412  -41.09231     4.9561         68 0.0000e+00
      46475   1936.437   1872.000   1846.096     2.5221     2.5217  31.962489  31.963318     1.9862   59.90412  -41.09232     4.9560         43 0.0000e+00
      46514   1938.026   1874.000   1848.059     2.5217     2.5215  31.962961  31.964037     1.9858   59.90412  -41.09232     4.9563         36 0.0000e+00
      46552   1939.616   1876.000   1850.023     2.5152     2.5149  31.958046  31.959185     1.9854   59.90412  -41.09232     4.9565         42 0.0000e+00
      46603   1941.769   1878.000   1851.986     2.5094     2.5077  31.953767  31.953706     1.9846   59.90412  -41.09232     4.9564         61 0.0000e+00
      46660   1944.111   1880.000   1853.950     2.5030     2.5022  31.949080  31.949501     1.9835   59.90412  -41.09232     4.9564         46 0.0000e+00
      46700   1945.800   1882.000   1855.914     2.5023     2.5020  31.949303  31.950165     1.9832   59.90412  -41.09232     4.9563         40 0.0000e+00
      46747   1947.751   1884.000   1857.877     2.5024     2.5020  31.950216  31.951002     1.9829   59.90412  -41.09232     4.9563         58 0.0000e+00
      46805   1950.155   1886.000   1859.841     2.5026     2.5022  31.951181  31.952024     1.9823   59.90412  -41.09232     4.9564         48 0.0000e+00
      46845   1951.854   1888.000   1861.804     2.4994     2.4990  31.949138  31.950079     1.9817   59.90412  -41.09232     4.9563         37 0.0000e+00
      46882   1953.380   1890.000   1863.767     2.4969     2.4969  31.947793  31.948966     1.9814   59.90412  -41.09232     4.9563         38 0.0000e+00
      46929   1955.340   1892.000   1865.731     2.4887     2.4879  31.941223  31.941732     1.9805   59.90412  -41.09232     4.9564         62 0.0000e+00
      46994   1958.030   1894.000   1867.694     2.4827     2.4823  31.936707  31.937708     1.9800   59.90412  -41.09232     4.9563         50 0.0000e+00
      47031   1959.566   1896.000   1869.658     2.4700     2.4694  31.925907  31.927425     1.9800   59.90412  -41.09232     4.9563         34 0.0000e+00
      47069   1961.172   1898.000   1871.621     2.4472     2.4462  31.906514  31.907256     1.9800   59.90412  -41.09232     4.9563         49 0.0000e+00
      47133   1963.841   1900.000   1873.585     2.4447     2.4444  31.905292  31.906098     1.9793   59.90412  -41.09232     4.9560         62 0.0000e+00
      47178   1965.701   1902.000   1875.548     2.4444     2.4439  31.905936  31.906616     1.9785   59.90412  -41.09232     4.9560         39 0.0000e+00
      47221   1967.493   1904.000   1877.512     2.4447     2.4442  31.907036  31.907821     1.9782   59.90412  -41.09232     4.9563         49 0.0000e+00
      47271   1969.602   1906.000   1879.475     2.4358     2.4365  31.899718  31.901921     1.9782   59.90412  -41.09232     4.9563         46 0.0000e+00
      47312   1971.276   1908.000   1881.438     2.4272     2.4270  31.892753  31.894011     1.9784   59.90412  -41.09232     4.9564         38 0.0000e+00
      47353   1972.992   1910.000   1883.401     2.4240     2.4233  31.890608  31.891220     1.9784   59.90412  -41.09232     4.9563         46 0.0000e+00
      47406   1975.198   1912.000   1885.365     2.4193     2.4185  31.887333  31.887653     1.9781   59.90412  -41.09232     4.9562         59 0.0000e+00
      47462   1977.546   1914.000   1887.328     2.4192     2.4190  31.888038  31.888968     1.9775   59.90412  -41.09232     4.9563         51 0.0000e+00
      47509   1979.488   1916.000   1889.291     2.4189     2.4191  31.888624  31.889880     1.9770   59.90412  -41.09232     4.9563         44 0.0000e+00
      47549   1981.170   1918.000   1891.255     2.4190     2.4176  31.889383  31.889522     1.9770   59.90412  -41.09232     4.9562         37 0.0000e+00
      47588   1982.800   1920.000   1893.218     2.4157     2.4151  31.887410  31.887988     1.9768   59.90412  -41.09232     4.9564         45 0.0000e+00
      47655   1985.580   1922.000   1895.181     2.4219     2.4223  31.893579  31.894912     1.9761   59.90412  -41.09232     4.9563         76 0.0000e+00
      47707   1987.752   1924.000   1897.144     2.4235     2.4220  31.896025  31.895734     1.9762   59.90412  -41.09233     4.9560         34 0.0000e+00
      47737   1988.989   1926.000   1899.107     2.4229     2.4225  31.896146  31.897169     1.9763   59.90412  -41.09232     4.9560         29 0.0000e+00
      47773   1990.513   1928.000   1901.071     2.4175     2.4179  31.892031  31.893730     1.9760   59.90412  -41.09232     4.9560         51 0.0000e+00
      47850   1993.692   1930.000   1903.034     2.4097     2.4103  31.885721  31.887236     1.9746   59.90412  -41.09233     4.9560         65 0.0000e+00
      47888   1995.279   1932.000   1904.997     2.4122     2.4133  31.889017  31.890958     1.9745   59.90412  -41.09233     4.9560         33 0.0000e+00
      47922   1996.722   1934.000   1906.960     2.4109     2.4106  31.888527  31.889585     1.9745   59.90412  -41.09232     4.9560         37 0.0000e+00
      47968   1998.627   1936.000   1908.923     2.4101     2.4099  31.888550  31.889535     1.9741   59.90412  -41.09232     4.9560         58 0.0000e+00
      48034   2001.393   1938.000   1910.886     2.4023     2.4025  31.882358  31.883950     1.9741   59.90412  -41.09232     4.9562         62 0.0000e+00
      48084   2003.465   1940.000   1912.849     2.3931     2.3928  31.874927  31.875981     1.9742   59.90412  -41.09232     4.9563         49 0.0000e+00
      48200   2008.307   1942.000   1914.812     2.3891     2.3895  31.872141  31.873615     1.9731   59.90412  -41.09232     4.9561         72 0.0000e+00
      48268   2011.119   1944.000   1916.775     2.3807     2.3804  31.865295  31.866419     1.9735   59.90412  -41.09232     4.9560         56 0.0000e+00
      48365   2015.155   1946.000   1918.738     2.3703     2.3701  31.856651  31.857989     1.9734   59.90412  -41.09232     4.9560         81 0.0000e+00
      48459   2019.087   1948.000   1920.701     2.3566     2.3564  31.845328  31.846484     1.9731   59.90412  -41.09232     4.9560         59 0.0000e+00
      48556   2023.144   1950.000   1922.664     2.3474     2.3472  31.837735  31.838947     1.9728   59.90412  -41.09232     4.9560         72 0.0000e+00
      48657   2027.315   1952.000   1924.627     2.3304     2.3306  31.823172  31.825016     1.9727   59.90412  -41.09232     4.9560         74 0.0000e+00
      48747   2031.078   1954.000   1926.590     2.3113     2.3111  31.807308  31.808414     1.9730   59.90412  -41.09232     4.9560         46 0.0000e+00
      48831   2034.598   1956.000   1928.553     2.3077     2.3066  31.804912  31.805486     1.9721   59.90412  -41.09232     4.9560         74 0.0000e+00
      48933   2038.850   1958.000   1930.516     2.2954     2.2956  31.795321  31.796631     1.9713   59.90412  -41.09232     4.9560         74 0.0000e+00
      49013   2042.171   1960.000   1932.479     2.2904     2.2904  31.791616  31.792929     1.9710   59.90412  -41.09232     4.9560         79 0.0000e+00
      49128   2046.942   1962.000   1934.441     2.2813     2.2808  31.784259  31.785067     1.9706   59.90412  -41.09232     4.9560         93 0.0000e+00
      49213   2050.485   1964.000   1936.404     2.2762     2.2759  31.780568  31.781421     1.9699   59.90412  -41.09232     4.9560         75 0.0000e+00
      49299   2054.101   1966.000   1938.367     2.2732     2.2728  31.778683  31.779462     1.9702   59.90412  -41.09232     4.9560         94 0.0000e+00
      49416   2058.976   1968.000   1940.330     2.2735     2.2734  31.779935  31.780773     1.9693   59.90412  -41.09232     4.9560         61 0.0000e+00
      49483   2061.770   1970.000   1942.292     2.2739     2.2732  31.781072  31.781481     1.9691   59.90412  -41.09232     4.9560         60 0.0000e+00
      49608   2066.975   1972.000   1944.255     2.2703     2.2707  31.778614  31.780192     1.9694   59.90412  -41.09233     4.9560         46 0.0000e+00
      49675   2069.744   1974.000   1946.218     2.2675     2.2677  31.776870  31.778182     1.9688   59.90412  -41.09233     4.9560         69 0.0000e+00
      49787   2074.435   1976.000   1948.181     2.2603     2.2603  31.770984  31.772405     1.9684   59.90412  -41.09232     4.9560         63 0.0000e+00
      49858   2077.368   1978.000   1950.143     2.2466     2.2465  31.759359  31.760564     1.9686   59.90414  -41.09232     4.9560         80 0.0000e+00
      49966   2081.861   1980.000   1952.106     2.2437     2.2437  31.757665  31.758626     1.9683   59.90414  -41.09233     4.9560         85 0.0000e+00
      50061   2085.832   1982.000   1954.069     2.2436     2.2439  31.758435  31.759961     1.9681   59.90414  -41.09233     4.9560         60 0.0000e+00
      50144   2089.301   1984.000   1956.031     2.2320     2.2319  31.748740  31.749699     1.9682   59.90414  -41.09233     4.9560         82 0.0000e+00
      50261   2094.156   1986.000   1957.994     2.2307     2.2304  31.748429  31.749288     1.9675   59.90414  -41.09234     4.9560         57 0.0000e+00
      50313   2096.351   1988.000   1959.957     2.2263     2.2267  31.745130  31.746849     1.9683   59.90414  -41.09232     4.9560         63 0.0000e+00
      50462   2102.546   1990.000   1961.919     2.2032     2.2038  31.724736  31.727276     1.9675   59.90414  -41.09234     4.9560         54 0.0000e+00
      50507   2104.403   1992.000   1963.882     2.1989     2.1985  31.721956  31.722781     1.9680   59.90414  -41.09233     4.9560         50 0.0000e+00
      50635   2109.744   1994.000   1965.844     2.1967     2.1959  31.720772  31.721342     1.9673   59.90414  -41.09234     4.9560         54 0.0000e+00
      50693   2112.155   1996.000   1967.807     2.1831     2.1826  31.709153  31.710263     1.9677   59.90414  -41.09233     4.9560         68 0.0000e+00
      50830   2117.885   1998.000   1969.769     2.1723     2.1695  31.700117  31.699066     1.9676   59.90414  -41.09233     4.9560         62 0.0000e+00
      50889   2120.346   2000.000   1971.732     2.1655     2.1651  31.694996  31.695880     1.9677   59.90414  -41.09234     4.9560         73 0.0000e+00
      51000   2124.978   2002.000   1973.694     2.1554     2.1550  31.686711  31.687571     1.9674   59.90414  -41.09233     4.9560         83 0.0000e+00
      51087   2128.585   2004.000   1975.657     2.1502     2.1495  31.683113  31.683579     1.9674   59.90414  -41.09234     4.9560         64 0.0000e+00
      51186   2132.720   2006.000   1977.619     2.1371     2.1379  31.671943  31.673992     1.9671   59.90414  -41.09233     4.9560         79 0.0000e+00
      51280   2136.604   2008.000   1979.581     2.1344     2.1338  31.670550  31.671061     1.9667   59.90414  -41.09234     4.9560         42 0.0000e+00
      51368   2140.301   2010.000   1981.544     2.1353     2.1353  31.672120  31.673098     1.9667   59.90414  -41.09234     4.9560         73 0.0000e+00
      51469   2144.484   2012.000   1983.506     2.1253     2.1250  31.663600  31.664797     1.9667   59.90414  -41.09234     4.9560         49 0.0000e+00
      51559   2148.247   2014.000   1985.469     2.1215     2.1209  31.660963  31.661602     1.9669   59.90414  -41.09234     4.9560         72 0.0000e+00
      51655   2152.256   2016.000   1987.431     2.1189     2.1184  31.659385  31.659995     1.9668   59.90414  -41.09234     4.9560         91 0.0000e+00
      51745   2155.985   2018.000   1989.394     2.1163     2.1161  31.657865  31.658784     1.9667   59.90414  -41.09234     4.9560         89 0.0000e+00
      51844   2160.130   2020.000   1991.356     2.1116     2.1112  31.654258  31.655233     1.9665   59.90414  -41.09234     4.9560         81 0.0000e+00
      51935   2163.903   2022.000   1993.318     2.1009     2.1006  31.645299  31.646192     1.9668   59.90414  -41.09234     4.9560        118 0.0000e+00
      52034   2168.028   2024.000   1995.281     2.0933     2.0929  31.639176  31.640302     1.9664   59.90414  -41.09234     4.9560         72 0.0000e+00
      52124   2171.790   2026.000   1997.243     2.0652     2.0648  31.614696  31.615773     1.9667   59.90413  -41.09234     4.9560        111 0.0000e+00
      52214   2175.535   2028.000   1999.205     2.0488     2.0485  31.601140  31.602000     1.9665   59.90414  -41.09234     4.9560         73 0.0000e+00
      52318   2179.873   2030.000   2001.167     2.0319     2.0348  31.586481  31.590896     1.9658   59.90412  -41.09234     4.9560         93 0.0000e+00
      52399   2183.252   2032.000   2003.129     1.9936     1.9932  31.553354  31.554652     1.9668   59.90412  -41.09234     4.9560         64 0.0000e+00
      52565   2190.152   2034.000   2005.092     1.9713     1.9703  31.534525  31.535023     1.9675   59.90412  -41.09234     4.9560        116 0.0000e+00
      53388   2224.459   2036.000   2007.054     1.9596     1.9603  31.525357  31.527243     1.9680   59.90413  -41.09233     4.9560         94 0.0000e+00
      53892   2245.443   2038.000   2009.016     1.9520     1.9520  31.519417  31.520393     1.9675   59.90413  -41.09232     4.9560        111 0.0000e+00
      54007   2250.267   2040.000   2010.978     1.9467     1.9469  31.515441  31.516800     1.9666   59.90413  -41.09233     4.9560         84 0.0000e+00
      54077   2253.171   2042.000   2012.940     1.9434     1.9436  31.513409  31.514686     1.9666   59.90412  -41.09232     4.9560         66 0.0000e+00
      54183   2257.570   2044.000   2014.902     1.9420     1.9419  31.513048  31.513828     1.9661   59.90413  -41.09232     4.9560         74 0.0000e+00
      54267   2261.093   2046.000   2016.864     1.9404     1.9404  31.512410  31.513503     1.9659   59.90412  -41.09232     4.9560         49 0.0000e+00
      54349   2264.488   2048.000   2018.826     1.9343     1.9330  31.507664  31.507544     1.9654   59.90412  -41.09232     4.9560        112 0.0000e+00
      54467   2269.410   2050.000   2020.788     1.9223     1.9182  31.497792  31.495351     1.9645   59.90413  -41.09232     4.9560         98 0.0000e+00
      54529   2272.017   2052.000   2022.750     1.9072     1.9059  31.485174  31.485270     1.9649   59.90412  -41.09232     4.9560         55 0.0000e+00
      54663   2277.568   2054.000   2024.712     1.9007     1.9026  31.480429  31.483284     1.9645   59.90412  -41.09232     4.9560         64 0.0000e+00
      54722   2280.052   2056.000   2026.674     1.8934     1.8932  31.474726  31.475787     1.9644   59.90412  -41.09232     4.9560         61 0.0000e+00
      54862   2285.887   2058.000   2028.636     1.8864     1.8881  31.469384  31.472160     1.9640   59.90412  -41.09232     4.9560         54 0.0000e+00
      54921   2288.313   2060.000   2030.598     1.8782     1.8776  31.462984  31.463448     1.9641   59.90412  -41.09232     4.9560         68 0.0000e+00
      55056   2293.969   2062.000   2032.560     1.8718     1.8732  31.458179  31.460485     1.9632   59.90413  -41.09234     4.9560         72 0.0000e+00
      55114   2296.355   2064.000   2034.522     1.8655     1.8666  31.453508  31.455385     1.9636   59.90412  -41.09232     4.9560         64 0.0000e+00
      55229   2301.155   2066.000   2036.484     1.8610     1.8621  31.450334  31.452363     1.9640   59.90412  -41.09232     4.9560         71 0.0000e+00
