Example_Files/SBE_Processing_Files/Processed_SBE_cast_files/downcasts/dar69-01_012.cnv
* Sea-Bird SBE 9 Data File:
* FileName = D:\data\ar69-01_012.hex
* Software Version Seasave V 7.26.7.107
* Temperature SN = 4491
* Conductivity SN = 3009
* Number of Bytes Per Scan = 44
* Number of Voltage Words = 5
* Number of Scans Averaged by the Deck Unit = 1
* NMEA Latitude = 59 56.36 N
* NMEA Longitude = 039 31.27 W
* NMEA UTC (Time) = Jun 30 2022  16:33:36
** Cruise ID: AR69-01
** Chief Sci:
** Station #: 012
** Site ID: Irminger SUMO
# nquan = 14
# nvalues = 760                         
# units = specified
# name 0 = scan: Scan Count
# name 1 = timeS: Time, Elapsed [seconds]
# name 2 = prDM: Pressure, Digiquartz [db]
# name 3 = depSM: Depth [salt water, m]
# name 4 = t090C: Temperature [ITS-90, deg C]
# name 5 = t190C: Temperature, 2 [ITS-90, deg C]
# name 6 = c0mS/cm: Conductivity [mS/cm]
# name 7 = c1mS/cm: Conductivity, 2 [mS/cm]
# name 8 = sbeox0V: Oxygen raw, SBE 43 [V]
# name 9 = latitude: Latitude [deg]
# name 10 = longitude: Longitude [deg]
# name 11 = v7: Voltage 7
# name 12 = nbin: number of scans per bin
# name 13 = flag: flag
# span 0 =       1882,      43509       
# span 1 =     78.359,   1812.814       
# span 2 =      4.000,   1522.000       
# span 3 =      3.962,   1502.173       
# span 4 =     3.3637,     6.9898       
# span 5 =     3.3632,     6.9865       
# span 6 =  32.179280,  35.061815       
# span 7 =  32.180434,  35.062747       
# span 8 =     2.0415,     2.8352       
# span 9 =   59.93930,   59.93936       
# span 10 =  -39.52124,  -39.52109      
# span 11 =     4.9563,     4.9573      
# span 12 =         26,        109      
# span 13 = 0.0000e+00, 0.0000e+00      
# interval = decibars: 2                
# start_time = Jun 30 2022 16:33:36 [NMEA time, first data scan]
# bad_flag = -9.990e-29
*END*
       1882     78.359      4.000      3.962     6.9898     6.9846  35.061815  35.059653     2.8343   59.93934  -39.52115     4.9571         95 0.0000e+00
       2257     94.011      6.000      5.943     6.9839     6.9806  35.057228  35.056689     2.8331   59.93934  -39.52116     4.9573         93 0.0000e+00
       2363     98.397      8.000      7.924     6.9874     6.9865  35.061468  35.062747     2.8314   59.93934  -39.52116     4.9573         98 0.0000e+00
       2455    102.230     10.000      9.905     6.9482     6.9518  35.026067  35.033617     2.8291   59.93934  -39.52116     4.9573         58 0.0000e+00
       2538    105.720     12.000     11.887     6.9120     6.9184  34.995179  35.003798     2.8313   59.93934  -39.52116     4.9573         95 0.0000e+00
       2642    110.051     14.000     13.868     6.7845     6.7821  34.894452  34.897027     2.8352   59.93934  -39.52116     4.9573        107 0.0000e+00
       2719    113.270     16.000     15.849     6.7145     6.7101  34.840827  34.840390     2.8348   59.93934  -39.52116     4.9573         66 0.0000e+00
       2827    117.766     18.000     17.830     6.6536     6.6517  34.791230  34.793063     2.8325   59.93934  -39.52116     4.9573         70 0.0000e+00
       2915    121.413     20.000     19.811     6.6325     6.6323  34.773736  34.776098     2.8290   59.93934  -39.52116     4.9573         79 0.0000e+00
       3000    124.940     22.000     21.792     6.6262     6.6255  34.769432  34.771275     2.8243   59.93932  -39.52116     4.9573         66 0.0000e+00
       3103    129.234     24.000     23.772     6.6160     6.6152  34.761171  34.763041     2.8203   59.93932  -39.52117     4.9573        106 0.0000e+00
       3187    132.753     26.000     25.753     6.6052     6.6045  34.752382  34.754280     2.8181   59.93932  -39.52116     4.9573         68 0.0000e+00
       3303    137.573     28.000     27.734     6.5988     6.5982  34.747584  34.749493     2.8138   59.93932  -39.52118     4.9573        101 0.0000e+00
       3397    141.488     30.000     29.715     6.5861     6.5854  34.736697  34.738830     2.7875   59.93932  -39.52117     4.9573         81 0.0000e+00
       3484    145.122     32.000     31.696     6.5719     6.5712  34.724932  34.726905     2.7569   59.93932  -39.52118     4.9573         89 0.0000e+00
       3589    149.488     34.000     33.677     6.5440     6.5431  34.700435  34.702644     2.7482   59.93932  -39.52118     4.9573         90 0.0000e+00
       3665    152.653     36.000     35.658     6.5058     6.5052  34.667402  34.669636     2.7363   59.93932  -39.52118     4.9573         71 0.0000e+00
       3770    157.052     38.000     37.638     6.4528     6.4531  34.621218  34.625961     2.7132   59.93931  -39.52118     4.9573         93 0.0000e+00
       3859    160.768     40.000     39.619     6.3064     6.3060  34.493601  34.497561     2.6933   59.93932  -39.52118     4.9573        102 0.0000e+00
       3952    164.621     42.000     41.600     6.0918     6.0922  34.301430  34.312203     2.6687   59.93930  -39.52118     4.9573         68 0.0000e+00
       4054    168.862     44.000     43.581     5.6085     5.6226  33.864718  33.903869     2.6573   59.93931  -39.52118     4.9573         71 0.0000e+00
       4127    171.901     46.000     45.561     4.9712     4.9721  33.308794  33.320627     2.6552   59.93931  -39.52118     4.9573         53 0.0000e+00
       4236    176.440     48.000     47.542     4.8336     4.8324  33.192469  33.195336     2.6515   59.93931  -39.52118     4.9573        107 0.0000e+00
       4331    180.403     50.000     49.523     4.7805     4.7797  33.151512  33.153540     2.6486   59.93930  -39.52118     4.9573         58 0.0000e+00
       4405    183.505     52.000     51.504     4.7229     4.7246  33.101873  33.108674     2.6481   59.93931  -39.52118     4.9573         74 0.0000e+00
       4520    188.279     54.000     53.484     4.7027     4.7017  33.089401  33.091538     2.6426   59.93930  -39.52117     4.9573         69 0.0000e+00
       4590    191.207     56.000     55.465     4.6536     4.6530  33.045568  33.048275     2.6392   59.93931  -39.52118     4.9573         76 0.0000e+00
       4701    195.833     58.000     57.445     4.6154     4.6149  33.013828  33.016169     2.6352   59.93931  -39.52117     4.9573         80 0.0000e+00
       4779    199.101     60.000     59.426     4.5820     4.5814  32.985628  32.988365     2.6302   59.93932  -39.52116     4.9573         74 0.0000e+00
       4880    203.274     62.000     61.407     4.5339     4.5331  32.944657  32.946676     2.6241   59.93931  -39.52118     4.9573         95 0.0000e+00
       4967    206.935     64.000     63.387     4.4958     4.4952  32.912412  32.915042     2.6170   59.93932  -39.52117     4.9573        101 0.0000e+00
       5067    211.093     66.000     65.368     4.4543     4.4532  32.876469  32.878495     2.6067   59.93931  -39.52117     4.9573        101 0.0000e+00
       5145    214.316     68.000     67.348     4.4059     4.4052  32.837404  32.840199     2.5999   59.93931  -39.52116     4.9573         50 0.0000e+00
       5253    218.848     70.000     69.329     4.3840     4.3808  32.820679  32.820947     2.5929   59.93931  -39.52117     4.9573         70 0.0000e+00
       5332    222.105     72.000     71.309     4.3588     4.3580  32.800794  32.802629     2.5859   59.93930  -39.52117     4.9573         62 0.0000e+00
       5411    225.399     74.000     73.289     4.3550     4.3542  32.800642  32.802390     2.5789   59.93932  -39.52118     4.9573         83 0.0000e+00
       5550    231.193     76.000     75.270     4.3346     4.3286  32.781567  32.780820     2.5751   59.93930  -39.52118     4.9573         61 0.0000e+00
       5598    233.188     78.000     77.250     4.3065     4.3051  32.758832  32.760587     2.5739   59.93930  -39.52117     4.9573         59 0.0000e+00
       5715    238.065     80.000     79.231     4.2989     4.2965  32.753709  32.754466     2.5692   59.93930  -39.52117     4.9573         62 0.0000e+00
       5805    241.836     82.000     81.211     4.2834     4.2840  32.741354  32.745177     2.5667   59.93930  -39.52117     4.9573         72 0.0000e+00
       5875    244.764     84.000     83.192     4.2587     4.2575  32.721033  32.722872     2.5657   59.93930  -39.52117     4.9573         63 0.0000e+00
       5996    249.802     86.000     85.172     4.2507     4.2479  32.715142  32.715545     2.5624   59.93930  -39.52117     4.9573         55 0.0000e+00
       6071    252.903     88.000     87.152     4.2325     4.2293  32.699340  32.700041     2.5590   59.93930  -39.52117     4.9573         72 0.0000e+00
       6164    256.797     90.000     89.132     4.1983     4.1967  32.668874  32.671279     2.5555   59.93930  -39.52117     4.9573         69 0.0000e+00
       6250    260.368     92.000     91.113     4.1616     4.1605  32.636374  32.638307     2.5546   59.93930  -39.52118     4.9573         95 0.0000e+00
       6359    264.935     94.000     93.093     4.1300     4.1288  32.607715  32.609724     2.5528   59.93930  -39.52118     4.9573        109 0.0000e+00
       6432    267.942     96.000     95.073     4.1166     4.1158  32.596752  32.598910     2.5512   59.93930  -39.52118     4.9573         57 0.0000e+00
       6537    272.315     98.000     97.053     4.1049     4.1047  32.586242  32.589518     2.5499   59.93930  -39.52118     4.9573         72 0.0000e+00
       6617    275.678    100.000     99.034     4.0750     4.0743  32.558946  32.561105     2.5494   59.93930  -39.52118     4.9573         91 0.0000e+00
       6714    279.711    102.000    101.014     4.0664     4.0657  32.552774  32.554692     2.5479   59.93930  -39.52118     4.9573         72 0.0000e+00
       6805    283.505    104.000    102.994     4.0632     4.0625  32.551370  32.553142     2.5467   59.93930  -39.52118     4.9573        103 0.0000e+00
       7152    297.975    106.000    104.974     4.0671     4.0655  32.556185  32.557228     2.5447   59.93930  -39.52116     4.9573         79 0.0000e+00
       7222    300.879    108.000    106.954     4.0641     4.0635  32.555800  32.557315     2.5422   59.93931  -39.52116     4.9573         66 0.0000e+00
       7300    304.109    110.000    108.934     4.0675     4.0668  32.560421  32.561879     2.5384   59.93930  -39.52116     4.9573         64 0.0000e+00
       7342    305.866    112.000    110.915     4.0564     4.0554  32.550435  32.552923     2.5354   59.93930  -39.52114     4.9573         33 0.0000e+00
       7377    307.314    114.000    112.894     4.0527     4.0520  32.549580  32.550890     2.5362   59.93932  -39.52115     4.9573         41 0.0000e+00
       7434    309.693    116.000    114.875     4.0316     4.0307  32.529714  32.532341     2.5367   59.93932  -39.52115     4.9573         66 0.0000e+00
       7489    311.999    118.000    116.855     4.0172     4.0167  32.517309  32.519280     2.5354   59.93932  -39.52114     4.9573         50 0.0000e+00
       7541    314.171    120.000    118.835     4.0000     3.9992  32.501632  32.503751     2.5307   59.93932  -39.52114     4.9573         50 0.0000e+00
       7582    315.894    122.000    120.815     4.0071     4.0068  32.512218  32.513163     2.5296   59.93932  -39.52114     4.9573         34 0.0000e+00
       7617    317.343    124.000    122.794     4.0075     4.0068  32.513603  32.515890     2.5290   59.93932  -39.52114     4.9573         42 0.0000e+00
       7680    319.973    126.000    124.775     3.9956     3.9941  32.503495  32.504486     2.5267   59.93932  -39.52114     4.9573         71 0.0000e+00
       7730    322.030    128.000    126.754     3.9949     3.9946  32.504676  32.506233     2.5252   59.93932  -39.52114     4.9573         36 0.0000e+00
       7768    323.636    130.000    128.734     3.9882     3.9872  32.499032  32.500630     2.5249   59.93932  -39.52114     4.9573         43 0.0000e+00
       7813    325.508    132.000    130.714     3.9822     3.9812  32.494109  32.495863     2.5248   59.93932  -39.52114     4.9573         45 0.0000e+00
       7865    327.647    134.000    132.694     3.9725     3.9717  32.485830  32.487486     2.5252   59.93932  -39.52112     4.9573         63 0.0000e+00
       7928    330.294    136.000    134.674     3.9722     3.9715  32.486674  32.488250     2.5212   59.93932  -39.52114     4.9573         49 0.0000e+00
       7964    331.777    138.000    136.654     3.9694     3.9687  32.485641  32.487316     2.5167   59.93932  -39.52112     4.9573         32 0.0000e+00
       8000    333.306    140.000    138.634     3.9794     3.9788  32.498317  32.499282     2.5137   59.93932  -39.52112     4.9573         48 0.0000e+00
       8069    336.166    142.000    140.613     3.9761     3.9756  32.495790  32.498049     2.5103   59.93932  -39.52114     4.9573         68 0.0000e+00
       8113    338.003    144.000    142.593     3.9634     3.9624  32.484361  32.486674     2.5101   59.93932  -39.52113     4.9573         34 0.0000e+00
       8147    339.418    146.000    144.573     3.9538     3.9532  32.476618  32.478540     2.5099   59.93932  -39.52114     4.9573         37 0.0000e+00
       8191    341.240    148.000    146.553     3.9491     3.9484  32.473346  32.474983     2.5086   59.93932  -39.52114     4.9573         50 0.0000e+00
       8246    343.529    150.000    148.532     3.9454     3.9445  32.470890  32.472512     2.5065   59.93932  -39.52114     4.9573         60 0.0000e+00
       8305    345.986    152.000    150.512     3.9386     3.9379  32.465626  32.467532     2.5045   59.93932  -39.52114     4.9573         53 0.0000e+00
       8351    347.899    154.000    152.492     3.9361     3.9356  32.464731  32.466191     2.5039   59.93932  -39.52114     4.9573         41 0.0000e+00
       8389    349.493    156.000    154.472     3.9351     3.9345  32.465093  32.467020     2.5033   59.93932  -39.52114     4.9573         36 0.0000e+00
       8427    351.080    158.000    156.451     3.9312     3.9307  32.462605  32.464377     2.5023   59.93932  -39.52114     4.9573         44 0.0000e+00
       8492    353.810    160.000    158.431     3.9301     3.9295  32.462657  32.464207     2.5005   59.93932  -39.52115     4.9573         77 0.0000e+00
       8547    356.082    162.000    160.410     3.9304     3.9297  32.463999  32.465647     2.4988   59.93932  -39.52116     4.9573         37 0.0000e+00
       8582    357.538    164.000    162.390     3.9300     3.9295  32.464669  32.466468     2.4997   59.93932  -39.52115     4.9573         36 0.0000e+00
       8623    359.247    166.000    164.370     3.9125     3.9115  32.447718  32.450195     2.4998   59.93932  -39.52114     4.9573         49 0.0000e+00
       8680    361.632    168.000    166.349     3.9014     3.9011  32.438285  32.440320     2.5030   59.93932  -39.52116     4.9573         57 0.0000e+00
       8726    363.558    170.000    168.329     3.8856     3.8840  32.422488  32.425147     2.5067   59.93932  -39.52116     4.9573         39 0.0000e+00
       8771    365.414    172.000    170.308     3.8628     3.8621  32.402056  32.403948     2.5075   59.93932  -39.52116     4.9573         54 0.0000e+00
       8828    367.775    174.000    172.288     3.8543     3.8534  32.394879  32.396811     2.5083   59.93932  -39.52116     4.9573         51 0.0000e+00
       8869    369.504    176.000    174.267     3.8394     3.8384  32.381082  32.383396     2.5078   59.93932  -39.52117     4.9573         35 0.0000e+00
       8906    371.039    178.000    176.247     3.8353     3.8346  32.379556  32.381089     2.5059   59.93932  -39.52118     4.9573         45 0.0000e+00
       8972    373.809    180.000    178.226     3.8338     3.8329  32.379311  32.380841     2.5037   59.93932  -39.52117     4.9573         73 0.0000e+00
       9024    375.957    182.000    180.205     3.8300     3.8294  32.376929  32.378705     2.5044   59.93932  -39.52117     4.9573         40 0.0000e+00
       9063    377.568    184.000    182.185     3.8264     3.8258  32.374700  32.376456     2.5044   59.93932  -39.52118     4.9573         38 0.0000e+00
       9101    379.155    186.000    184.164     3.8237     3.8231  32.373213  32.374860     2.5043   59.93932  -39.52118     4.9573         38 0.0000e+00
       9142    380.886    188.000    186.144     3.8221     3.8214  32.372919  32.374593     2.5033   59.93932  -39.52118     4.9573         50 0.0000e+00
       9212    383.794    190.000    188.123     3.8180     3.8173  32.370253  32.371803     2.5014   59.93932  -39.52118     4.9573         73 0.0000e+00
       9261    385.824    192.000    190.102     3.8159     3.8153  32.369423  32.371108     2.4987   59.93932  -39.52118     4.9573         34 0.0000e+00
       9293    387.148    194.000    192.082     3.8148     3.8142  32.369757  32.371318     2.4976   59.93932  -39.52118     4.9573         33 0.0000e+00
       9334    388.890    196.000    194.061     3.8133     3.8126  32.369659  32.371269     2.4964   59.93932  -39.52118     4.9573         54 0.0000e+00
       9397    391.517    198.000    196.040     3.8110     3.8103  32.368824  32.370325     2.4939   59.93932  -39.52117     4.9573         64 0.0000e+00
       9453    393.836    200.000    198.019     3.8111     3.8104  32.370269  32.371808     2.4905   59.93932  -39.52116     4.9573         48 0.0000e+00
       9495    395.599    202.000    199.999     3.8125     3.8120  32.373312  32.374701     2.4870   59.93932  -39.52117     4.9573         38 0.0000e+00
       9529    397.005    204.000    201.978     3.8164     3.8161  32.378452  32.379936     2.4839   59.93932  -39.52117     4.9573         32 0.0000e+00
       9575    398.923    206.000    203.957     3.8171     3.8166  32.380285  32.381894     2.4806   59.93932  -39.52116     4.9573         72 0.0000e+00
       9649    402.010    208.000    205.936     3.8170     3.8162  32.381203  32.382503     2.4685   59.93932  -39.52116     4.9573         50 0.0000e+00
