Example_Files/SBE_Processing_Files/Processed_SBE_cast_files/downcasts/dar69-01_012.cnv
* Sea-Bird SBE 9 Data File:
* FileName = D:\data\ar69-01_012.hex
* Software Version Seasave V 7.26.7.107
* Temperature SN = 4491
* Conductivity SN = 3009
* Number of Bytes Per Scan = 44
* Number of Voltage Words = 5
* Number of Scans Averaged by the Deck Unit = 1
* NMEA Latitude = 59 56.36 N
* NMEA Longitude = 039 31.27 W
* NMEA UTC (Time) = Jun 30 2022  16:33:36
** Cruise ID: AR69-01
** Chief Sci:
** Station #: 012
** Site ID: Irminger SUMO
# nquan = 14
# nvalues = 760                         
# units = specified
# name 0 = scan: Scan Count
# name 1 = timeS: Time, Elapsed [seconds]
# name 2 = prDM: Pressure, Digiquartz [db]
# name 3 = depSM: Depth [salt water, m]
# name 4 = t090C: Temperature [ITS-90, deg C]
# name 5 = t190C: Temperature, 2 [ITS-90, deg C]
# name 6 = c0mS/cm: Conductivity [mS/cm]
# name 7 = c1mS/cm: Conductivity, 2 [mS/cm]
# name 8 = sbeox0V: Oxygen raw, SBE 43 [V]
# name 9 = latitude: Latitude [deg]
# name 10 = longitude: Longitude [deg]
# name 11 = v7: Voltage 7
# name 12 = nbin: number of scans per bin
# name 13 = flag: flag
# span 0 =       1882,      43509       
# span 1 =     78.359,   1812.814       
# span 2 =      4.000,   1522.000       
# span 3 =      3.962,   1502.173       
# span 4 =     3.3637,     6.9898       
# span 5 =     3.3632,     6.9865       
# span 6 =  32.179280,  35.061815       
# span 7 =  32.180434,  35.062747       
# span 8 =     2.0415,     2.8352       
# span 9 =   59.93930,   59.93936       
# span 10 =  -39.52124,  -39.52109      
# span 11 =     4.9563,     4.9573      
# span 12 =         26,        109      
# span 13 = 0.0000e+00, 0.0000e+00      
# interval = decibars: 2                
# start_time = Jun 30 2022 16:33:36 [NMEA time, first data scan]
# bad_flag = -9.990e-29
*END*
[from data line 207]
      14630    609.546    418.000    413.643     3.5045     3.5041  32.179759  32.181536     2.4475   59.93932  -39.52119     4.9573         48 0.0000e+00
      14689    611.993    420.000    415.620     3.5027     3.5021  32.179280  32.180434     2.4473   59.93932  -39.52119     4.9573         60 0.0000e+00
      14741    614.149    422.000    417.597     3.5087     3.5085  32.186401  32.187843     2.4459   59.93932  -39.52119     4.9573         48 0.0000e+00
      14786    616.023    424.000    419.574     3.5188     3.5180  32.197962  32.198261     2.4449   59.93932  -39.52118     4.9573         41 0.0000e+00
      14824    617.617    426.000    421.551     3.5226     3.5223  32.202208  32.203901     2.4448   59.93932  -39.52118     4.9573         39 0.0000e+00
      14872    619.630    428.000    423.528     3.5148     3.5146  32.194935  32.197380     2.4444   59.93932  -39.52118     4.9573         57 0.0000e+00
      14927    621.913    430.000    425.505     3.5045     3.5036  32.185833  32.187015     2.4442   59.93933  -39.52118     4.9573         49 0.0000e+00
      14975    623.906    432.000    427.483     3.5010     3.5002  32.183243  32.184547     2.4439   59.93933  -39.52118     4.9573         50 0.0000e+00
      15024    625.968    434.000    429.460     3.4997     3.4990  32.182972  32.184243     2.4436   59.93932  -39.52118     4.9573         44 0.0000e+00
      15063    627.567    436.000    431.437     3.4988     3.4983  32.183045  32.184526     2.4437   59.93932  -39.52118     4.9573         36 0.0000e+00
      15102    629.215    438.000    433.413     3.4989     3.4982  32.184092  32.185385     2.4431   59.93934  -39.52118     4.9573         50 0.0000e+00
      15172    632.111    440.000    435.390     3.4983     3.4975  32.184435  32.185588     2.4422   59.93933  -39.52118     4.9573         68 0.0000e+00
      15218    634.038    442.000    437.367     3.5005     3.4996  32.188050  32.188560     2.4413   59.93932  -39.52116     4.9573         39 0.0000e+00
      15260    635.810    444.000    439.344     3.5065     3.5060  32.194815  32.196236     2.4411   59.93932  -39.52117     4.9573         47 0.0000e+00
      15303    637.601    446.000    441.321     3.5047     3.5043  32.194066  32.195626     2.4402   59.93933  -39.52118     4.9573         35 0.0000e+00
      15338    639.045    448.000    443.298     3.5054     3.5050  32.195693  32.197140     2.4391   59.93934  -39.52118     4.9573         41 0.0000e+00
      15407    641.936    450.000    445.275     3.5067     3.5061  32.197685  32.199104     2.4379   59.93934  -39.52117     4.9573         81 0.0000e+00
      15460    644.120    452.000    447.252     3.5088     3.5085  32.201143  32.202415     2.4372   59.93934  -39.52116     4.9573         35 0.0000e+00
      15493    645.485    454.000    449.229     3.5055     3.5047  32.198496  32.199944     2.4372   59.93934  -39.52116     4.9573         33 0.0000e+00
      15531    647.079    456.000    451.205     3.5061     3.5054  32.200473  32.201566     2.4374   59.93934  -39.52116     4.9573         45 0.0000e+00
      15587    649.405    458.000    453.182     3.5086     3.5080  32.203894  32.205191     2.4365   59.93934  -39.52114     4.9573         69 0.0000e+00
      15657    652.333    460.000    455.159     3.5086     3.5078  32.204837  32.205976     2.4352   59.93934  -39.52114     4.9573         54 0.0000e+00
      15693    653.835    462.000    457.136     3.5091     3.5087  32.206477  32.207901     2.4341   59.93934  -39.52114     4.9573         29 0.0000e+00
      15722    655.060    464.000    459.113     3.5106     3.5101  32.208772  32.210134     2.4330   59.93934  -39.52113     4.9573         35 0.0000e+00
      15784    657.634    466.000    461.089     3.5118     3.5113  32.210961  32.212072     2.4321   59.93934  -39.52112     4.9573         76 0.0000e+00
      15837    659.818    468.000    463.066     3.5151     3.5145  32.215359  32.216559     2.4312   59.93934  -39.52113     4.9573         36 0.0000e+00
      15874    661.388    470.000    465.042     3.5178     3.5171  32.219042  32.220204     2.4303   59.93934  -39.52112     4.9573         45 0.0000e+00
      15924    663.479    472.000    467.019     3.5192     3.5186  32.221395  32.222682     2.4300   59.93934  -39.52112     4.9573         49 0.0000e+00
      15966    665.226    474.000    468.996     3.5193     3.5187  32.222374  32.223682     2.4294   59.93934  -39.52111     4.9573         41 0.0000e+00
      16022    667.521    476.000    470.972     3.5195     3.5189  32.223382  32.224726     2.4280   59.93934  -39.52112     4.9573         62 0.0000e+00
      16070    669.534    478.000    472.949     3.5194     3.5189  32.224429  32.225756     2.4273   59.93934  -39.52111     4.9573         38 0.0000e+00
      16108    671.116    480.000    474.926     3.5196     3.5189  32.225549  32.226775     2.4272   59.93934  -39.52111     4.9573         41 0.0000e+00
      16161    673.325    482.000    476.902     3.5191     3.5186  32.225785  32.227363     2.4256   59.93934  -39.52112     4.9573         64 0.0000e+00
      16220    675.799    484.000    478.879     3.5157     3.5149  32.223408  32.224568     2.4239   59.93936  -39.52110     4.9573         50 0.0000e+00
      16264    677.625    486.000    480.855     3.5096     3.5090  32.218174  32.219878     2.4234   59.93936  -39.52111     4.9573         40 0.0000e+00
      16304    679.290    488.000    482.832     3.5089     3.5084  32.218708  32.220066     2.4233   59.93934  -39.52112     4.9571         41 0.0000e+00
      16347    681.083    490.000    484.808     3.5097     3.5091  32.220298  32.221630     2.4233   59.93934  -39.52110     4.9571         46 0.0000e+00
      16396    683.120    492.000    486.785     3.5100     3.5097  32.221587  32.223034     2.4227   59.93936  -39.52111     4.9570         51 0.0000e+00
      16449    685.335    494.000    488.761     3.5134     3.5115  32.226135  32.225721     2.4203   59.93936  -39.52112     4.9570         55 0.0000e+00
      16499    687.422    496.000    490.738     3.5461     3.5450  32.261704  32.260256     2.4168   59.93936  -39.52110     4.9570         43 0.0000e+00
      16542    689.195    498.000    492.714     3.5582     3.5575  32.273703  32.274573     2.4148   59.93934  -39.52111     4.9570         47 0.0000e+00
      16595    691.414    500.000    494.690     3.5584     3.5581  32.274621  32.276249     2.4137   59.93934  -39.52112     4.9572         54 0.0000e+00
      16641    693.325    502.000    496.667     3.5534     3.5528  32.269683  32.272113     2.4152   59.93936  -39.52111     4.9573         39 0.0000e+00
      16679    694.905    504.000    498.643     3.5272     3.5270  32.244102  32.247280     2.4157   59.93936  -39.52112     4.9573         41 0.0000e+00
      16738    697.381    506.000    500.619     3.5069     3.5037  32.225032  32.224290     2.4154   59.93934  -39.52112     4.9573         73 0.0000e+00
      16794    699.720    508.000    502.596     3.5016     3.5011  32.221123  32.222413     2.4148   59.93934  -39.52110     4.9572         37 0.0000e+00
      16827    701.104    510.000    504.572     3.5046     3.5042  32.225260  32.226565     2.4135   59.93935  -39.52111     4.9570         35 0.0000e+00
      16874    703.041    512.000    506.548     3.5026     3.5019  32.224026  32.225432     2.4121   59.93934  -39.52112     4.9570         58 0.0000e+00
      16924    705.141    514.000    508.525     3.5010     3.5003  32.223923  32.224843     2.4112   59.93934  -39.52110     4.9573         39 0.0000e+00
      16965    706.838    516.000    510.501     3.5078     3.5074  32.231797  32.232880     2.4108   59.93935  -39.52112     4.9573         54 0.0000e+00
      17032    709.640    518.000    512.477     3.5176     3.5175  32.242888  32.244130     2.4090   59.93934  -39.52112     4.9573         58 0.0000e+00
      17071    711.245    520.000    514.453     3.5330     3.5341  32.260689  32.261985     2.4084   59.93934  -39.52110     4.9573         33 0.0000e+00
      17110    712.888    522.000    516.429     3.5498     3.5500  32.277873  32.279602     2.4081   59.93934  -39.52110     4.9570         49 0.0000e+00
      17164    715.135    524.000    518.406     3.5537     3.5532  32.282598  32.283813     2.4075   59.93934  -39.52112     4.9568         53 0.0000e+00
      17215    717.233    526.000    520.382     3.5513     3.5505  32.280818  32.281990     2.4066   59.93934  -39.52112     4.9571         50 0.0000e+00
      17263    719.252    528.000    522.358     3.5509     3.5503  32.281416  32.282597     2.4060   59.93934  -39.52110     4.9573         46 0.0000e+00
      17306    721.025    530.000    524.334     3.5524     3.5520  32.283885  32.285082     2.4056   59.93934  -39.52111     4.9573         40 0.0000e+00
      17351    722.915    532.000    526.310     3.5584     3.5576  32.290932  32.291811     2.4047   59.93934  -39.52112     4.9570         57 0.0000e+00
      17409    725.349    534.000    528.286     3.5597     3.5592  32.293079  32.294411     2.4037   59.93934  -39.52112     4.9571         47 0.0000e+00
      17445    726.845    536.000    530.262     3.5577     3.5570  32.291733  32.293219     2.4034   59.93934  -39.52110     4.9571         33 0.0000e+00
      17491    728.765    538.000    532.238     3.5566     3.5561  32.291662  32.293034     2.4037   59.93934  -39.52111     4.9569         67 0.0000e+00
      17559    731.573    540.000    534.214     3.5509     3.5503  32.286581  32.288456     2.4043   59.93934  -39.52112     4.9571         50 0.0000e+00
      17597    733.151    542.000    536.190     3.5482     3.5475  32.285351  32.286399     2.4040   59.93934  -39.52111     4.9571         35 0.0000e+00
      17636    734.796    544.000    538.166     3.5489     3.5482  32.286905  32.288117     2.4033   59.93934  -39.52110     4.9569         49 0.0000e+00
      17696    737.291    546.000    540.142     3.5486     3.5479  32.287547  32.288834     2.4038   59.93934  -39.52112     4.9570         57 0.0000e+00
      17739    739.078    548.000    542.118     3.5487     3.5482  32.288658  32.290066     2.4039   59.93934  -39.52112     4.9571         35 0.0000e+00
      17775    740.572    550.000    544.094     3.5485     3.5476  32.289324  32.290432     2.4039   59.93934  -39.52112     4.9570         41 0.0000e+00
      17832    742.949    552.000    546.070     3.5473     3.5468  32.289000  32.290460     2.4027   59.93934  -39.52112     4.9570         75 0.0000e+00
      17900    745.804    554.000    548.046     3.5463     3.5457  32.288919  32.290217     2.4019   59.93934  -39.52114     4.9570         48 0.0000e+00
      17934    747.210    556.000    550.022     3.5447     3.5441  32.288261  32.289667     2.4021   59.93934  -39.52113     4.9568         28 0.0000e+00
      17961    748.314    558.000    551.997     3.5438     3.5432  32.288298  32.289777     2.4015   59.93934  -39.52112     4.9569         27 0.0000e+00
      18018    750.724    560.000    553.973     3.5439     3.5433  32.289304  32.290561     2.4008   59.93934  -39.52115     4.9570         59 0.0000e+00
      18089    753.654    562.000    555.949     3.5430     3.5423  32.289310  32.290598     2.4002   59.93932  -39.52115     4.9570         37 0.0000e+00
      18125    755.167    564.000    557.925     3.5417     3.5411  32.289018  32.290312     2.3997   59.93932  -39.52114     4.9570         38 0.0000e+00
      18164    756.773    566.000    559.901     3.5416     3.5410  32.289768  32.291105     2.4000   59.93932  -39.52116     4.9569         37 0.0000e+00
      18203    758.433    568.000    561.876     3.5420     3.5414  32.291129  32.292398     2.3998   59.93932  -39.52118     4.9569         49 0.0000e+00
      18267    761.091    570.000    563.852     3.5430     3.5424  32.293028  32.294175     2.3980   59.93932  -39.52116     4.9569         65 0.0000e+00
      18318    763.188    572.000    565.828     3.5472     3.5465  32.298341  32.299454     2.3967   59.93932  -39.52117     4.9569         45 0.0000e+00
      18363    765.090    574.000    567.803     3.5450     3.5446  32.296969  32.298504     2.3957   59.93932  -39.52118     4.9569         44 0.0000e+00
      18404    766.775    576.000    569.779     3.5460     3.5455  32.299228  32.300430     2.3941   59.93932  -39.52118     4.9569         38 0.0000e+00
      18444    768.468    578.000    571.755     3.5504     3.5502  32.304776  32.306112     2.3923   59.93932  -39.52118     4.9570         45 0.0000e+00
      18493    770.516    580.000    573.731     3.5549     3.5541  32.310224  32.310963     2.3909   59.93932  -39.52118     4.9570         53 0.0000e+00
      18554    773.029    582.000    575.706     3.5567     3.5559  32.312690  32.313779     2.3892   59.93932  -39.52118     4.9569         65 0.0000e+00
      18608    775.280    584.000    577.682     3.5553     3.5547  32.312354  32.313640     2.3878   59.93932  -39.52118     4.9569         39 0.0000e+00
      18641    776.685    586.000    579.657     3.5573     3.5568  32.315497  32.316683     2.3869   59.93932  -39.52120     4.9570         35 0.0000e+00
      18687    778.570    588.000    581.633     3.5581     3.5576  32.316950  32.318372     2.3866   59.93932  -39.52120     4.9570         59 0.0000e+00
      18748    781.116    590.000    583.608     3.5551     3.5545  32.314866  32.316199     2.3869   59.93932  -39.52120     4.9570         53 0.0000e+00
      18789    782.854    592.000    585.584     3.5539     3.5534  32.314595  32.316084     2.3868   59.93932  -39.52120     4.9569         35 0.0000e+00
      18827    784.418    594.000    587.560     3.5520     3.5514  32.313622  32.315051     2.3868   59.93932  -39.52120     4.9570         44 0.0000e+00
      18879    786.599    596.000    589.535     3.5500     3.5494  32.312685  32.313918     2.3871   59.93932  -39.52120     4.9569         57 0.0000e+00
      18933    788.836    598.000    591.510     3.5492     3.5487  32.312782  32.314116     2.3860   59.93932  -39.52118     4.9569         50 0.0000e+00
      18980    790.794    600.000    593.486     3.5490     3.5485  32.313611  32.314856     2.3857   59.93932  -39.52120     4.9569         44 0.0000e+00
      19019    792.413    602.000    595.461     3.5494     3.5489  32.314970  32.316272     2.3854   59.93932  -39.52120     4.9569         35 0.0000e+00
      19061    794.150    604.000    597.437     3.5497     3.5491  32.316099  32.317348     2.3852   59.93932  -39.52119     4.9568         56 0.0000e+00
      19143    797.583    606.000    599.412     3.5499     3.5494  32.317250  32.318417     2.3843   59.93932  -39.52118     4.9569         56 0.0000e+00
      19175    798.929    608.000    601.387     3.5506     3.5501  32.318934  32.320280     2.3839   59.93932  -39.52118     4.9568         31 0.0000e+00
      19209    800.317    610.000    603.363     3.5506     3.5500  32.319806  32.321085     2.3831   59.93932  -39.52118     4.9568         40 0.0000e+00
      19258    802.372    612.000    605.338     3.5515     3.5509  32.321595  32.322782     2.3817   59.93932  -39.52118     4.9570         53 0.0000e+00
      19307    804.405    614.000    607.313     3.5514     3.5508  32.322288  32.323671     2.3808   59.93933  -39.52118     4.9568         47 0.0000e+00
      19355    806.408    616.000    609.289     3.5505     3.5499  32.322349  32.323635     2.3803   59.93934  -39.52118     4.9571         52 0.0000e+00
      19414    808.857    618.000    611.264     3.5498     3.5491  32.322511  32.323793     2.3797   59.93934  -39.52116     4.9570         54 0.0000e+00
      19453    810.520    620.000    613.239     3.5486     3.5480  32.322240  32.323616     2.3792   59.93934  -39.52117     4.9570         33 0.0000e+00
