Example_Files/SBE_Processing_Files/Processed_SBE_cast_files/downcasts/dar69-01_008.cnv
* Sea-Bird SBE 9 Data File:
* FileName = D:\data\ar69-01_008.hex
* Software Version Seasave V 7.26.7.107
* Temperature SN = 4491
* Conductivity SN = 3009
* Number of Bytes Per Scan = 44
* Number of Voltage Words = 5
* Number of Scans Averaged by the Deck Unit = 1
* NMEA Latitude = 55 58.83 N
* NMEA Longitude = 043 11.33 W
* NMEA UTC (Time) = Jun 27 2022  11:04:26
** Cruise ID: AR69-01
** Chief Sci:
** Station #: 008
** Site ID: Transit - cal. dip (microcats)
# nquan = 14
# nvalues = 1525                        
# units = specified
# name 0 = scan: Scan Count
# name 1 = timeS: Time, Elapsed [seconds]
# name 2 = prDM: Pressure, Digiquartz [db]
# name 3 = depSM: Depth [salt water, m]
# name 4 = t090C: Temperature [ITS-90, deg C]
# name 5 = t190C: Temperature, 2 [ITS-90, deg C]
# name 6 = c0mS/cm: Conductivity [mS/cm]
# name 7 = c1mS/cm: Conductivity, 2 [mS/cm]
# name 8 = sbeox0V: Oxygen raw, SBE 43 [V]
# name 9 = latitude: Latitude [deg]
# name 10 = longitude: Longitude [deg]
# name 11 = v7: Voltage 7
# name 12 = nbin: number of scans per bin
# name 13 = flag: flag
# span 0 =        -71,      96249       
# span 1 =     -2.989,   4010.336       
# span 2 =      4.000,   3052.000       
# span 3 =      3.964,   3002.495       
# span 4 =     2.6898,     5.8333       
# span 5 =     2.6901,     5.8327       
# span 6 =  31.819345,  33.945955       
# span 7 =  31.820993,  33.948187       
# span 8 =     1.7227,     2.8170       
# span 9 =   55.98054,   55.98071       
# span 10 =  -43.18880,  -43.18475      
# span 11 =     4.9560,     4.9573      
# span 12 =         18,        111      
# span 13 = 0.0000e+00, 0.0000e+00      
# interval = decibars: 2                
# start_time = Jun 27 2022 11:04:26 [NMEA time, first data scan]
# bad_flag = -9.990e-29
*END*
[from data line 413]
      23135    963.899    830.000    820.806     3.3664     3.3658  32.236671  32.237912     2.2984   55.98060  -43.18766     4.9568         57 0.0000e+00
      23177    965.671    832.000    822.780     3.3667     3.3663  32.237928  32.239472     2.2987   55.98060  -43.18766     4.9567         33 0.0000e+00
      23206    966.885    834.000    824.754     3.3672     3.3666  32.239283  32.240590     2.2983   55.98060  -43.18764     4.9567         28 0.0000e+00
      23242    968.357    836.000    826.728     3.3681     3.3674  32.240886  32.242193     2.2979   55.98060  -43.18764     4.9567         48 0.0000e+00
      23343    972.566    838.000    828.702     3.3686     3.3681  32.242332  32.243660     2.2944   55.98060  -43.18766     4.9568         57 0.0000e+00
      23378    974.035    840.000    830.675     3.3713     3.3709  32.246188  32.247484     2.2932   55.98060  -43.18766     4.9568         31 0.0000e+00
      23405    975.161    842.000    832.649     3.3737     3.3731  32.249588  32.250852     2.2926   55.98060  -43.18765     4.9568         25 0.0000e+00
      23431    976.247    844.000    834.623     3.3777     3.3772  32.254711  32.255795     2.2922   55.98060  -43.18764     4.9567         28 0.0000e+00
      23495    978.905    846.000    836.597     3.3795     3.3791  32.257009  32.258600     2.2906   55.98060  -43.18765     4.9567         63 0.0000e+00
      23571    982.063    848.000    838.571     3.3807     3.3803  32.259317  32.260650     2.2888   55.98060  -43.18767     4.9567         37 0.0000e+00
      23602    983.381    850.000    840.545     3.3840     3.3835  32.263641  32.264846     2.2880   55.98060  -43.18766     4.9566         30 0.0000e+00
      23632    984.637    852.000    842.518     3.3846     3.3840  32.265050  32.266353     2.2874   55.98060  -43.18766     4.9567         33 0.0000e+00
      23673    986.345    854.000    844.492     3.3848     3.3842  32.266059  32.267394     2.2868   55.98060  -43.18764     4.9567         53 0.0000e+00
      23752    989.614    856.000    846.466     3.3850     3.3843  32.267055  32.268322     2.2848   55.98060  -43.18766     4.9567         84 0.0000e+00
      23803    991.750    858.000    848.439     3.3839     3.3833  32.267104  32.268336     2.2849   55.98060  -43.18766     4.9567         30 0.0000e+00
      23829    992.816    860.000    850.413     3.3835     3.3829  32.267593  32.268909     2.2849   55.98060  -43.18766     4.9568         25 0.0000e+00
      23857    994.016    862.000    852.386     3.3833     3.3829  32.268394  32.269899     2.2845   55.98060  -43.18766     4.9566         36 0.0000e+00
      23941    997.505    864.000    854.360     3.3838     3.3831  32.269605  32.270896     2.2821   55.98060  -43.18766     4.9567         53 0.0000e+00
      23982    999.204    866.000    856.334     3.3873     3.3857  32.274680  32.274536     2.2805   55.98060  -43.18766     4.9567         29 0.0000e+00
      24010   1000.393    868.000    858.307     3.3931     3.3928  32.281416  32.282717     2.2797   55.98060  -43.18766     4.9567         31 0.0000e+00
      24055   1002.245    870.000    860.281     3.3948     3.3940  32.283893  32.285013     2.2790   55.98061  -43.18766     4.9567         66 0.0000e+00
      24122   1005.060    872.000    862.254     3.3930     3.3924  32.283046  32.284391     2.2778   55.98060  -43.18766     4.9568         54 0.0000e+00
      24169   1007.013    874.000    864.228     3.3940     3.3934  32.285112  32.286253     2.2771   55.98060  -43.18766     4.9567         45 0.0000e+00
      24215   1008.935    876.000    866.201     3.3920     3.3912  32.283895  32.284908     2.2771   55.98062  -43.18766     4.9567         47 0.0000e+00
      24258   1010.698    878.000    868.175     3.3904     3.3899  32.282924  32.284599     2.2774   55.98062  -43.18766     4.9567         38 0.0000e+00
      24298   1012.365    880.000    870.148     3.3867     3.3858  32.280140  32.281208     2.2777   55.98062  -43.18766     4.9567         47 0.0000e+00
      24357   1014.840    882.000    872.122     3.3797     3.3796  32.273877  32.275930     2.2794   55.98062  -43.18766     4.9567         61 0.0000e+00
      24406   1016.887    884.000    874.095     3.3666     3.3674  32.261503  32.264699     2.2809   55.98062  -43.18766     4.9566         44 0.0000e+00
      24449   1018.668    886.000    876.068     3.3603     3.3595  32.256249  32.257372     2.2812   55.98062  -43.18766     4.9567         41 0.0000e+00
      24492   1020.478    888.000    878.042     3.3624     3.3625  32.259330  32.261184     2.2804   55.98062  -43.18766     4.9567         48 0.0000e+00
      24542   1022.546    890.000    880.015     3.3655     3.3646  32.263486  32.264240     2.2794   55.98062  -43.18766     4.9567         48 0.0000e+00
      24589   1024.507    892.000    881.989     3.3709     3.3717  32.270017  32.272353     2.2785   55.98062  -43.18765     4.9567         47 0.0000e+00
      24636   1026.462    894.000    883.962     3.3772     3.3765  32.277183  32.278295     2.2774   55.98062  -43.18764     4.9567         47 0.0000e+00
      24692   1028.774    896.000    885.935     3.3778     3.3771  32.278687  32.279942     2.2758   55.98062  -43.18765     4.9567         67 0.0000e+00
      24750   1031.208    898.000    887.909     3.3749     3.3738  32.276737  32.277573     2.2751   55.98062  -43.18765     4.9567         41 0.0000e+00
      24782   1032.548    900.000    889.882     3.3712     3.3707  32.274137  32.275719     2.2752   55.98062  -43.18764     4.9567         29 0.0000e+00
      24815   1033.920    902.000    891.855     3.3721     3.3714  32.276072  32.277271     2.2752   55.98062  -43.18764     4.9568         41 0.0000e+00
      24878   1036.531    904.000    893.828     3.3725     3.3719  32.277370  32.278631     2.2739   55.98062  -43.18764     4.9567         71 0.0000e+00
      24931   1038.729    906.000    895.802     3.3738     3.3735  32.279737  32.281136     2.2728   55.98062  -43.18764     4.9566         44 0.0000e+00
      24974   1040.525    908.000    897.775     3.3752     3.3746  32.282034  32.283185     2.2726   55.98062  -43.18764     4.9567         43 0.0000e+00
      25019   1042.409    910.000    899.748     3.3753     3.3745  32.282921  32.283885     2.2720   55.98062  -43.18764     4.9567         47 0.0000e+00
      25065   1044.344    912.000    901.721     3.3768     3.3763  32.285384  32.286720     2.2709   55.98062  -43.18764     4.9568         46 0.0000e+00
      25115   1046.430    914.000    903.694     3.3798     3.3793  32.289401  32.290531     2.2701   55.98062  -43.18764     4.9567         54 0.0000e+00
      25164   1048.469    916.000    905.667     3.3803     3.3798  32.290798  32.292100     2.2684   55.98062  -43.18764     4.9567         42 0.0000e+00
      25207   1050.229    918.000    907.640     3.3820     3.3812  32.293482  32.294570     2.2670   55.98062  -43.18764     4.9567         46 0.0000e+00
      25261   1052.498    920.000    909.614     3.3811     3.3803  32.293482  32.294682     2.2667   55.98062  -43.18764     4.9567         57 0.0000e+00
      25306   1054.383    922.000    911.587     3.3782     3.3778  32.291607  32.293095     2.2672   55.98062  -43.18764     4.9567         37 0.0000e+00
      25345   1055.992    924.000    913.560     3.3797     3.3792  32.294022  32.295299     2.2666   55.98060  -43.18763     4.9566         45 0.0000e+00
      25406   1058.552    926.000    915.533     3.3805     3.3803  32.295764  32.297493     2.2659   55.98060  -43.18764     4.9567         64 0.0000e+00
      25452   1060.461    928.000    917.506     3.3764     3.3761  32.292672  32.294350     2.2654   55.98060  -43.18764     4.9567         36 0.0000e+00
      25488   1061.974    930.000    919.479     3.3746     3.3742  32.291793  32.293119     2.2654   55.98060  -43.18764     4.9567         38 0.0000e+00
      25531   1063.755    932.000    921.452     3.3748     3.3744  32.292809  32.294318     2.2655   55.98060  -43.18764     4.9567         48 0.0000e+00
      25582   1065.890    934.000    923.425     3.3751     3.3747  32.293881  32.295388     2.2650   55.98060  -43.18763     4.9567         57 0.0000e+00
      25649   1068.663    936.000    925.398     3.3765     3.3759  32.296218  32.297443     2.2630   55.98060  -43.18763     4.9566         68 0.0000e+00
      25702   1070.890    938.000    927.370     3.3809     3.3807  32.301833  32.303261     2.2611   55.98060  -43.18764     4.9568         40 0.0000e+00
      25736   1072.303    940.000    929.343     3.3856     3.3852  32.307677  32.309131     2.2599   55.98060  -43.18763     4.9567         31 0.0000e+00
      25766   1073.562    942.000    931.316     3.3861     3.3856  32.309094  32.310351     2.2595   55.98060  -43.18762     4.9567         32 0.0000e+00
      25813   1075.515    944.000    933.289     3.3860     3.3855  32.309753  32.311096     2.2589   55.98060  -43.18763     4.9567         71 0.0000e+00
      25890   1078.693    946.000    935.262     3.3863     3.3860  32.310944  32.312510     2.2571   55.98060  -43.18764     4.9566         57 0.0000e+00
      25928   1080.291    948.000    937.235     3.3864     3.3856  32.312034  32.313078     2.2570   55.98060  -43.18763     4.9565         33 0.0000e+00
      25967   1081.916    950.000    939.208     3.3848     3.3843  32.311266  32.312662     2.2567   55.98060  -43.18762     4.9566         52 0.0000e+00
      26029   1084.483    952.000    941.180     3.3843     3.3837  32.311660  32.312935     2.2559   55.98060  -43.18764     4.9568         52 0.0000e+00
      26064   1085.974    954.000    943.153     3.3841     3.3836  32.312396  32.313850     2.2559   55.98060  -43.18764     4.9567         31 0.0000e+00
      26098   1087.358    956.000    945.126     3.3836     3.3829  32.312748  32.313856     2.2556   55.98060  -43.18763     4.9568         40 0.0000e+00
      26165   1090.182    958.000    947.098     3.3823     3.3815  32.312269  32.313392     2.2554   55.98060  -43.18763     4.9566         79 0.0000e+00
      26221   1092.513    960.000    949.071     3.3800     3.3795  32.311074  32.312548     2.2543   55.98060  -43.18763     4.9567         46 0.0000e+00
      26266   1094.357    962.000    951.044     3.3790     3.3784  32.311109  32.312416     2.2536   55.98060  -43.18762     4.9567         39 0.0000e+00
      26298   1095.699    964.000    953.017     3.3786     3.3782  32.311836  32.313097     2.2534   55.98060  -43.18764     4.9567         29 0.0000e+00
      26330   1097.033    966.000    954.989     3.3789     3.3784  32.313036  32.314317     2.2530   55.98060  -43.18764     4.9567         39 0.0000e+00
      26399   1099.925    968.000    956.962     3.3800     3.3792  32.314823  32.315786     2.2527   55.98060  -43.18762     4.9566         82 0.0000e+00
      26456   1102.292    970.000    958.935     3.3801     3.3796  32.316001  32.317276     2.2521   55.98060  -43.18764     4.9566         44 0.0000e+00
      26500   1104.118    972.000    960.907     3.3801     3.3795  32.316732  32.318076     2.2515   55.98059  -43.18764     4.9568         43 0.0000e+00
      26539   1105.752    974.000    962.880     3.3792     3.3787  32.316987  32.318220     2.2512   55.98058  -43.18764     4.9566         36 0.0000e+00
      26574   1107.218    976.000    964.852     3.3794     3.3790  32.318053  32.319379     2.2512   55.98059  -43.18763     4.9569         38 0.0000e+00
      26629   1109.498    978.000    966.825     3.3808     3.3801  32.320216  32.321359     2.2503   55.98059  -43.18762     4.9567         75 0.0000e+00
      26701   1112.493    980.000    968.798     3.3829     3.3823  32.323398  32.324702     2.2492   55.98058  -43.18763     4.9567         54 0.0000e+00
      26743   1114.255    982.000    970.770     3.3828     3.3821  32.324252  32.325301     2.2489   55.98058  -43.18764     4.9568         38 0.0000e+00
      26779   1115.740    984.000    972.743     3.3830     3.3824  32.325395  32.326583     2.2485   55.98058  -43.18764     4.9566         34 0.0000e+00
      26813   1117.163    986.000    974.715     3.3844     3.3840  32.327810  32.329132     2.2482   55.98058  -43.18762     4.9570         35 0.0000e+00
      26855   1118.919    988.000    976.687     3.3824     3.3817  32.326670  32.327896     2.2474   55.98058  -43.18762     4.9568         55 0.0000e+00
      26927   1121.903    990.000    978.660     3.3810     3.3805  32.326144  32.327425     2.2465   55.98058  -43.18763     4.9568         76 0.0000e+00
      26984   1124.278    992.000    980.632     3.3813     3.3806  32.327401  32.328484     2.2458   55.98058  -43.18764     4.9569         39 0.0000e+00
      27017   1125.648    994.000    982.605     3.3814     3.3809  32.328299  32.329664     2.2453   55.98058  -43.18763     4.9564         32 0.0000e+00
      27052   1127.126    996.000    984.577     3.3814     3.3809  32.329128  32.330444     2.2447   55.98058  -43.18762     4.9566         43 0.0000e+00
      27102   1129.205    998.000    986.549     3.3817     3.3812  32.330294  32.331613     2.2441   55.98059  -43.18762     4.9570         51 0.0000e+00
      27151   1131.245   1000.000    988.522     3.3818     3.3813  32.331240  32.332567     2.2432   55.98060  -43.18762     4.9566         55 0.0000e+00
      27218   1134.032   1002.000    990.494     3.3818     3.3811  32.332065  32.333135     2.2431   55.98058  -43.18763     4.9568         63 0.0000e+00
      27264   1135.966   1004.000    992.466     3.3813     3.3808  32.332465  32.333717     2.2434   55.98058  -43.18764     4.9570         37 0.0000e+00
      27298   1137.385   1006.000    994.439     3.3805     3.3802  32.332589  32.334143     2.2439   55.98059  -43.18762     4.9569         33 0.0000e+00
      27332   1138.794   1008.000    996.411     3.3803     3.3798  32.333277  32.334525     2.2442   55.98060  -43.18760     4.9568         35 0.0000e+00
      27371   1140.407   1010.000    998.383     3.3793     3.3789  32.333107  32.334488     2.2438   55.98060  -43.18761     4.9568         47 0.0000e+00
      27457   1144.016   1012.000   1000.355     3.3796     3.3790  32.334353  32.335473     2.2418   55.98059  -43.18763     4.9569         57 0.0000e+00
      27504   1145.941   1014.000   1002.328     3.3793     3.3793  32.335384  32.337119     2.2409   55.98060  -43.18764     4.9568         36 0.0000e+00
      27536   1147.291   1016.000   1004.300     3.3779     3.3774  32.334966  32.336358     2.2404   55.98060  -43.18762     4.9568         31 0.0000e+00
      27567   1148.595   1018.000   1006.272     3.3777     3.3771  32.335605  32.336964     2.2404   55.98060  -43.18761     4.9567         34 0.0000e+00
      27624   1150.949   1020.000   1008.244     3.3756     3.3750  32.334324  32.335504     2.2402   55.98060  -43.18760     4.9567         84 0.0000e+00
      27696   1153.947   1022.000   1010.216     3.3764     3.3761  32.336070  32.337538     2.2395   55.98060  -43.18762     4.9567         45 0.0000e+00
      27731   1155.423   1024.000   1012.188     3.3762     3.3758  32.336768  32.338263     2.2396   55.98060  -43.18762     4.9568         32 0.0000e+00
      27762   1156.702   1026.000   1014.160     3.3736     3.3731  32.335155  32.336465     2.2396   55.98060  -43.18762     4.9567         32 0.0000e+00
      27813   1158.822   1028.000   1016.132     3.3738     3.3732  32.336053  32.337272     2.2394   55.98060  -43.18760     4.9566         74 0.0000e+00
      27875   1161.411   1030.000   1018.104     3.3742     3.3738  32.337350  32.338790     2.2386   55.98060  -43.18761     4.9567         42 0.0000e+00
      27916   1163.142   1032.000   1020.076     3.3759     3.3756  32.339947  32.341362     2.2383   55.98060  -43.18762     4.9567         44 0.0000e+00
      27960   1164.956   1034.000   1022.049     3.3757     3.3751  32.340460  32.341723     2.2381   55.98060  -43.18762     4.9566         41 0.0000e+00
