Example_Files/SBE_Processing_Files/Processed_SBE_cast_files/downcasts/dar69-01_006.cnv
* Sea-Bird SBE 9 Data File:
* FileName = D:\data\ar69-01_006.hex
* Software Version Seasave V 7.26.7.107
* Temperature SN = 4491
* Conductivity SN = 3009
* Number of Bytes Per Scan = 44
* Number of Voltage Words = 5
* Number of Scans Averaged by the Deck Unit = 1
* NMEA Latitude = 53 37.21 N
* NMEA Longitude = 045 39.53 W
* NMEA UTC (Time) = Jun 26 2022  10:51:22
** Cruise ID: AR69-01
** Chief Sci:
** Station #: 006
** Site ID: Transit - acoustic release test
# nquan = 14
# nvalues = 1524                        
# units = specified
# name 0 = scan: Scan Count
# name 1 = timeS: Time, Elapsed [seconds]
# name 2 = prDM: Pressure, Digiquartz [db]
# name 3 = depSM: Depth [salt water, m]
# name 4 = t090C: Temperature [ITS-90, deg C]
# name 5 = t190C: Temperature, 2 [ITS-90, deg C]
# name 6 = c0mS/cm: Conductivity [mS/cm]
# name 7 = c1mS/cm: Conductivity, 2 [mS/cm]
# name 8 = sbeox0V: Oxygen raw, SBE 43 [V]
# name 9 = latitude: Latitude [deg]
# name 10 = longitude: Longitude [deg]
# name 11 = v7: Voltage 7
# name 12 = nbin: number of scans per bin
# name 13 = flag: flag
# span 0 =       1051,      88465       
# span 1 =     43.752,   3685.998       
# span 2 =      4.000,   3050.000       
# span 3 =      3.964,   3001.157       
# span 4 =     2.6753,     9.2181       
# span 5 =     2.6756,     9.2169       
# span 6 =  32.441566,  36.965802       
# span 7 =  32.444591,  36.968150       
# span 8 =     1.7247,     2.8890       
# span 9 =   53.62022,   53.62026       
# span 10 =  -45.65882,  -45.65874      
# span 11 =     4.9560,     4.9576      
# span 12 =         23,        109      
# span 13 = 0.0000e+00, 0.0000e+00      
# interval = decibars: 2                
# start_time = Jun 26 2022 10:51:22 [NMEA time, first data scan]
# bad_flag = -9.990e-29
*END*
[from data line 620]
      34046   1418.539   1244.000   1229.259     3.5910     3.5904  32.648345  32.649736     2.1488   53.62022  -45.65878     4.9566         54 0.0000e+00
      34117   1421.492   1246.000   1231.230     3.5903     3.5897  32.648492  32.649835     2.1482   53.62024  -45.65878     4.9568         37 0.0000e+00
      34149   1422.843   1248.000   1233.200     3.5878     3.5874  32.647010  32.648400     2.1482   53.62024  -45.65878     4.9567         37 0.0000e+00
      34194   1424.709   1250.000   1235.171     3.5886     3.5882  32.648685  32.650206     2.1479   53.62022  -45.65879     4.9567         54 0.0000e+00
      34247   1426.925   1252.000   1237.141     3.5874     3.5869  32.648386  32.649725     2.1473   53.62023  -45.65879     4.9567         47 0.0000e+00
      34291   1428.745   1254.000   1239.112     3.5866     3.5861  32.648505  32.649993     2.1465   53.62024  -45.65878     4.9567         44 0.0000e+00
      34337   1430.687   1256.000   1241.082     3.5840     3.5836  32.646794  32.648308     2.1460   53.62024  -45.65878     4.9567         47 0.0000e+00
      34383   1432.577   1258.000   1243.052     3.5817     3.5811  32.645447  32.646860     2.1461   53.62022  -45.65878     4.9566         45 0.0000e+00
      34432   1434.612   1260.000   1245.023     3.5785     3.5778  32.643230  32.644431     2.1464   53.62023  -45.65880     4.9567         54 0.0000e+00
      34487   1436.915   1262.000   1246.993     3.5789     3.5783  32.644545  32.645838     2.1457   53.62024  -45.65878     4.9566         53 0.0000e+00
      34533   1438.838   1264.000   1248.963     3.5788     3.5783  32.645487  32.646805     2.1450   53.62024  -45.65878     4.9566         40 0.0000e+00
      34574   1440.546   1266.000   1250.933     3.5781     3.5776  32.645745  32.647074     2.1449   53.62024  -45.65880     4.9566         45 0.0000e+00
      34626   1442.722   1268.000   1252.904     3.5765     3.5760  32.644990  32.646390     2.1449   53.62024  -45.65879     4.9567         55 0.0000e+00
      34673   1444.687   1270.000   1254.874     3.5758     3.5752  32.645138  32.646511     2.1444   53.62024  -45.65878     4.9566         43 0.0000e+00
      34722   1446.702   1272.000   1256.844     3.5757     3.5752  32.645915  32.647297     2.1431   53.62024  -45.65878     4.9567         53 0.0000e+00
      34770   1448.715   1274.000   1258.814     3.5751     3.5746  32.646247  32.647665     2.1430   53.62024  -45.65879     4.9566         42 0.0000e+00
      34811   1450.432   1276.000   1260.784     3.5740     3.5734  32.646102  32.647458     2.1431   53.62024  -45.65879     4.9565         43 0.0000e+00
      34857   1452.319   1278.000   1262.755     3.5735     3.5730  32.646582  32.647938     2.1428   53.62024  -45.65878     4.9567         47 0.0000e+00
      34907   1454.436   1280.000   1264.725     3.5726     3.5722  32.646663  32.648083     2.1421   53.62024  -45.65878     4.9566         57 0.0000e+00
      34965   1456.818   1282.000   1266.695     3.5719     3.5713  32.646777  32.648048     2.1413   53.62023  -45.65878     4.9567         51 0.0000e+00
      35010   1458.697   1284.000   1268.665     3.5721     3.5716  32.647887  32.649341     2.1412   53.62022  -45.65878     4.9566         41 0.0000e+00
      35049   1460.314   1286.000   1270.635     3.5701     3.5696  32.646836  32.648216     2.1411   53.62023  -45.65878     4.9566         38 0.0000e+00
      35091   1462.096   1288.000   1272.605     3.5705     3.5700  32.648074  32.649445     2.1409   53.62022  -45.65878     4.9566         55 0.0000e+00
      35163   1465.065   1290.000   1274.575     3.5705     3.5700  32.648923  32.650284     2.1399   53.62022  -45.65878     4.9567         62 0.0000e+00
      35202   1466.690   1292.000   1276.545     3.5678     3.5673  32.647115  32.648657     2.1401   53.62022  -45.65878     4.9567         33 0.0000e+00
      35235   1468.077   1294.000   1278.515     3.5656     3.5650  32.645925  32.647268     2.1399   53.62022  -45.65878     4.9567         37 0.0000e+00
      35287   1470.237   1296.000   1280.485     3.5618     3.5613  32.642845  32.644390     2.1395   53.62022  -45.65878     4.9567         68 0.0000e+00
      35346   1472.693   1298.000   1282.455     3.5585     3.5580  32.640676  32.642062     2.1396   53.62022  -45.65878     4.9565         42 0.0000e+00
      35381   1474.172   1300.000   1284.425     3.5575     3.5568  32.640533  32.641857     2.1396   53.62022  -45.65878     4.9566         34 0.0000e+00
      35428   1476.109   1302.000   1286.395     3.5565     3.5560  32.640448  32.641775     2.1392   53.62022  -45.65878     4.9566         69 0.0000e+00
      35495   1478.921   1304.000   1288.365     3.5560     3.5554  32.640858  32.642108     2.1388   53.62022  -45.65878     4.9566         45 0.0000e+00
      35529   1480.345   1306.000   1290.335     3.5556     3.5551  32.641423  32.642878     2.1386   53.62022  -45.65878     4.9567         35 0.0000e+00
      35574   1482.225   1308.000   1292.305     3.5529     3.5524  32.639674  32.641056     2.1383   53.62022  -45.65878     4.9566         56 0.0000e+00
      35626   1484.366   1310.000   1294.275     3.5514     3.5510  32.639061  32.640515     2.1377   53.62022  -45.65878     4.9566         43 0.0000e+00
      35669   1486.159   1312.000   1296.244     3.5503     3.5497  32.638756  32.640103     2.1373   53.62022  -45.65878     4.9566         46 0.0000e+00
      35717   1488.151   1314.000   1298.214     3.5489     3.5483  32.638225  32.639603     2.1368   53.62022  -45.65878     4.9566         49 0.0000e+00
      35765   1490.183   1316.000   1300.184     3.5481     3.5476  32.638276  32.639669     2.1366   53.62022  -45.65878     4.9567         48 0.0000e+00
      35813   1492.182   1318.000   1302.154     3.5481     3.5475  32.639134  32.640518     2.1365   53.62022  -45.65878     4.9567         48 0.0000e+00
      35863   1494.258   1320.000   1304.124     3.5467     3.5462  32.638628  32.640068     2.1365   53.62022  -45.65878     4.9566         50 0.0000e+00
      35909   1496.168   1322.000   1306.093     3.5443     3.5437  32.637270  32.638517     2.1365   53.62022  -45.65878     4.9566         41 0.0000e+00
      35947   1497.769   1324.000   1308.063     3.5440     3.5435  32.637871  32.639227     2.1361   53.62022  -45.65878     4.9565         40 0.0000e+00
      36003   1500.088   1326.000   1310.033     3.5435     3.5430  32.638023  32.639450     2.1353   53.62022  -45.65878     4.9566         70 0.0000e+00
      36061   1502.511   1328.000   1312.002     3.5422     3.5417  32.637707  32.639132     2.1346   53.62022  -45.65878     4.9566         43 0.0000e+00
      36104   1504.294   1330.000   1313.972     3.5413     3.5408  32.637722  32.639195     2.1341   53.62022  -45.65880     4.9566         45 0.0000e+00
      36148   1506.119   1332.000   1315.942     3.5405     3.5399  32.637925  32.639179     2.1341   53.62022  -45.65880     4.9567         41 0.0000e+00
      36186   1507.713   1334.000   1317.911     3.5374     3.5368  32.635612  32.637160     2.1341   53.62022  -45.65878     4.9568         37 0.0000e+00
      36228   1509.439   1336.000   1319.881     3.5344     3.5339  32.633482  32.634803     2.1342   53.62022  -45.65878     4.9566         50 0.0000e+00
      36305   1512.685   1338.000   1321.851     3.5325     3.5318  32.632250  32.633603     2.1336   53.62022  -45.65880     4.9566         85 0.0000e+00
      36355   1514.752   1340.000   1323.820     3.5314     3.5309  32.632194  32.633567     2.1337   53.62022  -45.65880     4.9566         28 0.0000e+00
      36380   1515.810   1342.000   1325.790     3.5294     3.5291  32.631100  32.632648     2.1337   53.62022  -45.65879     4.9566         26 0.0000e+00
      36408   1516.974   1344.000   1327.759     3.5297     3.5291  32.632332  32.633492     2.1335   53.62022  -45.65878     4.9568         33 0.0000e+00
      36481   1520.000   1346.000   1329.729     3.5304     3.5299  32.633829  32.635129     2.1324   53.62022  -45.65880     4.9566         65 0.0000e+00
      36543   1522.582   1348.000   1331.698     3.5302     3.5297  32.634542  32.636040     2.1315   53.62022  -45.65880     4.9565         45 0.0000e+00
      36584   1524.290   1350.000   1333.668     3.5283     3.5277  32.633650  32.634836     2.1310   53.62022  -45.65880     4.9566         36 0.0000e+00
      36618   1525.700   1352.000   1335.637     3.5289     3.5282  32.635165  32.636244     2.1307   53.62022  -45.65880     4.9565         33 0.0000e+00
      36654   1527.210   1354.000   1337.607     3.5274     3.5269  32.634513  32.635798     2.1304   53.62022  -45.65880     4.9565         43 0.0000e+00
      36717   1529.845   1356.000   1339.576     3.5279     3.5273  32.635834  32.637128     2.1300   53.62022  -45.65880     4.9567         70 0.0000e+00
      36768   1531.940   1358.000   1341.546     3.5269     3.5265  32.635891  32.637262     2.1297   53.62022  -45.65880     4.9567         42 0.0000e+00
      36816   1533.945   1360.000   1343.515     3.5259     3.5254  32.635709  32.636967     2.1294   53.62022  -45.65880     4.9566         53 0.0000e+00
      36863   1535.901   1362.000   1345.484     3.5252     3.5247  32.635837  32.637257     2.1294   53.62022  -45.65880     4.9566         38 0.0000e+00
      36900   1537.449   1364.000   1347.454     3.5239     3.5234  32.635447  32.636862     2.1294   53.62022  -45.65880     4.9566         40 0.0000e+00
      36949   1539.520   1366.000   1349.423     3.5233     3.5227  32.635659  32.636906     2.1291   53.62022  -45.65880     4.9565         60 0.0000e+00
      37007   1541.902   1368.000   1351.392     3.5219     3.5214  32.635087  32.636554     2.1285   53.62022  -45.65880     4.9566         50 0.0000e+00
      37056   1543.946   1370.000   1353.362     3.5201     3.5196  32.634211  32.635620     2.1276   53.62022  -45.65880     4.9566         52 0.0000e+00
      37106   1546.041   1372.000   1355.331     3.5180     3.5175  32.633159  32.634508     2.1270   53.62022  -45.65880     4.9567         44 0.0000e+00
      37143   1547.599   1374.000   1357.300     3.5156     3.5152  32.631643  32.633123     2.1270   53.62022  -45.65880     4.9566         34 0.0000e+00
      37178   1549.032   1376.000   1359.270     3.5142     3.5137  32.631225  32.632648     2.1271   53.62022  -45.65880     4.9566         37 0.0000e+00
      37232   1551.296   1378.000   1361.239     3.5116     3.5111  32.629319  32.630845     2.1267   53.62022  -45.65880     4.9566         76 0.0000e+00
      37301   1554.156   1380.000   1363.208     3.5085     3.5079  32.627108  32.628432     2.1261   53.62022  -45.65880     4.9565         50 0.0000e+00
      37343   1555.912   1382.000   1365.177     3.5065     3.5061  32.626049  32.627487     2.1264   53.62022  -45.65880     4.9566         37 0.0000e+00
      37376   1557.295   1384.000   1367.146     3.5053     3.5049  32.625758  32.627154     2.1266   53.62022  -45.65880     4.9565         31 0.0000e+00
      37411   1558.739   1386.000   1369.116     3.5053     3.5047  32.626703  32.627997     2.1264   53.62022  -45.65880     4.9566         42 0.0000e+00
      37484   1561.771   1388.000   1371.085     3.5043     3.5037  32.626441  32.627753     2.1258   53.62024  -45.65879     4.9566         66 0.0000e+00
      37531   1563.734   1390.000   1373.054     3.5022     3.5017  32.625431  32.626815     2.1252   53.62023  -45.65880     4.9565         34 0.0000e+00
      37567   1565.247   1392.000   1375.023     3.5011     3.5006  32.625246  32.626590     2.1247   53.62022  -45.65880     4.9566         43 0.0000e+00
      37620   1567.471   1394.000   1376.992     3.4998     3.4994  32.624891  32.626330     2.1247   53.62023  -45.65880     4.9567         52 0.0000e+00
      37660   1569.121   1396.000   1378.961     3.4997     3.4992  32.625787  32.627052     2.1245   53.62024  -45.65878     4.9566         35 0.0000e+00
      37702   1570.865   1398.000   1380.930     3.4994     3.4989  32.626403  32.627731     2.1240   53.62024  -45.65878     4.9565         55 0.0000e+00
      37761   1573.341   1400.000   1382.899     3.4989     3.4984  32.626823  32.628108     2.1229   53.62023  -45.65879     4.9566         54 0.0000e+00
      37814   1575.521   1402.000   1384.868     3.4979     3.4975  32.626744  32.628206     2.1222   53.62023  -45.65880     4.9567         52 0.0000e+00
      37856   1577.291   1404.000   1386.837     3.4977     3.4972  32.627424  32.628567     2.1219   53.62024  -45.65878     4.9565         34 0.0000e+00
      37891   1578.729   1406.000   1388.806     3.4978     3.4973  32.628355  32.629683     2.1216   53.62024  -45.65878     4.9566         40 0.0000e+00
      37948   1581.123   1408.000   1390.775     3.4973     3.4968  32.628641  32.630041     2.1211   53.62024  -45.65878     4.9566         64 0.0000e+00
      37998   1583.211   1410.000   1392.744     3.4963     3.4958  32.628810  32.630182     2.1211   53.62024  -45.65878     4.9567         44 0.0000e+00
      38048   1585.272   1412.000   1394.713     3.4964     3.4959  32.629781  32.631244     2.1206   53.62024  -45.65877     4.9566         52 0.0000e+00
      38094   1587.200   1414.000   1396.682     3.4963     3.4958  32.630534  32.632000     2.1200   53.62024  -45.65877     4.9566         42 0.0000e+00
      38137   1588.999   1416.000   1398.651     3.4954     3.4949  32.630700  32.632065     2.1197   53.62024  -45.65878     4.9565         46 0.0000e+00
      38181   1590.824   1418.000   1400.620     3.4948     3.4944  32.631107  32.632380     2.1195   53.62024  -45.65877     4.9565         39 0.0000e+00
      38219   1592.434   1420.000   1402.589     3.4941     3.4937  32.631247  32.632722     2.1188   53.62024  -45.65876     4.9566         43 0.0000e+00
      38286   1595.205   1422.000   1404.557     3.4931     3.4925  32.630981  32.632234     2.1178   53.62024  -45.65876     4.9566         75 0.0000e+00
      38336   1597.286   1424.000   1406.526     3.4919     3.4915  32.630893  32.631932     2.1179   53.62024  -45.65878     4.9565         36 0.0000e+00
      38372   1598.802   1426.000   1408.495     3.4910     3.4906  32.630751  32.632022     2.1176   53.62024  -45.65877     4.9567         39 0.0000e+00
      38418   1600.715   1428.000   1410.464     3.4899     3.4895  32.630548  32.631814     2.1169   53.62024  -45.65876     4.9566         53 0.0000e+00
      38471   1602.909   1430.000   1412.432     3.4899     3.4894  32.631368  32.632738     2.1164   53.62024  -45.65876     4.9566         47 0.0000e+00
      38514   1604.728   1432.000   1414.401     3.4899     3.4894  32.632275  32.633710     2.1158   53.62023  -45.65877     4.9566         47 0.0000e+00
      38572   1607.133   1434.000   1416.370     3.4896     3.4891  32.633058  32.634321     2.1151   53.62024  -45.65877     4.9565         59 0.0000e+00
      38615   1608.921   1436.000   1418.338     3.4899     3.4894  32.634284  32.635540     2.1148   53.62024  -45.65876     4.9567         32 0.0000e+00
      38646   1610.221   1438.000   1420.307     3.4908     3.4903  32.636287  32.637599     2.1142   53.62024  -45.65876     4.9566         33 0.0000e+00
      38706   1612.707   1440.000   1422.276     3.4920     3.4916  32.638413  32.639799     2.1129   53.62024  -45.65877     4.9567         60 0.0000e+00
      38768   1615.299   1442.000   1424.245     3.4924     3.4919  32.639792  32.641131     2.1124   53.62024  -45.65876     4.9566         31 0.0000e+00
      38797   1616.479   1444.000   1426.213     3.4922     3.4917  32.640625  32.641846     2.1123   53.62024  -45.65876     4.9566         29 0.0000e+00
      38832   1617.951   1446.000   1428.182     3.4936     3.4931  32.642836  32.644157     2.1119   53.62024  -45.65877     4.9565         47 0.0000e+00
