Example_Files/SBE_Processing_Files/Processed_SBE_cast_files/downcasts/dar69-01_006.cnv
* Sea-Bird SBE 9 Data File:
* FileName = D:\data\ar69-01_006.hex
* Software Version Seasave V 7.26.7.107
* Temperature SN = 4491
* Conductivity SN = 3009
* Number of Bytes Per Scan = 44
* Number of Voltage Words = 5
* Number of Scans Averaged by the Deck Unit = 1
* NMEA Latitude = 53 37.21 N
* NMEA Longitude = 045 39.53 W
* NMEA UTC (Time) = Jun 26 2022  10:51:22
** Cruise ID: AR69-01
** Chief Sci:
** Station #: 006
** Site ID: Transit - acoustic release test
# nquan = 14
# nvalues = 1524                        
# units = specified
# name 0 = scan: Scan Count
# name 1 = timeS: Time, Elapsed [seconds]
# name 2 = prDM: Pressure, Digiquartz [db]
# name 3 = depSM: Depth [salt water, m]
# name 4 = t090C: Temperature [ITS-90, deg C]
# name 5 = t190C: Temperature, 2 [ITS-90, deg C]
# name 6 = c0mS/cm: Conductivity [mS/cm]
# name 7 = c1mS/cm: Conductivity, 2 [mS/cm]
# name 8 = sbeox0V: Oxygen raw, SBE 43 [V]
# name 9 = latitude: Latitude [deg]
# name 10 = longitude: Longitude [deg]
# name 11 = v7: Voltage 7
# name 12 = nbin: number of scans per bin
# name 13 = flag: flag
# span 0 =       1051,      88465       
# span 1 =     43.752,   3685.998       
# span 2 =      4.000,   3050.000       
# span 3 =      3.964,   3001.157       
# span 4 =     2.6753,     9.2181       
# span 5 =     2.6756,     9.2169       
# span 6 =  32.441566,  36.965802       
# span 7 =  32.444591,  36.968150       
# span 8 =     1.7247,     2.8890       
# span 9 =   53.62022,   53.62026       
# span 10 =  -45.65882,  -45.65874      
# span 11 =     4.9560,     4.9576      
# span 12 =         23,        109      
# span 13 = 0.0000e+00, 0.0000e+00      
# interval = decibars: 2                
# start_time = Jun 26 2022 10:51:22 [NMEA time, first data scan]
# bad_flag = -9.990e-29
*END*
[from data line 413]
      24239   1009.925    830.000    820.975     3.8073     3.8066  32.661242  32.662760     2.2331   53.62022  -45.65880     4.9569         70 0.0000e+00
      24294   1012.188    832.000    822.949     3.8061     3.8055  32.661155  32.662693     2.2327   53.62022  -45.65880     4.9570         39 0.0000e+00
      24327   1013.603    834.000    824.923     3.8061     3.8055  32.662228  32.663602     2.2323   53.62022  -45.65882     4.9570         33 0.0000e+00
      24366   1015.206    836.000    826.897     3.8045     3.8038  32.661652  32.663216     2.2311   53.62022  -45.65882     4.9569         47 0.0000e+00
      24420   1017.447    838.000    828.872     3.8036     3.8029  32.661656  32.663207     2.2300   53.62022  -45.65880     4.9569         55 0.0000e+00
      24469   1019.518    840.000    830.846     3.8028     3.8021  32.661942  32.663334     2.2294   53.62022  -45.65880     4.9569         46 0.0000e+00
      24517   1021.508    842.000    832.820     3.8027     3.8020  32.662706  32.664180     2.2291   53.62022  -45.65881     4.9569         51 0.0000e+00
      24569   1023.679    844.000    834.794     3.8034     3.8027  32.664703  32.666174     2.2291   53.62022  -45.65882     4.9570         49 0.0000e+00
      24613   1025.508    846.000    836.769     3.8011     3.8004  32.663659  32.665148     2.2287   53.62022  -45.65880     4.9568         40 0.0000e+00
      24651   1027.085    848.000    838.743     3.8003     3.7996  32.664169  32.665572     2.2279   53.62022  -45.65880     4.9569         37 0.0000e+00
      24692   1028.804    850.000    840.717     3.7965     3.7957  32.661477  32.663040     2.2274   53.62022  -45.65880     4.9569         51 0.0000e+00
      24764   1031.790    852.000    842.691     3.7944     3.7936  32.660494  32.661907     2.2265   53.62022  -45.65881     4.9568         73 0.0000e+00
      24813   1033.827    854.000    844.665     3.7946     3.7938  32.661920  32.663362     2.2259   53.62022  -45.65880     4.9570         36 0.0000e+00
      24844   1035.130    856.000    846.639     3.7957     3.7950  32.664338  32.665554     2.2256   53.62022  -45.65880     4.9570         30 0.0000e+00
      24883   1036.756    858.000    848.613     3.7949     3.7942  32.664450  32.665930     2.2250   53.62022  -45.65880     4.9568         56 0.0000e+00
      24959   1039.911    860.000    850.587     3.7957     3.7950  32.666235  32.667712     2.2236   53.62022  -45.65880     4.9569         67 0.0000e+00
      25001   1041.659    862.000    852.562     3.7957     3.7950  32.667305  32.668700     2.2231   53.62022  -45.65880     4.9570         35 0.0000e+00
      25035   1043.063    864.000    854.535     3.7964     3.7957  32.669096  32.670510     2.2229   53.62022  -45.65880     4.9570         34 0.0000e+00
      25072   1044.612    866.000    856.510     3.7991     3.7986  32.672914  32.674429     2.2223   53.62022  -45.65880     4.9570         43 0.0000e+00
      25132   1047.145    868.000    858.483     3.8005     3.7998  32.675146  32.676602     2.2211   53.62022  -45.65880     4.9568         73 0.0000e+00
      25190   1049.541    870.000    860.457     3.8004     3.7995  32.676263  32.677350     2.2204   53.62022  -45.65880     4.9569         43 0.0000e+00
      25231   1051.240    872.000    862.432     3.7993     3.7986  32.676100  32.677709     2.2203   53.62022  -45.65880     4.9569         41 0.0000e+00
      25274   1053.031    874.000    864.405     3.8000     3.7993  32.678050  32.679453     2.2198   53.62022  -45.65880     4.9568         44 0.0000e+00
      25318   1054.882    876.000    866.379     3.7975     3.7968  32.676343  32.677801     2.2190   53.62022  -45.65880     4.9569         46 0.0000e+00
      25371   1057.103    878.000    868.353     3.7966     3.7958  32.676419  32.677655     2.2178   53.62022  -45.65880     4.9569         62 0.0000e+00
      25430   1059.550    880.000    870.327     3.7967     3.7963  32.677527  32.679270     2.2173   53.62022  -45.65880     4.9569         48 0.0000e+00
      25471   1061.237    882.000    872.301     3.7996     3.7988  32.681715  32.682834     2.2170   53.62022  -45.65880     4.9567         38 0.0000e+00
      25509   1062.814    884.000    874.275     3.8018     3.8011  32.685161  32.686641     2.2167   53.62022  -45.65880     4.9568         39 0.0000e+00
      25553   1064.660    886.000    876.248     3.8021     3.8016  32.686657  32.688296     2.2155   53.62022  -45.65880     4.9569         53 0.0000e+00
      25615   1067.237    888.000    878.222     3.7980     3.7975  32.683446  32.685221     2.2150   53.62022  -45.65880     4.9569         57 0.0000e+00
      25658   1069.022    890.000    880.196     3.7919     3.7914  32.678459  32.680006     2.2153   53.62022  -45.65880     4.9569         37 0.0000e+00
      25698   1070.702    892.000    882.170     3.7867     3.7861  32.674224  32.675870     2.2150   53.62022  -45.65880     4.9568         49 0.0000e+00
      25757   1073.151    894.000    884.143     3.7893     3.7883  32.677971  32.678999     2.2141   53.62023  -45.65879     4.9568         58 0.0000e+00
      25803   1075.065    896.000    886.117     3.7812     3.7805  32.671083  32.672569     2.2138   53.62024  -45.65878     4.9568         39 0.0000e+00
      25844   1076.771    898.000    888.091     3.7824     3.7824  32.673211  32.675337     2.2141   53.62022  -45.65879     4.9567         47 0.0000e+00
      25899   1079.086    900.000    890.065     3.7802     3.7796  32.671660  32.673286     2.2135   53.62023  -45.65880     4.9568         56 0.0000e+00
      25945   1080.990    902.000    892.038     3.7849     3.7842  32.677823  32.678747     2.2127   53.62024  -45.65878     4.9568         40 0.0000e+00
      25986   1082.705    904.000    894.012     3.7942     3.7933  32.688298  32.689258     2.2108   53.62024  -45.65878     4.9568         44 0.0000e+00
      26034   1084.710    906.000    895.986     3.8063     3.8012  32.702073  32.698166     2.2081   53.62024  -45.65879     4.9568         52 0.0000e+00
      26088   1086.975    908.000    897.959     3.8253     3.8246  32.722520  32.723933     2.2059   53.62024  -45.65879     4.9568         55 0.0000e+00
      26136   1088.956    910.000    899.933     3.8263     3.8258  32.724739  32.726239     2.2050   53.62024  -45.65877     4.9568         39 0.0000e+00
      26171   1090.432    912.000    901.906     3.8268     3.8261  32.726105  32.727551     2.2047   53.62024  -45.65878     4.9568         35 0.0000e+00
      26218   1092.379    914.000    903.880     3.8267     3.8260  32.726865  32.728316     2.2039   53.62024  -45.65878     4.9568         64 0.0000e+00
      26284   1095.134    916.000    905.853     3.8263     3.8255  32.727294  32.728744     2.2028   53.62024  -45.65878     4.9567         55 0.0000e+00
      26329   1096.989    918.000    907.827     3.8265     3.8258  32.728413  32.729971     2.2020   53.62024  -45.65878     4.9568         41 0.0000e+00
      26370   1098.715    920.000    909.800     3.8264     3.8257  32.729298  32.730684     2.2013   53.62024  -45.65878     4.9568         42 0.0000e+00
      26411   1100.408    922.000    911.774     3.8270     3.8263  32.731047  32.732446     2.2005   53.62024  -45.65878     4.9568         39 0.0000e+00
      26456   1102.312    924.000    913.747     3.8269     3.8262  32.731893  32.733320     2.2004   53.62024  -45.65878     4.9568         59 0.0000e+00
      26519   1104.913    926.000    915.721     3.8256     3.8250  32.731739  32.733179     2.1997   53.62023  -45.65878     4.9568         52 0.0000e+00
      26561   1106.663    928.000    917.694     3.8264     3.8257  32.733607  32.734925     2.1986   53.62022  -45.65878     4.9567         39 0.0000e+00
      26603   1108.405    930.000    919.667     3.8267     3.8260  32.734862  32.736214     2.1978   53.62023  -45.65877     4.9568         44 0.0000e+00
      26645   1110.185    932.000    921.641     3.8267     3.8260  32.735829  32.737202     2.1977   53.62024  -45.65876     4.9569         41 0.0000e+00
      26699   1112.405    934.000    923.614     3.8249     3.8243  32.734905  32.736396     2.1972   53.62022  -45.65878     4.9568         74 0.0000e+00
      26763   1115.078    936.000    925.587     3.8238     3.8232  32.734830  32.736295     2.1968   53.62024  -45.65876     4.9568         39 0.0000e+00
      26793   1116.353    938.000    927.561     3.8221     3.8215  32.734074  32.735703     2.1964   53.62024  -45.65876     4.9568         30 0.0000e+00
      26830   1117.888    940.000    929.534     3.8198     3.8191  32.732764  32.734282     2.1960   53.62023  -45.65876     4.9567         51 0.0000e+00
      26905   1120.995    942.000    931.507     3.8205     3.8199  32.734449  32.735910     2.1946   53.62022  -45.65876     4.9567         70 0.0000e+00
      26945   1122.685    944.000    933.481     3.8201     3.8195  32.735163  32.736659     2.1947   53.62024  -45.65876     4.9567         30 0.0000e+00
      26975   1123.914    946.000    935.454     3.8142     3.8137  32.730123  32.731888     2.1949   53.62023  -45.65876     4.9568         32 0.0000e+00
      27022   1125.883    948.000    937.427     3.8121     3.8115  32.728921  32.730404     2.1947   53.62022  -45.65876     4.9568         64 0.0000e+00
      27078   1128.225    950.000    939.400     3.8107     3.8101  32.728485  32.730029     2.1942   53.62024  -45.65876     4.9568         47 0.0000e+00
      27130   1130.374    952.000    941.374     3.8085     3.8079  32.727256  32.728804     2.1938   53.62023  -45.65876     4.9567         54 0.0000e+00
      27176   1132.302    954.000    943.347     3.8070     3.8063  32.726703  32.728078     2.1940   53.62022  -45.65878     4.9568         38 0.0000e+00
      27213   1133.832    956.000    945.320     3.8053     3.8046  32.725980  32.727484     2.1935   53.62023  -45.65876     4.9567         39 0.0000e+00
      27266   1136.042    958.000    947.293     3.8054     3.8047  32.727033  32.728435     2.1928   53.62024  -45.65876     4.9567         68 0.0000e+00
      27325   1138.502    960.000    949.266     3.8063     3.8054  32.728917  32.730093     2.1926   53.62024  -45.65876     4.9567         43 0.0000e+00
      27365   1140.160    962.000    951.239     3.8056     3.8050  32.729252  32.730761     2.1920   53.62022  -45.65878     4.9567         41 0.0000e+00
      27410   1142.027    964.000    953.212     3.8055     3.8049  32.730263  32.731657     2.1917   53.62023  -45.65878     4.9568         48 0.0000e+00
      27456   1143.966    966.000    955.185     3.8059     3.8053  32.731613  32.733044     2.1912   53.62024  -45.65876     4.9568         44 0.0000e+00
      27502   1145.859    968.000    957.159     3.8046     3.8040  32.731250  32.732724     2.1906   53.62024  -45.65877     4.9568         50 0.0000e+00
      27556   1148.116    970.000    959.131     3.8044     3.8037  32.732097  32.733462     2.1901   53.62022  -45.65878     4.9567         53 0.0000e+00
      27601   1150.011    972.000    961.105     3.8034     3.8028  32.732133  32.733599     2.1899   53.62024  -45.65878     4.9568         41 0.0000e+00
      27642   1151.726    974.000    963.077     3.8015     3.8008  32.731168  32.732680     2.1895   53.62024  -45.65877     4.9567         44 0.0000e+00
      27691   1153.760    976.000    965.050     3.8000     3.7994  32.730989  32.732338     2.1888   53.62024  -45.65878     4.9567         52 0.0000e+00
      27746   1156.045    978.000    967.023     3.7985     3.7978  32.730484  32.731834     2.1883   53.62024  -45.65880     4.9567         58 0.0000e+00
      27801   1158.320    980.000    968.996     3.7962     3.7953  32.729103  32.730465     2.1885   53.62024  -45.65879     4.9567         47 0.0000e+00
      27840   1159.964    982.000    970.969     3.7922     3.7918  32.726140  32.727811     2.1887   53.62024  -45.65878     4.9566         35 0.0000e+00
      27875   1161.408    984.000    972.942     3.7911     3.7905  32.725890  32.727350     2.1884   53.62024  -45.65878     4.9567         37 0.0000e+00
      27930   1163.719    986.000    974.915     3.7920     3.7913  32.727735  32.729195     2.1872   53.62024  -45.65880     4.9567         72 0.0000e+00
      27990   1166.222    988.000    976.888     3.7917     3.7911  32.728514  32.729996     2.1861   53.62024  -45.65879     4.9568         46 0.0000e+00
      28033   1168.012    990.000    978.861     3.7901     3.7896  32.727770  32.729418     2.1863   53.62024  -45.65878     4.9567         41 0.0000e+00
      28071   1169.591    992.000    980.833     3.7866     3.7859  32.725108  32.726727     2.1866   53.62024  -45.65880     4.9568         35 0.0000e+00
      28108   1171.124    994.000    982.806     3.7820     3.7815  32.721575  32.723139     2.1859   53.62024  -45.65880     4.9568         42 0.0000e+00
      28172   1173.790    996.000    984.779     3.7837     3.7828  32.724309  32.725321     2.1844   53.62024  -45.65879     4.9567         77 0.0000e+00
      28229   1176.168    998.000    986.752     3.7865     3.7855  32.728417  32.729508     2.1834   53.62024  -45.65879     4.9567         41 0.0000e+00
      28268   1177.796   1000.000    988.725     3.7835     3.7828  32.726410  32.727745     2.1834   53.62024  -45.65880     4.9568         40 0.0000e+00
      28308   1179.478   1002.000    990.697     3.7833     3.7827  32.727228  32.728626     2.1832   53.62024  -45.65880     4.9567         40 0.0000e+00
      28353   1181.318   1004.000    992.670     3.7832     3.7825  32.727987  32.729398     2.1827   53.62024  -45.65879     4.9567         53 0.0000e+00
      28414   1183.893   1006.000    994.643     3.7829     3.7823  32.728503  32.729921     2.1820   53.62024  -45.65880     4.9568         58 0.0000e+00
      28459   1185.745   1008.000    996.615     3.7844     3.7838  32.731122  32.732505     2.1814   53.62024  -45.65880     4.9568         38 0.0000e+00
      28500   1187.451   1010.000    998.588     3.7877     3.7870  32.735446  32.736745     2.1806   53.62023  -45.65880     4.9568         48 0.0000e+00
      28551   1189.565   1012.000   1000.561     3.7897     3.7890  32.738503  32.739818     2.1793   53.62024  -45.65880     4.9567         46 0.0000e+00
      28589   1191.149   1014.000   1002.533     3.7898     3.7892  32.739542  32.740978     2.1793   53.62024  -45.65878     4.9567         35 0.0000e+00
      28637   1193.187   1016.000   1004.506     3.7897     3.7890  32.740284  32.741681     2.1788   53.62023  -45.65879     4.9567         76 0.0000e+00
      28714   1196.395   1018.000   1006.478     3.7886     3.7879  32.740249  32.741206     2.1782   53.62023  -45.65880     4.9567         50 0.0000e+00
      28748   1197.780   1020.000   1008.451     3.7878     3.7872  32.740465  32.741879     2.1784   53.62024  -45.65878     4.9568         30 0.0000e+00
      28777   1199.003   1022.000   1010.424     3.7864     3.7858  32.739817  32.741356     2.1782   53.62024  -45.65878     4.9567         30 0.0000e+00
      28826   1201.049   1024.000   1012.396     3.7847     3.7844  32.739038  32.740676     2.1774   53.62023  -45.65879     4.9568         65 0.0000e+00
      28897   1204.002   1026.000   1014.368     3.7842     3.7835  32.739431  32.740855     2.1769   53.62023  -45.65880     4.9567         41 0.0000e+00
      28932   1205.456   1028.000   1016.341     3.7834     3.7828  32.739653  32.741164     2.1770   53.62024  -45.65878     4.9568         35 0.0000e+00
      28970   1207.042   1030.000   1018.313     3.7812     3.7807  32.738575  32.740136     2.1768   53.62024  -45.65878     4.9568         43 0.0000e+00
      29020   1209.107   1032.000   1020.286     3.7791     3.7784  32.737376  32.738860     2.1762   53.62022  -45.65880     4.9567         55 0.0000e+00
      29073   1211.321   1034.000   1022.259     3.7757     3.7752  32.735046  32.736575     2.1762   53.62023  -45.65880     4.9567         47 0.0000e+00
