Example_Files/SBE_Processing_Files/Processed_SBE_cast_files/downcasts/dar69-01_009.cnv
* Sea-Bird SBE 9 Data File:
* FileName = D:\data\ar69-01_009.hex
* Software Version Seasave V 7.26.7.107
* Temperature SN = 4491
* Conductivity SN = 3009
* Number of Bytes Per Scan = 44
* Number of Voltage Words = 5
* Number of Scans Averaged by the Deck Unit = 1
* NMEA Latitude = 59 49.00 N
* NMEA Longitude = 039 06.78 W
* NMEA UTC (Time) = Jun 28 2022  17:49:02
** Cruise ID: AR69-01
** Chief Sci:
** Station #: 009
** Site ID: Glider release (acoustic release test)
# nquan = 14
# nvalues = 507                         
# units = specified
# name 0 = scan: Scan Count
# name 1 = timeS: Time, Elapsed [seconds]
# name 2 = prDM: Pressure, Digiquartz [db]
# name 3 = depSM: Depth [salt water, m]
# name 4 = t090C: Temperature [ITS-90, deg C]
# name 5 = t190C: Temperature, 2 [ITS-90, deg C]
# name 6 = c0mS/cm: Conductivity [mS/cm]
# name 7 = c1mS/cm: Conductivity, 2 [mS/cm]
# name 8 = sbeox0V: Oxygen raw, SBE 43 [V]
# name 9 = latitude: Latitude [deg]
# name 10 = longitude: Longitude [deg]
# name 11 = v7: Voltage 7
# name 12 = nbin: number of scans per bin
# name 13 = flag: flag
# span 0 =         86,      67822       
# span 1 =      3.541,   2825.876       
# span 2 =      4.000,   1016.000       
# span 3 =      3.963,   1003.980       
# span 4 =     3.3907,     6.8690       
# span 5 =     3.3903,     6.8675       
# span 6 =  32.251311,  34.986330       
# span 7 =  32.252853,  34.987711       
# span 8 =     2.2343,     2.8548       
# span 9 =   59.81659,   59.81662       
# span 10 =  -39.11301,  -39.11296      
# span 11 =     4.9565,     4.9573      
# span 12 =          1,         96      
# span 13 = 0.0000e+00, 0.0000e+00      
# interval = decibars: 2                
# start_time = Jun 28 2022 17:49:02 [NMEA time, first data scan]
# bad_flag = -9.990e-29
*END*
[from data line 310]
      16114    671.382    624.000    617.196     3.5600     3.5597  32.334159  32.335784     2.3802   59.81662  -39.11298     4.9572         40 0.0000e+00
      16150    672.857    626.000    619.171     3.5601     3.5597  32.335214  32.336715     2.3798   59.81661  -39.11298     4.9573         34 0.0000e+00
      16184    674.294    628.000    621.146     3.5582     3.5579  32.334228  32.335743     2.3798   59.81660  -39.11298     4.9573         37 0.0000e+00
      16251    677.084    630.000    623.121     3.5579     3.5574  32.334637  32.336044     2.3788   59.81661  -39.11299     4.9569         64 0.0000e+00
      16314    679.726    632.000    625.096     3.5574     3.5570  32.335234  32.336705     2.3784   59.81662  -39.11298     4.9569         30 0.0000e+00
      16340    680.790    634.000    627.072     3.5567     3.5563  32.335561  32.337038     2.3780   59.81661  -39.11298     4.9569         26 0.0000e+00
      16378    682.377    636.000    629.047     3.5577     3.5573  32.337352  32.338728     2.3780   59.81660  -39.11298     4.9569         61 0.0000e+00
      16446    685.193    638.000    631.022     3.5578     3.5574  32.338465  32.339892     2.3785   59.81660  -39.11298     4.9567         50 0.0000e+00
      16490    687.057    640.000    632.997     3.5577     3.5574  32.339295  32.340787     2.3786   59.81660  -39.11298     4.9569         49 0.0000e+00
      16538    689.028    642.000    634.972     3.5576     3.5570  32.340026  32.341339     2.3777   59.81661  -39.11298     4.9570         41 0.0000e+00
      16574    690.530    644.000    636.947     3.5558     3.5553  32.339106  32.340549     2.3771   59.81662  -39.11298     4.9570         36 0.0000e+00
      16625    692.661    646.000    638.922     3.5536     3.5533  32.337767  32.339360     2.3772   59.81661  -39.11298     4.9569         67 0.0000e+00
      16681    695.020    648.000    640.897     3.5521     3.5516  32.337228  32.338658     2.3759   59.81660  -39.11298     4.9569         40 0.0000e+00
      16719    696.578    650.000    642.872     3.5512     3.5508  32.337305  32.338694     2.3747   59.81660  -39.11298     4.9570         40 0.0000e+00
      16764    698.476    652.000    644.847     3.5516     3.5509  32.338566  32.339713     2.3734   59.81660  -39.11298     4.9569         51 0.0000e+00
      16819    700.757    654.000    646.822     3.5557     3.5554  32.343771  32.345123     2.3715   59.81661  -39.11298     4.9570         58 0.0000e+00
      16873    702.987    656.000    648.797     3.5567     3.5563  32.345744  32.347164     2.3705   59.81662  -39.11298     4.9568         45 0.0000e+00
      16914    704.702    658.000    650.772     3.5572     3.5568  32.347172  32.348558     2.3692   59.81660  -39.11298     4.9569         42 0.0000e+00
      16961    706.665    660.000    652.747     3.5585     3.5580  32.349416  32.350660     2.3675   59.81660  -39.11298     4.9569         50 0.0000e+00
      17007    708.573    662.000    654.722     3.5598     3.5593  32.351687  32.353072     2.3666   59.81660  -39.11298     4.9569         42 0.0000e+00
      17055    710.600    664.000    656.697     3.5587     3.5583  32.351445  32.352912     2.3655   59.81662  -39.11298     4.9568         58 0.0000e+00
      17108    712.794    666.000    658.672     3.5574     3.5569  32.350980  32.352459     2.3647   59.81661  -39.11298     4.9569         41 0.0000e+00
      17143    714.244    668.000    660.646     3.5542     3.5540  32.348721  32.350451     2.3645   59.81660  -39.11298     4.9568         33 0.0000e+00
      17190    716.222    670.000    662.621     3.5534     3.5529  32.348749  32.350094     2.3650   59.81660  -39.11299     4.9569         71 0.0000e+00
      17263    719.240    672.000    664.596     3.5530     3.5526  32.349345  32.350770     2.3642   59.81662  -39.11298     4.9570         54 0.0000e+00
      17302    720.891    674.000    666.571     3.5519     3.5516  32.349327  32.350839     2.3626   59.81662  -39.11298     4.9571         34 0.0000e+00
      17335    722.259    676.000    668.545     3.5524     3.5520  32.350780  32.352103     2.3617   59.81661  -39.11298     4.9569         34 0.0000e+00
      17372    723.811    678.000    670.520     3.5550     3.5546  32.354456  32.355770     2.3607   59.81660  -39.11298     4.9569         43 0.0000e+00
      17447    726.902    680.000    672.495     3.5553     3.5549  32.355462  32.356955     2.3581   59.81661  -39.11298     4.9568         63 0.0000e+00
      17502    729.229    682.000    674.470     3.5551     3.5547  32.356442  32.357782     2.3568   59.81662  -39.11297     4.9568         31 0.0000e+00
      17530    730.358    684.000    676.444     3.5554     3.5551  32.357554  32.359009     2.3565   59.81662  -39.11298     4.9567         27 0.0000e+00
      17561    731.674    686.000    678.419     3.5552     3.5547  32.358211  32.359609     2.3560   59.81660  -39.11298     4.9565         40 0.0000e+00
      17623    734.247    688.000    680.393     3.5532     3.5527  32.356929  32.358372     2.3559   59.81660  -39.11298     4.9569         76 0.0000e+00
      17684    736.812    690.000    682.368     3.5472     3.5466  32.351966  32.353137     2.3546   59.81662  -39.11297     4.9567         45 0.0000e+00
      17724    738.449    692.000    684.343     3.5500     3.5495  32.355826  32.356817     2.3531   59.81662  -39.11298     4.9567         39 0.0000e+00
      17767    740.235    694.000    686.317     3.5560     3.5556  32.362950  32.364324     2.3515   59.81660  -39.11298     4.9569         47 0.0000e+00
      17813    742.154    696.000    688.292     3.5566     3.5562  32.364435  32.365814     2.3502   59.81660  -39.11298     4.9568         44 0.0000e+00
      17863    744.256    698.000    690.266     3.5560     3.5556  32.364637  32.366053     2.3484   59.81662  -39.11298     4.9570         62 0.0000e+00
      17923    746.743    700.000    692.241     3.5546     3.5543  32.364274  32.365693     2.3471   59.81662  -39.11298     4.9570         48 0.0000e+00
      17964    748.466    702.000    694.216     3.5543     3.5539  32.364877  32.366248     2.3464   59.81662  -39.11298     4.9568         40 0.0000e+00
      18006    750.195    704.000    696.190     3.5541     3.5537  32.365579  32.366957     2.3458   59.81662  -39.11298     4.9568         43 0.0000e+00
      18048    751.960    706.000    698.164     3.5541     3.5537  32.366598  32.367909     2.3451   59.81662  -39.11298     4.9570         42 0.0000e+00
      18099    754.069    708.000    700.139     3.5527     3.5520  32.366111  32.367178     2.3430   59.81660  -39.11298     4.9569         62 0.0000e+00
      18161    756.665    710.000    702.113     3.5527     3.5522  32.367016  32.368298     2.3400   59.81661  -39.11298     4.9567         51 0.0000e+00
      18200    758.295    712.000    704.088     3.5514     3.5511  32.366824  32.368326     2.3377   59.81662  -39.11298     4.9568         34 0.0000e+00
      18236    759.794    714.000    706.062     3.5506     3.5501  32.366948  32.368286     2.3363   59.81661  -39.11298     4.9568         44 0.0000e+00
      18298    762.374    716.000    708.036     3.5478     3.5470  32.364845  32.366037     2.3348   59.81660  -39.11298     4.9569         66 0.0000e+00
      18346    764.395    718.000    710.011     3.5447     3.5441  32.362837  32.364130     2.3337   59.81660  -39.11298     4.9569         39 0.0000e+00
      18387    766.094    720.000    711.985     3.5439     3.5436  32.363017  32.364431     2.3316   59.81660  -39.11298     4.9569         45 0.0000e+00
      18436    768.128    722.000    713.959     3.5451     3.5446  32.365207  32.366579     2.3288   59.81661  -39.11298     4.9569         50 0.0000e+00
      18484    770.115    724.000    715.934     3.5446     3.5441  32.365853  32.367132     2.3268   59.81660  -39.11298     4.9568         46 0.0000e+00
      18531    772.082    726.000    717.908     3.5461     3.5456  32.368380  32.369602     2.3260   59.81660  -39.11298     4.9569         49 0.0000e+00
      18580    774.121    728.000    719.882     3.5471     3.5468  32.370281  32.371714     2.3246   59.81660  -39.11298     4.9569         47 0.0000e+00
      18623    775.906    730.000    721.856     3.5476     3.5473  32.371720  32.373083     2.3237   59.81660  -39.11298     4.9569         41 0.0000e+00
      18673    777.988    732.000    723.831     3.5478     3.5473  32.372642  32.373960     2.3230   59.81660  -39.11298     4.9568         65 0.0000e+00
      18735    780.579    734.000    725.805     3.5472     3.5468  32.373012  32.374342     2.3208   59.81661  -39.11298     4.9568         45 0.0000e+00
      18771    782.079    736.000    727.779     3.5450     3.5447  32.371761  32.373304     2.3186   59.81661  -39.11298     4.9567         35 0.0000e+00
      18810    783.726    738.000    729.753     3.5522     3.5518  32.380330  32.381315     2.3165   59.81660  -39.11298     4.9568         49 0.0000e+00
      18867    786.086    740.000    731.727     3.5555     3.5550  32.384544  32.385735     2.3142   59.81660  -39.11298     4.9568         56 0.0000e+00
      18919    788.261    742.000    733.702     3.5545     3.5541  32.384443  32.385826     2.3124   59.81662  -39.11298     4.9568         52 0.0000e+00
      18969    790.313    744.000    735.676     3.5532     3.5528  32.384245  32.385456     2.3108   59.81661  -39.11297     4.9568         42 0.0000e+00
      19004    791.787    746.000    737.650     3.5539     3.5536  32.385860  32.387230     2.3105   59.81660  -39.11298     4.9568         33 0.0000e+00
      19046    793.548    748.000    739.624     3.5525     3.5522  32.385274  32.386614     2.3094   59.81660  -39.11298     4.9567         56 0.0000e+00
      19122    796.717    750.000    741.598     3.5524     3.5525  32.386087  32.387904     2.3072   59.81660  -39.11298     4.9569         49 0.0000e+00
      19159    798.241    752.000    743.572     3.5511     3.5509  32.385775  32.387394     2.3068   59.81660  -39.11298     4.9568         35 0.0000e+00
      19195    799.736    754.000    745.546     3.5483     3.5481  32.383928  32.385488     2.3066   59.81661  -39.11298     4.9568         39 0.0000e+00
      19243    801.757    756.000    747.520     3.5460     3.5457  32.382519  32.383893     2.3057   59.81662  -39.11298     4.9568         58 0.0000e+00
      19303    804.259    758.000    749.494     3.5451     3.5447  32.382591  32.383749     2.3039   59.81660  -39.11298     4.9568         56 0.0000e+00
      19350    806.212    760.000    751.468     3.5448     3.5443  32.383185  32.384510     2.3029   59.81660  -39.11298     4.9567         39 0.0000e+00
      19389    807.851    762.000    753.442     3.5422     3.5418  32.381391  32.382870     2.3018   59.81660  -39.11298     4.9568         45 0.0000e+00
      19443    810.073    764.000    755.416     3.5392     3.5388  32.379292  32.380699     2.3007   59.81661  -39.11298     4.9568         54 0.0000e+00
      19488    811.962    766.000    757.389     3.5374     3.5369  32.378476  32.379770     2.2994   59.81662  -39.11298     4.9569         41 0.0000e+00
      19532    813.791    768.000    759.363     3.5393     3.5389  32.381372  32.382509     2.2974   59.81660  -39.11298     4.9568         49 0.0000e+00
      19581    815.853    770.000    761.337     3.5423     3.5418  32.385395  32.386699     2.2948   59.81660  -39.11298     4.9568         46 0.0000e+00
      19628    817.779    772.000    763.311     3.5439     3.5435  32.388174  32.389485     2.2932   59.81660  -39.11298     4.9568         50 0.0000e+00
      19682    820.039    774.000    765.285     3.5445     3.5441  32.389662  32.391029     2.2916   59.81660  -39.11298     4.9569         55 0.0000e+00
      19733    822.187    776.000    767.259     3.5417     3.5415  32.387905  32.389424     2.2899   59.81662  -39.11298     4.9569         48 0.0000e+00
      19776    823.973    778.000    769.233     3.5407     3.5405  32.387759  32.389317     2.2889   59.81660  -39.11298     4.9568         40 0.0000e+00
      19818    825.726    780.000    771.206     3.5399     3.5397  32.387755  32.389363     2.2872   59.81660  -39.11298     4.9568         46 0.0000e+00
      19867    827.753    782.000    773.180     3.5409     3.5407  32.390131  32.391483     2.2846   59.81660  -39.11298     4.9568         49 0.0000e+00
      19920    829.969    784.000    775.154     3.5443     3.5440  32.394607  32.395868     2.2820   59.81660  -39.11298     4.9569         57 0.0000e+00
      19973    832.183    786.000    777.128     3.5426     3.5426  32.393732  32.395689     2.2806   59.81660  -39.11298     4.9568         47 0.0000e+00
      20014    833.879    788.000    779.101     3.5378     3.5371  32.389782  32.390921     2.2807   59.81660  -39.11298     4.9569         37 0.0000e+00
      20051    835.414    790.000    781.075     3.5320     3.5320  32.384850  32.386766     2.2804   59.81660  -39.11298     4.9568         39 0.0000e+00
      20105    837.662    792.000    783.049     3.5236     3.5237  32.377446  32.379358     2.2797   59.81660  -39.11298     4.9568         70 0.0000e+00
      20165    840.162    794.000    785.022     3.5226     3.5218  32.377528  32.378507     2.2791   59.81660  -39.11298     4.9569         41 0.0000e+00
      20201    841.666    796.000    786.996     3.5218     3.5214  32.377581  32.378967     2.2787   59.81660  -39.11298     4.9568         38 0.0000e+00
      20251    843.749    798.000    788.969     3.5219     3.5215  32.378687  32.379914     2.2784   59.81661  -39.11298     4.9568         65 0.0000e+00
      20312    846.301    800.000    790.943     3.5216     3.5210  32.379422  32.380703     2.2768   59.81662  -39.11298     4.9567         48 0.0000e+00
      20350    847.888    802.000    792.917     3.5187     3.5183  32.377801  32.378802     2.2753   59.81661  -39.11298     4.9567         33 0.0000e+00
      20385    849.339    804.000    794.890     3.5237     3.5234  32.383689  32.385059     2.2743   59.81660  -39.11298     4.9568         40 0.0000e+00
      20440    851.608    806.000    796.864     3.5217     3.5211  32.382553  32.384003     2.2738   59.81660  -39.11298     4.9568         63 0.0000e+00
      20494    853.873    808.000    798.837     3.5130     3.5126  32.374872  32.376181     2.2729   59.81662  -39.11298     4.9569         49 0.0000e+00
      20544    855.977    810.000    800.811     3.5110     3.5107  32.373731  32.375274     2.2724   59.81662  -39.11298     4.9569         49 0.0000e+00
      20585    857.684    812.000    802.784     3.5094     3.5091  32.373174  32.374707     2.2717   59.81662  -39.11298     4.9569         36 0.0000e+00
      20623    859.255    814.000    804.758     3.5104     3.5100  32.375246  32.376518     2.2707   59.81661  -39.11298     4.9568         43 0.0000e+00
      20679    861.565    816.000    806.731     3.5131     3.5118  32.379002  32.379275     2.2692   59.81661  -39.11299     4.9567         64 0.0000e+00
      20738    864.060    818.000    808.704     3.5140     3.5135  32.380772  32.382172     2.2684   59.81662  -39.11298     4.9569         52 0.0000e+00
      20784    865.948    820.000    810.678     3.5077     3.5076  32.375329  32.377055     2.2686   59.81662  -39.11298     4.9569         40 0.0000e+00
      20821    867.497    822.000    812.651     3.5097     3.5101  32.378535  32.380415     2.2688   59.81662  -39.11298     4.9568         37 0.0000e+00
      20861    869.176    824.000    814.624     3.5097     3.5093  32.379166  32.380659     2.2685   59.81660  -39.11299     4.9568         46 0.0000e+00
      20923    871.756    826.000    816.598     3.5037     3.5034  32.374124  32.375612     2.2680   59.81661  -39.11299     4.9568         76 0.0000e+00
