Example_Files/SBE_Processing_Files/Processed_SBE_cast_files/downcasts/dar69-01_011.cnv
* Sea-Bird SBE 9 Data File:
* FileName = D:\data\ar69-01_011.hex
* Software Version Seasave V 7.26.7.107
* Temperature SN = 4491
* Conductivity SN = 3009
* Number of Bytes Per Scan = 44
* Number of Voltage Words = 5
* Number of Scans Averaged by the Deck Unit = 1
* NMEA Latitude = 59 50.97 N
* NMEA Longitude = 040 41.43 W
* NMEA UTC (Time) = Jun 29 2022  18:39:20
** Cruise ID: AR69-01
** Chief Sci:
** Station #: 011
** Site ID: M2
# nquan = 14
# nvalues = 1244                        
# units = specified
# name 0 = scan: Scan Count
# name 1 = timeS: Time, Elapsed [seconds]
# name 2 = prDM: Pressure, Digiquartz [db]
# name 3 = depSM: Depth [salt water, m]
# name 4 = t090C: Temperature [ITS-90, deg C]
# name 5 = t190C: Temperature, 2 [ITS-90, deg C]
# name 6 = c0mS/cm: Conductivity [mS/cm]
# name 7 = c1mS/cm: Conductivity, 2 [mS/cm]
# name 8 = sbeox0V: Oxygen raw, SBE 43 [V]
# name 9 = latitude: Latitude [deg]
# name 10 = longitude: Longitude [deg]
# name 11 = v7: Voltage 7
# name 12 = nbin: number of scans per bin
# name 13 = flag: flag
# span 0 =        362,      67951       
# span 1 =     15.029,   2831.261       
# span 2 =      2.000,   2488.000       
# span 3 =      1.982,   2450.053       
# span 4 =     1.8980,     7.0882       
# span 5 =     1.8988,     7.0863       
# span 6 =  31.650034,  35.261559       
# span 7 =  31.650620,  35.261687       
# span 8 =     1.8736,     2.8193       
# span 9 =   59.84695,   59.84946       
# span 10 =  -40.69256,  -40.69010      
# span 11 =     4.9560,     4.9573      
# span 12 =         12,        124      
# span 13 = 0.0000e+00, 0.0000e+00      
# interval = decibars: 2                
# start_time = Jun 29 2022 18:39:20 [NMEA time, first data scan]
# bad_flag = -9.990e-29
*END*
[from data line 723]
      36756   1531.463   1448.000   1429.397     3.5133     3.5131  32.680306  32.681311     2.0736   59.84876  -40.69018     4.9564         39 0.0000e+00
      36795   1533.063   1450.000   1431.365     3.5137     3.5136  32.682013  32.682855     2.0729   59.84876  -40.69018     4.9562         40 0.0000e+00
      36845   1535.176   1452.000   1433.333     3.5145     3.5143  32.683721  32.684616     2.0715   59.84876  -40.69018     4.9563         66 0.0000e+00
      36913   1538.008   1454.000   1435.300     3.5148     3.5145  32.685222  32.686079     2.0695   59.84876  -40.69018     4.9564         52 0.0000e+00
      36950   1539.539   1456.000   1437.267     3.5148     3.5146  32.686424  32.687357     2.0687   59.84876  -40.69018     4.9563         33 0.0000e+00
      36984   1540.970   1458.000   1439.235     3.5150     3.5147  32.687740  32.688672     2.0679   59.84876  -40.69018     4.9565         38 0.0000e+00
      37036   1543.128   1460.000   1441.202     3.5151     3.5148  32.689108  32.690048     2.0669   59.84876  -40.69018     4.9563         65 0.0000e+00
      37095   1545.596   1462.000   1443.170     3.5153     3.5150  32.690622  32.691506     2.0658   59.84875  -40.69018     4.9564         50 0.0000e+00
      37142   1547.545   1464.000   1445.137     3.5155     3.5152  32.691775  32.692728     2.0648   59.84874  -40.69018     4.9565         43 0.0000e+00
      37179   1549.101   1466.000   1447.104     3.5155     3.5153  32.692865  32.693846     2.0641   59.84874  -40.69018     4.9564         34 0.0000e+00
      37222   1550.855   1468.000   1449.072     3.5156     3.5153  32.693926  32.694804     2.0635   59.84874  -40.69017     4.9564         56 0.0000e+00
      37280   1553.276   1470.000   1451.039     3.5157     3.5154  32.695016  32.695879     2.0621   59.84874  -40.69016     4.9564         48 0.0000e+00
      37322   1555.030   1472.000   1453.007     3.5157     3.5154  32.695936  32.696833     2.0608   59.84874  -40.69018     4.9565         48 0.0000e+00
      37380   1557.442   1474.000   1454.974     3.5156     3.5154  32.696779  32.697751     2.0596   59.84874  -40.69018     4.9564         54 0.0000e+00
      37421   1559.170   1476.000   1456.941     3.5156     3.5153  32.697662  32.698656     2.0589   59.84874  -40.69016     4.9564         40 0.0000e+00
      37470   1561.216   1478.000   1458.909     3.5150     3.5147  32.698156  32.699021     2.0583   59.84874  -40.69017     4.9565         53 0.0000e+00
      37514   1563.060   1480.000   1460.876     3.5151     3.5149  32.699337  32.700303     2.0577   59.84874  -40.69017     4.9563         37 0.0000e+00
      37559   1564.901   1482.000   1462.843     3.5152     3.5149  32.700395  32.701273     2.0574   59.84874  -40.69016     4.9563         59 0.0000e+00
      37620   1567.467   1484.000   1464.810     3.5153     3.5151  32.701358  32.702321     2.0562   59.84874  -40.69017     4.9564         50 0.0000e+00
      37661   1569.175   1486.000   1466.777     3.5151     3.5148  32.702176  32.703133     2.0553   59.84873  -40.69017     4.9563         43 0.0000e+00
      37713   1571.350   1488.000   1468.745     3.5148     3.5145  32.702852  32.703761     2.0545   59.84872  -40.69018     4.9565         51 0.0000e+00
      37750   1572.887   1490.000   1470.712     3.5143     3.5142  32.703644  32.704606     2.0545   59.84873  -40.69018     4.9563         29 0.0000e+00
      37781   1574.161   1492.000   1472.679     3.5144     3.5142  32.704748  32.705737     2.0539   59.84872  -40.69017     4.9564         37 0.0000e+00
      37866   1577.717   1494.000   1474.646     3.5147     3.5142  32.705816  32.706480     2.0521   59.84872  -40.69018     4.9564         53 0.0000e+00
      37909   1579.509   1496.000   1476.613     3.5141     3.5138  32.706239  32.707207     2.0511   59.84872  -40.69018     4.9564         34 0.0000e+00
      37946   1581.033   1498.000   1478.580     3.5136     3.5134  32.706864  32.707839     2.0508   59.84872  -40.69018     4.9565         39 0.0000e+00
      37985   1582.659   1500.000   1480.547     3.5131     3.5128  32.707430  32.708316     2.0508   59.84872  -40.69016     4.9564         38 0.0000e+00
      38025   1584.331   1502.000   1482.514     3.5120     3.5116  32.707475  32.708350     2.0500   59.84872  -40.69016     4.9560         50 0.0000e+00
      38117   1588.177   1504.000   1484.481     3.5118     3.5113  32.708187  32.708942     2.0480   59.84870  -40.69018     4.9562         46 0.0000e+00
      38149   1589.493   1506.000   1486.448     3.5109     3.5106  32.708500  32.709443     2.0476   59.84870  -40.69018     4.9563         29 0.0000e+00
      38178   1590.720   1508.000   1488.415     3.5109     3.5108  32.709551  32.710543     2.0471   59.84870  -40.69017     4.9563         31 0.0000e+00
      38214   1592.197   1510.000   1490.382     3.5109     3.5106  32.710261  32.711217     2.0469   59.84870  -40.69016     4.9564         41 0.0000e+00
      38272   1594.628   1512.000   1492.349     3.5106     3.5104  32.710943  32.711781     2.0462   59.84870  -40.69016     4.9563         81 0.0000e+00
      38342   1597.556   1514.000   1494.316     3.5108     3.5106  32.712038  32.712938     2.0450   59.84870  -40.69018     4.9566         45 0.0000e+00
      38379   1599.096   1516.000   1496.283     3.5110     3.5109  32.713306  32.714226     2.0446   59.84870  -40.69017     4.9563         37 0.0000e+00
      38420   1600.772   1518.000   1498.250     3.5113     3.5111  32.714451  32.715327     2.0444   59.84870  -40.69016     4.9564         43 0.0000e+00
      38465   1602.652   1520.000   1500.217     3.5114     3.5111  32.715311  32.716181     2.0439   59.84870  -40.69016     4.9563         47 0.0000e+00
      38514   1604.701   1522.000   1502.184     3.5108     3.5106  32.715693  32.716580     2.0429   59.84868  -40.69016     4.9564         52 0.0000e+00
      38566   1606.876   1524.000   1504.151     3.5110     3.5108  32.716811  32.717715     2.0422   59.84868  -40.69016     4.9564         50 0.0000e+00
      38616   1608.938   1526.000   1506.118     3.5107     3.5103  32.717472  32.718351     2.0412   59.84868  -40.69016     4.9565         50 0.0000e+00
      38664   1610.943   1528.000   1508.084     3.5098     3.5095  32.717756  32.718551     2.0404   59.84868  -40.69016     4.9564         44 0.0000e+00
      38704   1612.620   1530.000   1510.051     3.5098     3.5094  32.718440  32.719284     2.0397   59.84868  -40.69016     4.9563         40 0.0000e+00
      38749   1614.502   1532.000   1512.018     3.5083     3.5079  32.717834  32.718703     2.0397   59.84868  -40.69014     4.9564         51 0.0000e+00
      38800   1616.621   1534.000   1513.984     3.5084     3.5083  32.719206  32.720075     2.0391   59.84868  -40.69014     4.9563         48 0.0000e+00
      38851   1618.768   1536.000   1515.951     3.5086     3.5084  32.720347  32.721229     2.0380   59.84868  -40.69014     4.9564         59 0.0000e+00
      38907   1621.104   1538.000   1517.918     3.5085     3.5083  32.721169  32.722028     2.0370   59.84868  -40.69014     4.9564         45 0.0000e+00
      38946   1622.691   1540.000   1519.885     3.5083     3.5081  32.722035  32.722923     2.0366   59.84868  -40.69014     4.9563         36 0.0000e+00
      38985   1624.328   1542.000   1521.851     3.5085     3.5084  32.723319  32.724209     2.0361   59.84868  -40.69014     4.9564         46 0.0000e+00
      39046   1626.892   1544.000   1523.818     3.5088     3.5086  32.724415  32.725233     2.0352   59.84866  -40.69014     4.9564         70 0.0000e+00
      39102   1629.222   1546.000   1525.785     3.5087     3.5087  32.725415  32.726444     2.0340   59.84866  -40.69014     4.9564         41 0.0000e+00
      39136   1630.642   1548.000   1527.752     3.5097     3.5096  32.727734  32.728725     2.0337   59.84866  -40.69014     4.9564         31 0.0000e+00
      39169   1632.003   1550.000   1529.718     3.5090     3.5086  32.727754  32.728819     2.0331   59.84866  -40.69013     4.9564         37 0.0000e+00
      39230   1634.538   1552.000   1531.685     3.5055     3.5051  32.725302  32.726142     2.0321   59.84866  -40.69014     4.9564         80 0.0000e+00
      39286   1636.896   1554.000   1533.651     3.5040     3.5035  32.724558  32.725583     2.0315   59.84866  -40.69012     4.9564         34 0.0000e+00
      39321   1638.338   1556.000   1535.618     3.5027     3.5025  32.724712  32.725468     2.0309   59.84866  -40.69012     4.9564         41 0.0000e+00
      39385   1641.011   1558.000   1537.584     3.5029     3.5027  32.726076  32.726935     2.0297   59.84866  -40.69014     4.9563         69 0.0000e+00
      39428   1642.778   1560.000   1539.551     3.5033     3.5033  32.727659  32.728532     2.0298   59.84866  -40.69012     4.9564         30 0.0000e+00
      39458   1644.040   1562.000   1541.518     3.5042     3.5041  32.729476  32.730316     2.0294   59.84866  -40.69012     4.9563         33 0.0000e+00
      39522   1646.704   1564.000   1543.484     3.5049     3.5047  32.730830  32.731693     2.0281   59.84866  -40.69013     4.9563         61 0.0000e+00
      39582   1649.223   1566.000   1545.450     3.5050     3.5048  32.732316  32.733322     2.0273   59.84866  -40.69013     4.9563         30 0.0000e+00
      39611   1650.413   1568.000   1547.417     3.5046     3.5043  32.732960  32.733888     2.0269   59.84866  -40.69012     4.9565         30 0.0000e+00
      39645   1651.844   1570.000   1549.383     3.5034     3.5030  32.732604  32.733519     2.0261   59.84864  -40.69012     4.9564         41 0.0000e+00
      39703   1654.264   1572.000   1551.350     3.5025     3.5022  32.732836  32.733666     2.0248   59.84865  -40.69012     4.9564         67 0.0000e+00
      39755   1656.424   1574.000   1553.316     3.5010     3.5006  32.732235  32.733082     2.0238   59.84866  -40.69012     4.9563         43 0.0000e+00
      39814   1658.863   1576.000   1555.282     3.5000     3.4999  32.732392  32.733211     2.0227   59.84864  -40.69013     4.9564         67 0.0000e+00
      39860   1660.779   1578.000   1557.249     3.4988     3.4982  32.731597  32.732754     2.0228   59.84864  -40.69012     4.9564         28 0.0000e+00
      39886   1661.876   1580.000   1559.215     3.4935     3.4928  32.727402  32.728341     2.0226   59.84864  -40.69011     4.9564         28 0.0000e+00
      39947   1664.420   1582.000   1561.181     3.4927     3.4924  32.727993  32.728761     2.0214   59.84864  -40.69011     4.9561         56 0.0000e+00
      40011   1667.098   1584.000   1563.148     3.4910     3.4904  32.727252  32.728256     2.0204   59.84864  -40.69013     4.9563         29 0.0000e+00
      40040   1668.308   1586.000   1565.114     3.4900     3.4899  32.727797  32.728790     2.0207   59.84864  -40.69012     4.9564         31 0.0000e+00
      40075   1669.760   1588.000   1567.080     3.4899     3.4897  32.728572  32.729440     2.0203   59.84863  -40.69011     4.9564         40 0.0000e+00
      40128   1671.973   1590.000   1569.047     3.4886     3.4882  32.728243  32.729113     2.0196   59.84862  -40.69011     4.9563         70 0.0000e+00
      40192   1674.635   1592.000   1571.013     3.4864     3.4859  32.727000  32.727880     2.0190   59.84862  -40.69012     4.9564         45 0.0000e+00
      40229   1676.172   1594.000   1572.979     3.4818     3.4809  32.722867  32.723897     2.0187   59.84862  -40.69012     4.9564         37 0.0000e+00
      40275   1678.069   1596.000   1574.945     3.4763     3.4757  32.718551  32.719349     2.0179   59.84862  -40.69012     4.9563         55 0.0000e+00
      40328   1680.281   1598.000   1576.911     3.4749     3.4750  32.718605  32.719481     2.0173   59.84862  -40.69012     4.9563         45 0.0000e+00
      40372   1682.108   1600.000   1578.877     3.4772     3.4772  32.722009  32.722921     2.0172   59.84862  -40.69012     4.9563         49 0.0000e+00
      40422   1684.221   1602.000   1580.843     3.4745     3.4736  32.719696  32.720401     2.0171   59.84860  -40.69012     4.9564         46 0.0000e+00
      40464   1685.957   1604.000   1582.810     3.4707     3.4700  32.716855  32.717610     2.0167   59.84860  -40.69012     4.9564         45 0.0000e+00
      40526   1688.550   1606.000   1584.776     3.4699     3.4696  32.717237  32.718036     2.0154   59.84860  -40.69012     4.9563         65 0.0000e+00
      40570   1690.385   1608.000   1586.742     3.4650     3.4639  32.711988  32.713685     2.0162   59.84860  -40.69012     4.9564         31 0.0000e+00
      40600   1691.610   1610.000   1588.708     3.4560     3.4553  32.704824  32.705795     2.0166   59.84860  -40.69010     4.9563         31 0.0000e+00
      40646   1693.528   1612.000   1590.674     3.4546     3.4544  32.704704  32.705582     2.0160   59.84859  -40.69011     4.9563         60 0.0000e+00
      40724   1696.807   1614.000   1592.640     3.4511     3.4497  32.701433  32.702190     2.0152   59.84858  -40.69012     4.9560         44 0.0000e+00
      40759   1698.249   1616.000   1594.606     3.4454     3.4448  32.697325  32.698145     2.0148   59.84858  -40.69012     4.9560         36 0.0000e+00
      40797   1699.851   1618.000   1596.572     3.4434     3.4431  32.696522  32.697543     2.0143   59.84858  -40.69012     4.9561         40 0.0000e+00
      40836   1701.465   1620.000   1598.538     3.4424     3.4421  32.696571  32.697519     2.0139   59.84858  -40.69012     4.9563         39 0.0000e+00
      40892   1703.787   1622.000   1600.504     3.4396     3.4393  32.695006  32.695777     2.0134   59.84857  -40.69012     4.9564         81 0.0000e+00
      40964   1706.806   1624.000   1602.470     3.4372     3.4365  32.693407  32.694161     2.0125   59.84856  -40.69014     4.9564         46 0.0000e+00
      41001   1708.324   1626.000   1604.436     3.4331     3.4322  32.689992  32.690963     2.0128   59.84856  -40.69014     4.9563         33 0.0000e+00
      41032   1709.608   1628.000   1606.402     3.4267     3.4257  32.684603  32.685582     2.0129   59.84856  -40.69012     4.9564         30 0.0000e+00
      41064   1710.953   1630.000   1608.368     3.4217     3.4212  32.681081  32.681981     2.0129   59.84856  -40.69011     4.9563         37 0.0000e+00
      41139   1714.073   1632.000   1610.333     3.4200     3.4190  32.680375  32.680657     2.0128   59.84855  -40.69013     4.9563         59 0.0000e+00
      41193   1716.327   1634.000   1612.299     3.4180     3.4175  32.679524  32.680263     2.0117   59.84854  -40.69014     4.9563         31 0.0000e+00
      41225   1717.664   1636.000   1614.265     3.4164     3.4162  32.679509  32.679990     2.0102   59.84854  -40.69014     4.9564         34 0.0000e+00
      41266   1719.362   1638.000   1616.231     3.4279     3.4271  32.693197  32.692933     2.0092   59.84854  -40.69013     4.9563         47 0.0000e+00
      41315   1721.418   1640.000   1618.197     3.4221     3.4217  32.687638  32.688513     2.0088   59.84854  -40.69013     4.9563         55 0.0000e+00
      41385   1724.347   1642.000   1620.162     3.4210     3.4209  32.687510  32.688359     2.0077   59.84853  -40.69014     4.9562         64 0.0000e+00
      41425   1726.000   1644.000   1622.128     3.4209     3.4208  32.688467  32.689426     2.0072   59.84852  -40.69014     4.9560         32 0.0000e+00
      41459   1727.411   1646.000   1624.094     3.4216     3.4216  32.690196  32.691084     2.0075   59.84852  -40.69014     4.9560         38 0.0000e+00
      41503   1729.230   1648.000   1626.060     3.4139     3.4133  32.682511  32.683893     2.0078   59.84852  -40.69014     4.9560         49 0.0000e+00
      41554   1731.386   1650.000   1628.025     3.4107     3.4102  32.680875  32.681616     2.0074   59.84852  -40.69014     4.9560         56 0.0000e+00
