Example_Files/SBE_Processing_Files/Processed_SBE_cast_files/downcasts/dar69-01_015.cnv
* Sea-Bird SBE 9 Data File:
* FileName = D:\data\ar69-01_015.hex
* Software Version Seasave V 7.26.7.107
* Temperature SN = 4491
* Conductivity SN = 3009
* Number of Bytes Per Scan = 44
* Number of Voltage Words = 5
* Number of Scans Averaged by the Deck Unit = 1
* NMEA Latitude = 59 43.02 N
* NMEA Longitude = 039 20.16 W
* NMEA UTC (Time) = Jul 02 2022  17:28:01
** Cruise ID: AR69-01
** Chief Sci:
** Station #: 015
** Site ID: Irminger FLMB (OSNAP acoustic release test)
** retesting acoustic releases
# nquan = 14
# nvalues = 506                         
# units = specified
# name 0 = scan: Scan Count
# name 1 = timeS: Time, Elapsed [seconds]
# name 2 = prDM: Pressure, Digiquartz [db]
# name 3 = depSM: Depth [salt water, m]
# name 4 = t090C: Temperature [ITS-90, deg C]
# name 5 = t190C: Temperature, 2 [ITS-90, deg C]
# name 6 = c0mS/cm: Conductivity [mS/cm]
# name 7 = c1mS/cm: Conductivity, 2 [mS/cm]
# name 8 = sbeox0V: Oxygen raw, SBE 43 [V]
# name 9 = latitude: Latitude [deg]
# name 10 = longitude: Longitude [deg]
# name 11 = v7: Voltage 7
# name 12 = nbin: number of scans per bin
# name 13 = flag: flag
# span 0 =        116,      41924       
# span 1 =      4.796,   1746.801       
# span 2 =      4.000,   1014.000       
# span 3 =      3.962,   1002.016       
# span 4 =     3.4223,     7.3822       
# span 5 =     3.4221,     7.3850       
# span 6 =  32.271633,  35.433076       
# span 7 =  32.273140,  35.438726       
# span 8 =     2.2282,     2.8301       
# span 9 =   59.71706,   59.71709       
# span 10 =  -39.33596,  -39.33587      
# span 11 =     4.9560,     4.9571      
# span 12 =          1,        191      
# span 13 = 0.0000e+00, 0.0000e+00      
# interval = decibars: 2                
# start_time = Jul 02 2022 17:28:01 [NMEA time, first data scan]
# bad_flag = -9.990e-29
*END*
[from data line 310]
      16660    694.144    624.000    617.201     3.5890     3.5887  32.362165  32.363442     2.3652   59.71708  -39.33590     4.9568         58 0.0000e+00
      16703    695.933    626.000    619.176     3.5917     3.5914  32.366172  32.367328     2.3645   59.71708  -39.33590     4.9567         35 0.0000e+00
      16743    697.597    628.000    621.151     3.5918     3.5914  32.367060  32.368340     2.3637   59.71708  -39.33590     4.9565         51 0.0000e+00
      16801    700.000    630.000    623.126     3.5900     3.5896  32.366370  32.367457     2.3634   59.71708  -39.33591     4.9566         50 0.0000e+00
      16839    701.599    632.000    625.102     3.5895     3.5892  32.366915  32.368102     2.3634   59.71708  -39.33592     4.9567         36 0.0000e+00
      16888    703.622    634.000    627.077     3.5912     3.5908  32.369482  32.370640     2.3623   59.71708  -39.33590     4.9567         64 0.0000e+00
      16945    705.993    636.000    629.052     3.5924     3.5920  32.371811  32.372893     2.3608   59.71708  -39.33592     4.9568         43 0.0000e+00
      16983    707.601    638.000    631.027     3.5942     3.5939  32.374717  32.375852     2.3600   59.71708  -39.33592     4.9567         40 0.0000e+00
      17034    709.699    640.000    633.002     3.5951     3.5947  32.376531  32.377590     2.3584   59.71708  -39.33591     4.9566         58 0.0000e+00
      17086    711.857    642.000    634.977     3.5955     3.5951  32.377841  32.379051     2.3565   59.71708  -39.33592     4.9566         43 0.0000e+00
      17126    713.544    644.000    636.952     3.5963     3.5960  32.379713  32.380796     2.3557   59.71708  -39.33592     4.9566         44 0.0000e+00
      17180    715.791    646.000    638.927     3.5977     3.5972  32.381868  32.382914     2.3544   59.71708  -39.33592     4.9567         57 0.0000e+00
      17226    717.696    648.000    640.902     3.5992     3.5989  32.384425  32.385648     2.3543   59.71708  -39.33592     4.9567         37 0.0000e+00
      17265    719.350    650.000    642.877     3.5991     3.5988  32.385185  32.386532     2.3539   59.71708  -39.33592     4.9566         48 0.0000e+00
      17321    721.652    652.000    644.852     3.5962     3.5958  32.383323  32.384497     2.3527   59.71708  -39.33592     4.9566         54 0.0000e+00
      17367    723.583    654.000    646.827     3.5964     3.5962  32.384589  32.385865     2.3516   59.71708  -39.33592     4.9567         43 0.0000e+00
      17414    725.535    656.000    648.802     3.5957     3.5954  32.384805  32.386069     2.3504   59.71708  -39.33592     4.9566         51 0.0000e+00
      17462    727.553    658.000    650.777     3.5944     3.5942  32.384485  32.385748     2.3498   59.71708  -39.33592     4.9567         45 0.0000e+00
      17508    729.467    660.000    652.752     3.5937     3.5934  32.384678  32.385832     2.3503   59.71708  -39.33592     4.9568         47 0.0000e+00
      17555    731.431    662.000    654.727     3.5934     3.5931  32.385310  32.386411     2.3502   59.71708  -39.33592     4.9567         49 0.0000e+00
      17608    733.639    664.000    656.702     3.5961     3.5957  32.389026  32.390127     2.3484   59.71708  -39.33592     4.9567         56 0.0000e+00
      17659    735.760    666.000    658.677     3.5962     3.5958  32.390167  32.391381     2.3478   59.71708  -39.33592     4.9567         42 0.0000e+00
      17698    737.391    668.000    660.652     3.5932     3.5929  32.388083  32.389443     2.3489   59.71708  -39.33592     4.9566         41 0.0000e+00
      17746    739.382    670.000    662.626     3.5838     3.5832  32.379579  32.380736     2.3506   59.71708  -39.33592     4.9566         52 0.0000e+00
      17793    741.323    672.000    664.601     3.5795     3.5792  32.376262  32.377628     2.3514   59.71708  -39.33592     4.9567         42 0.0000e+00
      17837    743.176    674.000    666.576     3.5778     3.5773  32.375394  32.376540     2.3518   59.71708  -39.33592     4.9566         51 0.0000e+00
      17890    745.387    676.000    668.551     3.5759     3.5752  32.374409  32.375333     2.3516   59.71708  -39.33592     4.9566         49 0.0000e+00
      17936    747.306    678.000    670.525     3.5757     3.5754  32.375154  32.376326     2.3511   59.71708  -39.33594     4.9567         48 0.0000e+00
      17991    749.577    680.000    672.500     3.5737     3.5733  32.373938  32.375186     2.3506   59.71708  -39.33594     4.9567         54 0.0000e+00
      18037    751.480    682.000    674.475     3.5725     3.5719  32.373783  32.374681     2.3506   59.71708  -39.33594     4.9566         42 0.0000e+00
      18081    753.339    684.000    676.450     3.5702     3.5701  32.372266  32.373705     2.3506   59.71708  -39.33594     4.9566         48 0.0000e+00
      18130    755.358    686.000    678.424     3.5670     3.5666  32.369889  32.371154     2.3516   59.71708  -39.33594     4.9566         47 0.0000e+00
      18172    757.134    688.000    680.399     3.5606     3.5603  32.364412  32.365979     2.3526   59.71707  -39.33594     4.9566         39 0.0000e+00
      18217    758.987    690.000    682.373     3.5545     3.5541  32.359203  32.360591     2.3520   59.71708  -39.33594     4.9566         55 0.0000e+00
      18273    761.351    692.000    684.348     3.5481     3.5480  32.353747  32.355369     2.3518   59.71708  -39.33594     4.9566         48 0.0000e+00
      18314    763.041    694.000    686.323     3.5460     3.5454  32.352608  32.353606     2.3513   59.71708  -39.33595     4.9566         41 0.0000e+00
      18369    765.332    696.000    688.297     3.5459     3.5454  32.353357  32.354422     2.3504   59.71708  -39.33594     4.9566         65 0.0000e+00
      18420    767.448    698.000    690.272     3.5461     3.5459  32.354561  32.355813     2.3498   59.71707  -39.33595     4.9567         38 0.0000e+00
      18459    769.065    700.000    692.246     3.5460     3.5457  32.355347  32.356468     2.3494   59.71706  -39.33596     4.9567         42 0.0000e+00
      18506    771.062    702.000    694.221     3.5467     3.5464  32.357005  32.358020     2.3502   59.71706  -39.33595     4.9566         51 0.0000e+00
      18558    773.192    704.000    696.196     3.5485     3.5483  32.359714  32.361030     2.3511   59.71707  -39.33596     4.9566         51 0.0000e+00
      18605    775.179    706.000    698.170     3.5479     3.5476  32.360087  32.361280     2.3515   59.71708  -39.33596     4.9566         44 0.0000e+00
      18648    776.947    708.000    700.144     3.5481     3.5477  32.361233  32.362304     2.3510   59.71707  -39.33596     4.9566         45 0.0000e+00
      18703    779.256    710.000    702.119     3.5486     3.5483  32.362573  32.363835     2.3506   59.71706  -39.33596     4.9567         61 0.0000e+00
      18753    781.347    712.000    704.093     3.5472     3.5471  32.362155  32.363599     2.3516   59.71707  -39.33596     4.9567         40 0.0000e+00
      18791    782.902    714.000    706.068     3.5446     3.5442  32.360350  32.361646     2.3513   59.71708  -39.33596     4.9567         37 0.0000e+00
      18835    784.747    716.000    708.042     3.5448     3.5443  32.361782  32.362672     2.3489   59.71707  -39.33596     4.9566         54 0.0000e+00
      18890    787.059    718.000    710.017     3.5491     3.5488  32.367228  32.368264     2.3450   59.71706  -39.33596     4.9567         52 0.0000e+00
      18939    789.099    720.000    711.991     3.5526     3.5521  32.371744  32.372620     2.3415   59.71706  -39.33596     4.9566         49 0.0000e+00
      18989    791.163    722.000    713.965     3.5547     3.5544  32.374864  32.375899     2.3387   59.71707  -39.33596     4.9567         47 0.0000e+00
      19035    793.067    724.000    715.939     3.5566     3.5563  32.377730  32.378861     2.3368   59.71708  -39.33596     4.9567         49 0.0000e+00
      19083    795.097    726.000    717.914     3.5579     3.5576  32.379969  32.381135     2.3349   59.71708  -39.33596     4.9567         43 0.0000e+00
      19125    796.814    728.000    719.888     3.5570     3.5564  32.379976  32.380796     2.3303   59.71708  -39.33596     4.9567         44 0.0000e+00
      19177    799.002    730.000    721.862     3.5642     3.5636  32.388337  32.388972     2.3244   59.71708  -39.33596     4.9566         55 0.0000e+00
      19222    800.883    732.000    723.837     3.5683     3.5678  32.393374  32.394408     2.3206   59.71708  -39.33596     4.9567         38 0.0000e+00
      19264    802.636    734.000    725.811     3.5583     3.5574  32.384093  32.384995     2.3188   59.71708  -39.33596     4.9567         51 0.0000e+00
      19318    804.878    736.000    727.785     3.5500     3.5488  32.376659  32.377050     2.3182   59.71708  -39.33596     4.9567         52 0.0000e+00
      19368    806.966    738.000    729.759     3.5338     3.5333  32.360960  32.362307     2.3163   59.71708  -39.33596     4.9565         50 0.0000e+00
      19416    808.955    740.000    731.733     3.5312     3.5309  32.359441  32.360742     2.3137   59.71708  -39.33596     4.9566         44 0.0000e+00
      19460    810.779    742.000    733.708     3.5332     3.5327  32.362554  32.363489     2.3116   59.71708  -39.33596     4.9567         46 0.0000e+00
      19507    812.753    744.000    735.681     3.5335     3.5330  32.363812  32.364855     2.3094   59.71708  -39.33596     4.9567         48 0.0000e+00
      19560    814.956    746.000    737.656     3.5317     3.5313  32.362848  32.364111     2.3088   59.71708  -39.33595     4.9567         55 0.0000e+00
      19606    816.894    748.000    739.630     3.5246     3.5244  32.356786  32.358139     2.3091   59.71708  -39.33596     4.9568         38 0.0000e+00
      19642    818.382    750.000    741.604     3.5255     3.5253  32.358757  32.359828     2.3089   59.71708  -39.33596     4.9566         38 0.0000e+00
      19695    820.569    752.000    743.578     3.5267     3.5263  32.360669  32.361820     2.3080   59.71707  -39.33594     4.9566         66 0.0000e+00
      19751    822.903    754.000    745.552     3.5272     3.5269  32.362324  32.363435     2.3066   59.71706  -39.33594     4.9565         41 0.0000e+00
      19790    824.557    756.000    747.526     3.5276     3.5274  32.363735  32.364976     2.3047   59.71708  -39.33594     4.9568         44 0.0000e+00
      19840    826.616    758.000    749.500     3.5294     3.5290  32.366433  32.367381     2.3034   59.71708  -39.33594     4.9565         51 0.0000e+00
      19886    828.555    760.000    751.474     3.5242     3.5244  32.362006  32.363959     2.3029   59.71708  -39.33594     4.9564         43 0.0000e+00
      19936    830.617    762.000    753.448     3.5180     3.5178  32.356585  32.358049     2.3017   59.71708  -39.33594     4.9567         59 0.0000e+00
      19991    832.937    764.000    755.422     3.5145     3.5143  32.354199  32.355424     2.3003   59.71708  -39.33594     4.9568         44 0.0000e+00
      20029    834.491    766.000    757.396     3.5152     3.5149  32.356160  32.357308     2.2996   59.71708  -39.33594     4.9569         37 0.0000e+00
      20072    836.307    768.000    759.370     3.5154     3.5151  32.357215  32.358377     2.2985   59.71708  -39.33594     4.9568         51 0.0000e+00
      20122    838.370    770.000    761.343     3.5159     3.5157  32.358780  32.359906     2.2978   59.71708  -39.33594     4.9566         48 0.0000e+00
      20176    840.615    772.000    763.317     3.5166     3.5162  32.360414  32.361430     2.2975   59.71708  -39.33594     4.9567         55 0.0000e+00
      20222    842.537    774.000    765.291     3.5175     3.5173  32.362519  32.363658     2.2964   59.71708  -39.33594     4.9566         40 0.0000e+00
      20266    844.357    776.000    767.265     3.5178     3.5176  32.363856  32.365008     2.2952   59.71708  -39.33594     4.9567         50 0.0000e+00
      20315    846.418    778.000    769.239     3.5183     3.5179  32.365256  32.366337     2.2948   59.71707  -39.33594     4.9566         46 0.0000e+00
      20358    848.227    780.000    771.212     3.5223     3.5215  32.370534  32.370621     2.2944   59.71708  -39.33594     4.9566         43 0.0000e+00
      20406    850.222    782.000    773.186     3.5346     3.5338  32.383854  32.384472     2.2942   59.71708  -39.33594     4.9566         54 0.0000e+00
      20461    852.516    784.000    775.160     3.5306     3.5303  32.380726  32.381993     2.2930   59.71708  -39.33594     4.9566         51 0.0000e+00
      20511    854.584    786.000    777.134     3.5231     3.5231  32.373975  32.375846     2.2912   59.71708  -39.33594     4.9567         52 0.0000e+00
      20561    856.670    788.000    779.108     3.5161     3.5157  32.368005  32.369079     2.2900   59.71708  -39.33594     4.9567         45 0.0000e+00
      20601    858.316    790.000    781.081     3.5141     3.5140  32.366982  32.368319     2.2898   59.71708  -39.33594     4.9566         37 0.0000e+00
      20642    860.058    792.000    783.055     3.5131     3.5128  32.366954  32.368150     2.2896   59.71708  -39.33594     4.9566         48 0.0000e+00
      20691    862.095    794.000    785.029     3.5117     3.5114  32.366532  32.367681     2.2884   59.71708  -39.33594     4.9566         47 0.0000e+00
      20739    864.096    796.000    787.002     3.5095     3.5091  32.365262  32.366445     2.2869   59.71708  -39.33594     4.9566         51 0.0000e+00
      20791    866.248    798.000    788.976     3.5081     3.5078  32.364897  32.366039     2.2845   59.71708  -39.33593     4.9566         52 0.0000e+00
      20847    868.582    800.000    790.949     3.5077     3.5074  32.365437  32.366589     2.2831   59.71708  -39.33592     4.9567         57 0.0000e+00
      20895    870.568    802.000    792.923     3.5058     3.5055  32.364607  32.365852     2.2823   59.71708  -39.33593     4.9567         39 0.0000e+00
      20934    872.217    804.000    794.896     3.5052     3.5050  32.364977  32.366266     2.2815   59.71708  -39.33594     4.9567         43 0.0000e+00
      20980    874.143    806.000    796.870     3.5034     3.5031  32.364164  32.365368     2.2807   59.71708  -39.33592     4.9566         46 0.0000e+00
      21025    875.998    808.000    798.844     3.5024     3.5021  32.363989  32.365199     2.2803   59.71708  -39.33592     4.9566         46 0.0000e+00
      21074    878.061    810.000    800.817     3.5020     3.5017  32.364500  32.365727     2.2798   59.71708  -39.33592     4.9565         52 0.0000e+00
      21122    880.058    812.000    802.791     3.5008     3.5006  32.364504  32.365655     2.2790   59.71708  -39.33592     4.9565         43 0.0000e+00
      21167    881.904    814.000    804.764     3.5011     3.5009  32.365816  32.367079     2.2781   59.71708  -39.33592     4.9566         50 0.0000e+00
      21222    884.207    816.000    806.737     3.4969     3.4968  32.362636  32.363944     2.2774   59.71706  -39.33592     4.9567         52 0.0000e+00
      21267    886.097    818.000    808.711     3.4964     3.4961  32.363067  32.364342     2.2764   59.71708  -39.33593     4.9566         45 0.0000e+00
      21316    888.127    820.000    810.684     3.4950     3.4948  32.362623  32.363882     2.2755   59.71708  -39.33592     4.9566         50 0.0000e+00
      21364    890.134    822.000    812.658     3.4934     3.4932  32.361982  32.363244     2.2739   59.71707  -39.33592     4.9567         48 0.0000e+00
      21410    892.042    824.000    814.631     3.4944     3.4942  32.364043  32.365135     2.2714   59.71706  -39.33592     4.9567         42 0.0000e+00
      21453    893.844    826.000    816.604     3.5034     3.5036  32.374388  32.375753     2.2698   59.71708  -39.33592     4.9567         50 0.0000e+00
