Example_Files/SBE_Processing_Files/Processed_SBE_cast_files/downcasts/dar69-01_014.cnv
* Sea-Bird SBE 9 Data File:
* FileName = D:\data\ar69-01_014.hex
* Software Version Seasave V 7.26.7.107
* Temperature SN = 4491
* Conductivity SN = 3009
* Number of Bytes Per Scan = 44
* Number of Voltage Words = 5
* Number of Scans Averaged by the Deck Unit = 1
* NMEA Latitude = 59 43.02 N
* NMEA Longitude = 039 20.16 W
* NMEA UTC (Time) = Jul 02 2022  14:08:39
** Cruise ID: AR69-01
** Chief Sci:
** Station #: 014
** Site ID: Irminger FLMB (OSNAP acoustic release test)
# nquan = 14
# nvalues = 1422                        
# units = specified
# name 0 = scan: Scan Count
# name 1 = timeS: Time, Elapsed [seconds]
# name 2 = prDM: Pressure, Digiquartz [db]
# name 3 = depSM: Depth [salt water, m]
# name 4 = t090C: Temperature [ITS-90, deg C]
# name 5 = t190C: Temperature, 2 [ITS-90, deg C]
# name 6 = c0mS/cm: Conductivity [mS/cm]
# name 7 = c1mS/cm: Conductivity, 2 [mS/cm]
# name 8 = sbeox0V: Oxygen raw, SBE 43 [V]
# name 9 = latitude: Latitude [deg]
# name 10 = longitude: Longitude [deg]
# name 11 = v7: Voltage 7
# name 12 = nbin: number of scans per bin
# name 13 = flag: flag
# span 0 =       1057,      87483       
# span 1 =     44.015,   3645.071       
# span 2 =      4.000,   2846.000       
# span 3 =      3.962,   2800.297       
# span 4 =     1.4594,     7.0970       
# span 5 =     1.4594,     7.1123       
# span 6 =  31.401531,  35.189165       
# span 7 =  31.402222,  35.204353       
# span 8 =     1.8047,     2.8088       
# span 9 =   59.71706,   59.71708       
# span 10 =  -39.33595,  -39.33588      
# span 11 =     4.9560,     4.9573      
# span 12 =          1,        152      
# span 13 = 0.0000e+00, 0.0000e+00      
# interval = decibars: 2                
# start_time = Jul 02 2022 14:08:39 [NMEA time, first data scan]
# bad_flag = -9.990e-29
*END*
[from data line 517]
      28496   1187.287   1038.000   1025.674     3.4032     3.4028  32.372979  32.374034     2.2242   59.71706  -39.33594     4.9568         65 0.0000e+00
      28554   1189.689   1040.000   1027.645     3.4026     3.4022  32.373314  32.374328     2.2244   59.71706  -39.33594     4.9568         39 0.0000e+00
      28586   1191.043   1042.000   1029.616     3.4018     3.4014  32.373443  32.374536     2.2243   59.71706  -39.33595     4.9568         32 0.0000e+00
      28630   1192.866   1044.000   1031.587     3.3993     3.3990  32.371702  32.373030     2.2241   59.71706  -39.33594     4.9568         63 0.0000e+00
      28692   1195.472   1046.000   1033.559     3.3967     3.3962  32.369979  32.370988     2.2235   59.71706  -39.33594     4.9567         45 0.0000e+00
      28730   1197.031   1048.000   1035.530     3.4015     3.4011  32.376081  32.376771     2.2229   59.71706  -39.33594     4.9567         40 0.0000e+00
      28779   1199.092   1050.000   1037.502     3.4054     3.4051  32.380770  32.382021     2.2223   59.71708  -39.33594     4.9568         59 0.0000e+00
      28834   1201.385   1052.000   1039.473     3.4060     3.4056  32.382345  32.383458     2.2213   59.71708  -39.33594     4.9565         49 0.0000e+00
      28880   1203.306   1054.000   1041.444     3.4061     3.4056  32.383388  32.384555     2.2205   59.71706  -39.33594     4.9565         43 0.0000e+00
      28921   1205.014   1056.000   1043.415     3.4026     3.4023  32.380782  32.382007     2.2203   59.71708  -39.33594     4.9566         41 0.0000e+00
      28966   1206.858   1058.000   1045.386     3.4020     3.4017  32.380938  32.382287     2.2203   59.71708  -39.33594     4.9567         48 0.0000e+00
      29017   1209.005   1060.000   1047.358     3.3987     3.3985  32.378612  32.379913     2.2202   59.71708  -39.33593     4.9567         51 0.0000e+00
      29062   1210.857   1062.000   1049.329     3.3986     3.3984  32.379252  32.380782     2.2206   59.71708  -39.33592     4.9565         39 0.0000e+00
      29104   1212.616   1064.000   1051.300     3.3912     3.3908  32.372656  32.373997     2.2207   59.71708  -39.33592     4.9566         50 0.0000e+00
      29161   1214.986   1066.000   1053.271     3.3859     3.3855  32.368254  32.369316     2.2204   59.71708  -39.33592     4.9566         56 0.0000e+00
      29208   1216.978   1068.000   1055.242     3.3856     3.3852  32.368839  32.369925     2.2202   59.71708  -39.33592     4.9568         44 0.0000e+00
      29252   1218.790   1070.000   1057.213     3.3857     3.3853  32.369880  32.370964     2.2203   59.71708  -39.33592     4.9568         44 0.0000e+00
      29300   1220.807   1072.000   1059.184     3.3868     3.3863  32.371928  32.372845     2.2201   59.71708  -39.33591     4.9566         52 0.0000e+00
      29351   1222.915   1074.000   1061.155     3.3869     3.3863  32.372827  32.373898     2.2202   59.71708  -39.33590     4.9567         46 0.0000e+00
      29393   1224.646   1076.000   1063.126     3.3870     3.3865  32.373935  32.374990     2.2201   59.71708  -39.33591     4.9567         41 0.0000e+00
      29441   1226.681   1078.000   1065.097     3.3869     3.3865  32.374697  32.375781     2.2193   59.71708  -39.33590     4.9566         59 0.0000e+00
      29495   1228.914   1080.000   1067.068     3.3866     3.3862  32.375305  32.376333     2.2176   59.71708  -39.33590     4.9567         40 0.0000e+00
      29530   1230.366   1082.000   1069.039     3.3898     3.3900  32.379617  32.381195     2.2166   59.71708  -39.33590     4.9566         36 0.0000e+00
      29579   1232.422   1084.000   1071.010     3.3926     3.3922  32.383264  32.384326     2.2157   59.71708  -39.33590     4.9568         63 0.0000e+00
      29633   1234.661   1086.000   1072.981     3.3908     3.3903  32.382359  32.383547     2.2155   59.71708  -39.33590     4.9568         41 0.0000e+00
      29675   1236.413   1088.000   1074.952     3.3872     3.3866  32.379518  32.380546     2.2155   59.71708  -39.33590     4.9567         49 0.0000e+00
      29730   1238.722   1090.000   1076.923     3.3835     3.3830  32.376730  32.377760     2.2153   59.71708  -39.33590     4.9568         53 0.0000e+00
      29775   1240.569   1092.000   1078.894     3.3835     3.3831  32.377645  32.378679     2.2149   59.71708  -39.33588     4.9566         41 0.0000e+00
      29820   1242.456   1094.000   1080.865     3.3832     3.3827  32.378176  32.379278     2.2144   59.71708  -39.33590     4.9567         51 0.0000e+00
      29873   1244.665   1096.000   1082.835     3.3824     3.3820  32.378320  32.379412     2.2142   59.71708  -39.33590     4.9566         48 0.0000e+00
      29913   1246.344   1098.000   1084.806     3.3812     3.3808  32.378001  32.379222     2.2137   59.71708  -39.33590     4.9568         37 0.0000e+00
      29957   1248.166   1100.000   1086.777     3.3799     3.3795  32.377528  32.378719     2.2139   59.71708  -39.33590     4.9567         55 0.0000e+00
      30013   1250.492   1102.000   1088.748     3.3795     3.3791  32.378097  32.379190     2.2141   59.71708  -39.33590     4.9566         47 0.0000e+00
      30054   1252.213   1104.000   1090.718     3.3794     3.3790  32.378895  32.379956     2.2137   59.71708  -39.33590     4.9566         43 0.0000e+00
      30103   1254.263   1106.000   1092.689     3.3791     3.3787  32.379490  32.380592     2.2128   59.71708  -39.33590     4.9567         54 0.0000e+00
      30156   1256.451   1108.000   1094.660     3.3785     3.3780  32.379763  32.380842     2.2118   59.71708  -39.33590     4.9567         48 0.0000e+00
      30198   1258.212   1110.000   1096.631     3.3781     3.3776  32.380358  32.381378     2.2112   59.71708  -39.33590     4.9567         39 0.0000e+00
      30241   1260.009   1112.000   1098.601     3.3792     3.3788  32.382330  32.383391     2.2107   59.71708  -39.33590     4.9566         52 0.0000e+00
      30298   1262.392   1114.000   1100.572     3.3801     3.3796  32.384094  32.385099     2.2097   59.71708  -39.33591     4.9567         53 0.0000e+00
      30344   1264.295   1116.000   1102.543     3.3808     3.3804  32.385757  32.386785     2.2090   59.71708  -39.33592     4.9567         42 0.0000e+00
      30385   1265.985   1118.000   1104.513     3.3822     3.3817  32.388009  32.388958     2.2085   59.71708  -39.33592     4.9567         41 0.0000e+00
      30434   1268.061   1120.000   1106.484     3.3863     3.3861  32.393193  32.394297     2.2075   59.71708  -39.33592     4.9567         61 0.0000e+00
      30489   1270.343   1122.000   1108.455     3.3952     3.3948  32.403437  32.404325     2.2054   59.71706  -39.33592     4.9567         41 0.0000e+00
      30526   1271.869   1124.000   1110.425     3.3993     3.3990  32.408586  32.409567     2.2044   59.71708  -39.33592     4.9566         39 0.0000e+00
      30577   1274.020   1126.000   1112.396     3.4018     3.4013  32.411831  32.412817     2.2030   59.71706  -39.33593     4.9568         62 0.0000e+00
      30632   1276.275   1128.000   1114.366     3.4019     3.4016  32.412906  32.414203     2.2021   59.71706  -39.33592     4.9567         42 0.0000e+00
      30668   1277.807   1130.000   1116.337     3.4013     3.4009  32.413123  32.414305     2.2020   59.71706  -39.33594     4.9567         37 0.0000e+00
      30718   1279.878   1132.000   1118.307     3.4005     3.4001  32.413203  32.414235     2.2020   59.71706  -39.33594     4.9567         66 0.0000e+00
      30777   1282.348   1134.000   1120.278     3.4001     3.3996  32.413746  32.414718     2.2014   59.71706  -39.33594     4.9566         46 0.0000e+00
      30822   1284.201   1136.000   1122.248     3.4005     3.4000  32.415042  32.416004     2.2008   59.71706  -39.33594     4.9567         45 0.0000e+00
      30865   1286.010   1138.000   1124.219     3.4006     3.4002  32.415972  32.417040     2.2003   59.71706  -39.33594     4.9567         42 0.0000e+00
      30910   1287.872   1140.000   1126.189     3.4006     3.4000  32.416809  32.417800     2.2002   59.71706  -39.33594     4.9567         48 0.0000e+00
      30957   1289.822   1142.000   1128.159     3.3983     3.3979  32.415347  32.416603     2.2006   59.71706  -39.33594     4.9567         43 0.0000e+00
      30999   1291.563   1144.000   1130.130     3.3957     3.3954  32.413632  32.414884     2.2007   59.71706  -39.33594     4.9567         45 0.0000e+00
      31051   1293.749   1146.000   1132.100     3.3953     3.3948  32.413991  32.415013     2.2005   59.71706  -39.33594     4.9567         56 0.0000e+00
      31104   1295.976   1148.000   1134.071     3.3888     3.3888  32.408177  32.410121     2.2004   59.71706  -39.33594     4.9566         51 0.0000e+00
      31154   1298.039   1150.000   1136.041     3.3829     3.3823  32.403283  32.404264     2.2003   59.71706  -39.33594     4.9566         49 0.0000e+00
      31202   1300.033   1152.000   1138.011     3.3865     3.3860  32.408000  32.408841     2.2000   59.71706  -39.33594     4.9567         45 0.0000e+00
      31243   1301.761   1154.000   1139.981     3.3897     3.3891  32.412143  32.412908     2.1988   59.71706  -39.33594     4.9567         40 0.0000e+00
      31288   1303.631   1156.000   1141.952     3.3929     3.3924  32.416315  32.417327     2.1978   59.71706  -39.33594     4.9567         53 0.0000e+00
      31344   1305.954   1158.000   1143.922     3.3955     3.3947  32.419986  32.420410     2.1963   59.71706  -39.33594     4.9566         48 0.0000e+00
      31382   1307.553   1160.000   1145.892     3.4032     3.4029  32.428856  32.429939     2.1950   59.71706  -39.33594     4.9566         35 0.0000e+00
      31424   1309.300   1162.000   1147.862     3.4035     3.4030  32.429828  32.430952     2.1940   59.71706  -39.33594     4.9567         57 0.0000e+00
      31491   1312.063   1164.000   1149.833     3.4023     3.4021  32.429537  32.430918     2.1941   59.71706  -39.33594     4.9567         56 0.0000e+00
      31532   1313.784   1166.000   1151.803     3.3995     3.3992  32.427803  32.429017     2.1938   59.71706  -39.33594     4.9566         40 0.0000e+00
      31575   1315.590   1168.000   1153.773     3.4005     3.4001  32.429668  32.430706     2.1929   59.71706  -39.33594     4.9568         46 0.0000e+00
      31622   1317.552   1170.000   1155.743     3.4005     3.4001  32.430573  32.431653     2.1924   59.71706  -39.33594     4.9568         49 0.0000e+00
      31672   1319.612   1172.000   1157.713     3.3971     3.3967  32.427917  32.429321     2.1917   59.71706  -39.33594     4.9567         46 0.0000e+00
      31716   1321.466   1174.000   1159.683     3.3970     3.3966  32.428959  32.429884     2.1914   59.71706  -39.33594     4.9566         48 0.0000e+00
      31769   1323.656   1176.000   1161.653     3.4030     3.4026  32.435969  32.437043     2.1902   59.71706  -39.33594     4.9566         51 0.0000e+00
      31814   1325.559   1178.000   1163.623     3.4038     3.4033  32.437549  32.438532     2.1897   59.71706  -39.33593     4.9567         45 0.0000e+00
      31860   1327.475   1180.000   1165.594     3.4028     3.4023  32.437432  32.438443     2.1898   59.71706  -39.33593     4.9567         45 0.0000e+00
      31905   1329.350   1182.000   1167.564     3.3986     3.3981  32.434016  32.435188     2.1899   59.71707  -39.33594     4.9567         50 0.0000e+00
      31959   1331.589   1184.000   1169.534     3.3961     3.3956  32.432332  32.433388     2.1892   59.71706  -39.33594     4.9567         49 0.0000e+00
      32001   1333.333   1186.000   1171.503     3.3955     3.3951  32.432688  32.433715     2.1890   59.71706  -39.33592     4.9567         41 0.0000e+00
      32049   1335.318   1188.000   1173.474     3.3958     3.3953  32.433736  32.434822     2.1881   59.71706  -39.33593     4.9567         53 0.0000e+00
      32099   1337.401   1190.000   1175.443     3.3965     3.3961  32.435518  32.436538     2.1872   59.71706  -39.33594     4.9568         45 0.0000e+00
      32144   1339.296   1192.000   1177.413     3.3971     3.3966  32.437007  32.437996     2.1871   59.71706  -39.33594     4.9567         48 0.0000e+00
      32191   1341.249   1194.000   1179.383     3.3980     3.3976  32.438912  32.439958     2.1868   59.71706  -39.33594     4.9567         44 0.0000e+00
      32239   1343.253   1196.000   1181.353     3.3982     3.3978  32.440022  32.441102     2.1863   59.71706  -39.33594     4.9567         57 0.0000e+00
      32297   1345.660   1198.000   1183.323     3.3981     3.3977  32.440706  32.441822     2.1861   59.71706  -39.33594     4.9567         50 0.0000e+00
      32338   1347.390   1200.000   1185.293     3.3982     3.3978  32.441736  32.442819     2.1854   59.71708  -39.33594     4.9566         38 0.0000e+00
      32379   1349.091   1202.000   1187.263     3.3981     3.3977  32.442484  32.443483     2.1845   59.71707  -39.33594     4.9567         45 0.0000e+00
      32426   1351.038   1204.000   1189.233     3.3984     3.3979  32.443733  32.444677     2.1837   59.71706  -39.33594     4.9567         45 0.0000e+00
      32469   1352.824   1206.000   1191.202     3.3992     3.3987  32.445407  32.446339     2.1826   59.71708  -39.33594     4.9566         44 0.0000e+00
      32522   1355.047   1208.000   1193.172     3.4031     3.4025  32.450336  32.451221     2.1816   59.71708  -39.33594     4.9567         61 0.0000e+00
      32575   1357.253   1210.000   1195.142     3.4025     3.4020  32.450647  32.451761     2.1814   59.71707  -39.33594     4.9567         44 0.0000e+00
      32618   1359.031   1212.000   1197.112     3.4004     3.4000  32.449434  32.450590     2.1810   59.71707  -39.33594     4.9567         44 0.0000e+00
      32669   1361.159   1214.000   1199.081     3.3996     3.3991  32.449386  32.450473     2.1805   59.71708  -39.33592     4.9567         57 0.0000e+00
      32722   1363.386   1216.000   1201.051     3.3993     3.3988  32.450073  32.451098     2.1797   59.71707  -39.33594     4.9567         46 0.0000e+00
      32761   1365.013   1218.000   1203.021     3.3994     3.3990  32.451113  32.452143     2.1793   59.71706  -39.33593     4.9568         35 0.0000e+00
      32799   1366.567   1220.000   1204.990     3.4040     3.4036  32.456930  32.457768     2.1785   59.71707  -39.33592     4.9567         43 0.0000e+00
      32853   1368.833   1222.000   1206.960     3.4066     3.4060  32.460362  32.461337     2.1769   59.71708  -39.33593     4.9566         61 0.0000e+00
      32905   1371.015   1224.000   1208.930     3.4073     3.4069  32.462151  32.463179     2.1761   59.71707  -39.33593     4.9567         43 0.0000e+00
      32947   1372.758   1226.000   1210.900     3.4061     3.4058  32.461920  32.463176     2.1763   59.71708  -39.33592     4.9567         45 0.0000e+00
      32996   1374.783   1228.000   1212.869     3.4040     3.4035  32.460581  32.461642     2.1755   59.71707  -39.33592     4.9567         51 0.0000e+00
      33046   1376.878   1230.000   1214.839     3.4045     3.4040  32.462080  32.462993     2.1747   59.71707  -39.33592     4.9567         49 0.0000e+00
      33095   1378.909   1232.000   1216.808     3.4049     3.4044  32.463402  32.464356     2.1738   59.71708  -39.33592     4.9566         48 0.0000e+00
      33141   1380.844   1234.000   1218.778     3.4055     3.4051  32.464895  32.465904     2.1735   59.71708  -39.33592     4.9566         44 0.0000e+00
      33183   1382.604   1236.000   1220.747     3.4060     3.4056  32.466390  32.467422     2.1731   59.71708  -39.33592     4.9566         42 0.0000e+00
      33232   1384.633   1238.000   1222.717     3.4065     3.4060  32.467620  32.468651     2.1724   59.71708  -39.33591     4.9567         58 0.0000e+00
      33286   1386.884   1240.000   1224.686     3.4075     3.4071  32.469669  32.470707     2.1722   59.71708  -39.33592     4.9566         45 0.0000e+00
