Example_Files/SBE_Processing_Files/Processed_SBE_cast_files/downcasts/dar69-01_015.cnv
* Sea-Bird SBE 9 Data File:
* FileName = D:\data\ar69-01_015.hex
* Software Version Seasave V 7.26.7.107
* Temperature SN = 4491
* Conductivity SN = 3009
* Number of Bytes Per Scan = 44
* Number of Voltage Words = 5
* Number of Scans Averaged by the Deck Unit = 1
* NMEA Latitude = 59 43.02 N
* NMEA Longitude = 039 20.16 W
* NMEA UTC (Time) = Jul 02 2022  17:28:01
** Cruise ID: AR69-01
** Chief Sci:
** Station #: 015
** Site ID: Irminger FLMB (OSNAP acoustic release test)
** retesting acoustic releases
# nquan = 14
# nvalues = 506                         
# units = specified
# name 0 = scan: Scan Count
# name 1 = timeS: Time, Elapsed [seconds]
# name 2 = prDM: Pressure, Digiquartz [db]
# name 3 = depSM: Depth [salt water, m]
# name 4 = t090C: Temperature [ITS-90, deg C]
# name 5 = t190C: Temperature, 2 [ITS-90, deg C]
# name 6 = c0mS/cm: Conductivity [mS/cm]
# name 7 = c1mS/cm: Conductivity, 2 [mS/cm]
# name 8 = sbeox0V: Oxygen raw, SBE 43 [V]
# name 9 = latitude: Latitude [deg]
# name 10 = longitude: Longitude [deg]
# name 11 = v7: Voltage 7
# name 12 = nbin: number of scans per bin
# name 13 = flag: flag
# span 0 =        116,      41924       
# span 1 =      4.796,   1746.801       
# span 2 =      4.000,   1014.000       
# span 3 =      3.962,   1002.016       
# span 4 =     3.4223,     7.3822       
# span 5 =     3.4221,     7.3850       
# span 6 =  32.271633,  35.433076       
# span 7 =  32.273140,  35.438726       
# span 8 =     2.2282,     2.8301       
# span 9 =   59.71706,   59.71709       
# span 10 =  -39.33596,  -39.33587      
# span 11 =     4.9560,     4.9571      
# span 12 =          1,        191      
# span 13 = 0.0000e+00, 0.0000e+00      
# interval = decibars: 2                
# start_time = Jul 02 2022 17:28:01 [NMEA time, first data scan]
# bad_flag = -9.990e-29
*END*
[from data line 413]
      21552    897.942    830.000    820.551     3.5082     3.5077  32.381021  32.381836     2.2671   59.71706  -39.33592     4.9567         42 0.0000e+00
      21598    899.889    832.000    822.524     3.5113     3.5110  32.385066  32.386119     2.2656   59.71707  -39.33592     4.9566         56 0.0000e+00
      21658    902.368    834.000    824.498     3.5130     3.5126  32.387737  32.388866     2.2639   59.71706  -39.33592     4.9566         50 0.0000e+00
      21697    903.980    836.000    826.471     3.5132     3.5131  32.389082  32.390250     2.2623   59.71708  -39.33592     4.9565         36 0.0000e+00
      21738    905.724    838.000    828.444     3.5162     3.5156  32.393138  32.393715     2.2612   59.71707  -39.33592     4.9566         51 0.0000e+00
      21791    907.921    840.000    830.417     3.5206     3.5205  32.398447  32.399731     2.2600   59.71706  -39.33592     4.9566         49 0.0000e+00
      21838    909.883    842.000    832.391     3.5201     3.5199  32.398946  32.400106     2.2592   59.71706  -39.33592     4.9565         48 0.0000e+00
      21887    911.925    844.000    834.364     3.5190     3.5187  32.398732  32.399975     2.2585   59.71706  -39.33592     4.9566         50 0.0000e+00
      21935    913.919    846.000    836.337     3.5183     3.5181  32.399075  32.400390     2.2579   59.71706  -39.33592     4.9566         46 0.0000e+00
      21984    915.951    848.000    838.310     3.5158     3.5156  32.397593  32.398836     2.2567   59.71706  -39.33592     4.9566         52 0.0000e+00
      22033    917.981    850.000    840.283     3.5136     3.5133  32.396320  32.397505     2.2559   59.71706  -39.33592     4.9566         42 0.0000e+00
      22073    919.656    852.000    842.256     3.5118     3.5115  32.395547  32.396715     2.2555   59.71706  -39.33592     4.9567         41 0.0000e+00
      22119    921.597    854.000    844.229     3.5105     3.5102  32.394993  32.396231     2.2555   59.71706  -39.33592     4.9566         52 0.0000e+00
      22168    923.637    856.000    846.202     3.5090     3.5088  32.394552  32.395695     2.2550   59.71706  -39.33592     4.9567         46 0.0000e+00
      22217    925.670    858.000    848.176     3.5072     3.5070  32.393614  32.394805     2.2541   59.71706  -39.33592     4.9566         53 0.0000e+00
      22268    927.791    860.000    850.149     3.5057     3.5054  32.393116  32.394316     2.2535   59.71706  -39.33592     4.9566         45 0.0000e+00
      22310    929.550    862.000    852.122     3.5040     3.5038  32.392371  32.393704     2.2532   59.71706  -39.33592     4.9566         44 0.0000e+00
      22364    931.786    864.000    854.095     3.5034     3.5031  32.392744  32.393876     2.2529   59.71706  -39.33592     4.9564         60 0.0000e+00
      22416    933.966    866.000    856.068     3.5007     3.5006  32.391130  32.392572     2.2531   59.71706  -39.33592     4.9567         43 0.0000e+00
      22455    935.569    868.000    858.041     3.4979     3.4977  32.389338  32.390605     2.2530   59.71706  -39.33592     4.9566         38 0.0000e+00
      22500    937.468    870.000    860.013     3.4972     3.4969  32.389581  32.390715     2.2524   59.71706  -39.33592     4.9565         53 0.0000e+00
      22549    939.497    872.000    861.986     3.4973     3.4970  32.390581  32.391721     2.2522   59.71706  -39.33592     4.9566         40 0.0000e+00
      22588    941.145    874.000    863.959     3.4961     3.4959  32.390349  32.391644     2.2521   59.71706  -39.33592     4.9567         46 0.0000e+00
      22645    943.516    876.000    865.932     3.4951     3.4949  32.390323  32.391470     2.2514   59.71706  -39.33592     4.9566         59 0.0000e+00
      22693    945.510    878.000    867.905     3.4947     3.4944  32.390883  32.392012     2.2508   59.71706  -39.33592     4.9565         42 0.0000e+00
      22743    947.581    880.000    869.878     3.4932     3.4929  32.390311  32.391577     2.2505   59.71706  -39.33592     4.9565         59 0.0000e+00
      22795    949.750    882.000    871.851     3.4913     3.4911  32.389452  32.390695     2.2504   59.71706  -39.33592     4.9565         39 0.0000e+00
      22831    951.269    884.000    873.823     3.4906     3.4904  32.389739  32.390926     2.2499   59.71706  -39.33592     4.9565         40 0.0000e+00
      22880    953.297    886.000    875.796     3.4894     3.4891  32.389370  32.390593     2.2493   59.71706  -39.33592     4.9566         55 0.0000e+00
      22930    955.362    888.000    877.769     3.4881     3.4878  32.389086  32.390206     2.2486   59.71706  -39.33590     4.9566         45 0.0000e+00
      22977    957.344    890.000    879.742     3.4866     3.4863  32.388554  32.389707     2.2485   59.71706  -39.33592     4.9566         51 0.0000e+00
      23026    959.392    892.000    881.715     3.4857     3.4855  32.388509  32.389695     2.2471   59.71706  -39.33592     4.9566         44 0.0000e+00
      23069    961.169    894.000    883.687     3.4853     3.4851  32.389028  32.390176     2.2465   59.71707  -39.33590     4.9565         46 0.0000e+00
      23122    963.383    896.000    885.660     3.4846     3.4843  32.389207  32.390339     2.2465   59.71706  -39.33591     4.9566         56 0.0000e+00
      23171    965.413    898.000    887.633     3.4827     3.4827  32.388224  32.389711     2.2469   59.71706  -39.33590     4.9566         42 0.0000e+00
      23213    967.163    900.000    889.605     3.4804     3.4803  32.386847  32.388343     2.2470   59.71707  -39.33590     4.9565         44 0.0000e+00
      23261    969.187    902.000    891.578     3.4798     3.4795  32.387097  32.388299     2.2466   59.71706  -39.33592     4.9565         51 0.0000e+00
      23310    971.206    904.000    893.550     3.4791     3.4786  32.387389  32.388358     2.2455   59.71706  -39.33590     4.9566         47 0.0000e+00
      23360    973.287    906.000    895.523     3.4769     3.4767  32.386187  32.387471     2.2451   59.71706  -39.33590     4.9565         53 0.0000e+00
      23411    975.434    908.000    897.496     3.4762     3.4760  32.386611  32.387780     2.2447   59.71706  -39.33592     4.9565         47 0.0000e+00
      23453    977.147    910.000    899.468     3.4758     3.4755  32.387122  32.388296     2.2443   59.71706  -39.33590     4.9566         38 0.0000e+00
      23497    979.019    912.000    901.441     3.4754     3.4752  32.387641  32.388732     2.2436   59.71706  -39.33590     4.9565         56 0.0000e+00
      23553    981.331    914.000    903.413     3.4743     3.4740  32.387327  32.388545     2.2429   59.71706  -39.33590     4.9564         46 0.0000e+00
      23593    982.985    916.000    905.386     3.4734     3.4732  32.387403  32.388667     2.2426   59.71706  -39.33591     4.9564         40 0.0000e+00
      23641    984.996    918.000    907.358     3.4689     3.4687  32.383870  32.385098     2.2429   59.71706  -39.33590     4.9566         59 0.0000e+00
      23697    987.345    920.000    909.331     3.4665     3.4663  32.382445  32.383586     2.2436   59.71706  -39.33592     4.9567         44 0.0000e+00
      23734    988.868    922.000    911.303     3.4658     3.4656  32.382577  32.383870     2.2434   59.71706  -39.33592     4.9566         37 0.0000e+00
      23787    991.070    924.000    913.276     3.4647     3.4645  32.382442  32.383519     2.2432   59.71706  -39.33592     4.9566         65 0.0000e+00
      23840    993.283    926.000    915.248     3.4646     3.4644  32.383334  32.384471     2.2427   59.71706  -39.33592     4.9567         43 0.0000e+00
      23883    995.091    928.000    917.221     3.4649     3.4647  32.384670  32.385767     2.2419   59.71706  -39.33592     4.9566         43 0.0000e+00
      23926    996.869    930.000    919.193     3.4674     3.4670  32.388221  32.389032     2.2409   59.71707  -39.33592     4.9565         43 0.0000e+00
      23974    998.882    932.000    921.165     3.4716     3.4713  32.393548  32.394582     2.2399   59.71707  -39.33592     4.9565         53 0.0000e+00
      24022   1000.857    934.000    923.138     3.4710     3.4708  32.393916  32.395120     2.2392   59.71706  -39.33592     4.9564         41 0.0000e+00
      24066   1002.704    936.000    925.110     3.4689     3.4687  32.392880  32.393963     2.2391   59.71706  -39.33592     4.9565         55 0.0000e+00
      24122   1005.050    938.000    927.082     3.4674     3.4673  32.392083  32.393525     2.2390   59.71708  -39.33592     4.9565         45 0.0000e+00
      24160   1006.645    940.000    929.055     3.4614     3.4614  32.387038  32.388538     2.2387   59.71707  -39.33593     4.9565         41 0.0000e+00
      24218   1009.025    942.000    931.027     3.4579     3.4576  32.384411  32.385468     2.2381   59.71707  -39.33592     4.9565         63 0.0000e+00
      24265   1010.983    944.000    932.999     3.4568     3.4566  32.384266  32.385463     2.2379   59.71708  -39.33593     4.9567         38 0.0000e+00
      24306   1012.709    946.000    934.971     3.4551     3.4549  32.383512  32.384644     2.2379   59.71708  -39.33594     4.9565         47 0.0000e+00
      24357   1014.827    948.000    936.944     3.4531     3.4529  32.382333  32.383496     2.2380   59.71708  -39.33592     4.9564         51 0.0000e+00
      24406   1016.864    950.000    938.916     3.4525     3.4521  32.382554  32.383682     2.2376   59.71707  -39.33593     4.9564         47 0.0000e+00
      24449   1018.677    952.000    940.888     3.4513     3.4511  32.382410  32.383593     2.2372   59.71706  -39.33594     4.9565         41 0.0000e+00
      24493   1020.518    954.000    942.860     3.4508     3.4506  32.382734  32.383892     2.2370   59.71708  -39.33594     4.9565         51 0.0000e+00
      24547   1022.759    956.000    944.832     3.4504     3.4501  32.383191  32.384326     2.2368   59.71708  -39.33594     4.9565         50 0.0000e+00
      24593   1024.654    958.000    946.804     3.4494     3.4492  32.383222  32.384494     2.2367   59.71708  -39.33594     4.9566         45 0.0000e+00
      24640   1026.644    960.000    948.776     3.4483     3.4480  32.383097  32.384240     2.2364   59.71708  -39.33592     4.9566         51 0.0000e+00
      24692   1028.773    962.000    950.748     3.4472     3.4470  32.382893  32.384113     2.2358   59.71708  -39.33593     4.9565         49 0.0000e+00
      24738   1030.702    964.000    952.720     3.4452     3.4452  32.381850  32.383256     2.2349   59.71708  -39.33594     4.9567         44 0.0000e+00
      24782   1032.537    966.000    954.693     3.4467     3.4464  32.384388  32.385405     2.2347   59.71708  -39.33592     4.9566         46 0.0000e+00
      24834   1034.690    968.000    956.665     3.4459     3.4459  32.384472  32.385938     2.2347   59.71707  -39.33594     4.9564         55 0.0000e+00
      24882   1036.708    970.000    958.637     3.4432     3.4430  32.382701  32.383874     2.2350   59.71707  -39.33592     4.9563         42 0.0000e+00
      24924   1038.474    972.000    960.609     3.4398     3.4396  32.380234  32.381547     2.2347   59.71708  -39.33593     4.9568         45 0.0000e+00
      24970   1040.377    974.000    962.580     3.4391     3.4389  32.380455  32.381664     2.2341   59.71708  -39.33593     4.9564         45 0.0000e+00
      25019   1042.428    976.000    964.553     3.4384     3.4381  32.380680  32.381788     2.2342   59.71708  -39.33592     4.9564         57 0.0000e+00
      25074   1044.694    978.000    966.524     3.4382     3.4380  32.381349  32.382520     2.2339   59.71708  -39.33592     4.9563         43 0.0000e+00
      25110   1046.211    980.000    968.496     3.4379     3.4379  32.382054  32.383292     2.2331   59.71708  -39.33592     4.9564         37 0.0000e+00
      25161   1048.341    982.000    970.468     3.4433     3.4428  32.388344  32.389228     2.2325   59.71708  -39.33592     4.9563         64 0.0000e+00
      25217   1050.676    984.000    972.440     3.4436     3.4434  32.389638  32.390749     2.2318   59.71708  -39.33592     4.9564         45 0.0000e+00
      25257   1052.348    986.000    974.412     3.4431     3.4428  32.390029  32.391215     2.2317   59.71708  -39.33592     4.9565         38 0.0000e+00
      25300   1054.116    988.000    976.384     3.4407     3.4405  32.388585  32.389817     2.2309   59.71708  -39.33592     4.9564         53 0.0000e+00
      25363   1056.768    990.000    978.356     3.4397     3.4394  32.388392  32.389446     2.2304   59.71708  -39.33592     4.9565         56 0.0000e+00
      25403   1058.410    992.000    980.328     3.4385     3.4383  32.388160  32.389435     2.2299   59.71708  -39.33592     4.9564         35 0.0000e+00
      25442   1060.056    994.000    982.299     3.4367     3.4364  32.387292  32.388409     2.2297   59.71708  -39.33592     4.9565         47 0.0000e+00
      25493   1062.184    996.000    984.271     3.4360     3.4357  32.387438  32.388602     2.2298   59.71708  -39.33592     4.9564         48 0.0000e+00
      25538   1064.025    998.000    986.243     3.4339     3.4337  32.386279  32.387499     2.2297   59.71708  -39.33592     4.9563         46 0.0000e+00
      25588   1066.126   1000.000    988.215     3.4336     3.4333  32.386851  32.387948     2.2291   59.71708  -39.33592     4.9565         51 0.0000e+00
      25635   1068.070   1002.000    990.186     3.4329     3.4325  32.387136  32.388271     2.2293   59.71708  -39.33592     4.9564         47 0.0000e+00
      25688   1070.296   1004.000    992.158     3.4298     3.4296  32.385033  32.386244     2.2290   59.71708  -39.33592     4.9565         55 0.0000e+00
      25737   1072.336   1006.000    994.129     3.4273     3.4271  32.383429  32.384602     2.2285   59.71708  -39.33592     4.9565         44 0.0000e+00
      25779   1074.075   1008.000    996.101     3.4258     3.4255  32.382733  32.383992     2.2282   59.71708  -39.33592     4.9565         42 0.0000e+00
      25831   1076.235   1010.000    998.073     3.4251     3.4247  32.382878  32.383968     2.2292   59.71708  -39.33592     4.9564         64 0.0000e+00
      25897   1079.004   1012.000   1000.044     3.4243     3.4239  32.382954  32.384075     2.2294   59.71708  -39.33592     4.9565         64 0.0000e+00
      41924   1746.801   1014.000   1002.016     3.4223     3.4221  32.381901  32.383043     2.2298   59.71707  -39.33593     4.9563        191 0.0000e+00
