Example_Files/SBE_Processing_Files/Processed_SBE_cast_files/downcasts/dar69-01_014.cnv
* Sea-Bird SBE 9 Data File:
* FileName = D:\data\ar69-01_014.hex
* Software Version Seasave V 7.26.7.107
* Temperature SN = 4491
* Conductivity SN = 3009
* Number of Bytes Per Scan = 44
* Number of Voltage Words = 5
* Number of Scans Averaged by the Deck Unit = 1
* NMEA Latitude = 59 43.02 N
* NMEA Longitude = 039 20.16 W
* NMEA UTC (Time) = Jul 02 2022  14:08:39
** Cruise ID: AR69-01
** Chief Sci:
** Station #: 014
** Site ID: Irminger FLMB (OSNAP acoustic release test)
# nquan = 14
# nvalues = 1422                        
# units = specified
# name 0 = scan: Scan Count
# name 1 = timeS: Time, Elapsed [seconds]
# name 2 = prDM: Pressure, Digiquartz [db]
# name 3 = depSM: Depth [salt water, m]
# name 4 = t090C: Temperature [ITS-90, deg C]
# name 5 = t190C: Temperature, 2 [ITS-90, deg C]
# name 6 = c0mS/cm: Conductivity [mS/cm]
# name 7 = c1mS/cm: Conductivity, 2 [mS/cm]
# name 8 = sbeox0V: Oxygen raw, SBE 43 [V]
# name 9 = latitude: Latitude [deg]
# name 10 = longitude: Longitude [deg]
# name 11 = v7: Voltage 7
# name 12 = nbin: number of scans per bin
# name 13 = flag: flag
# span 0 =       1057,      87483       
# span 1 =     44.015,   3645.071       
# span 2 =      4.000,   2846.000       
# span 3 =      3.962,   2800.297       
# span 4 =     1.4594,     7.0970       
# span 5 =     1.4594,     7.1123       
# span 6 =  31.401531,  35.189165       
# span 7 =  31.402222,  35.204353       
# span 8 =     1.8047,     2.8088       
# span 9 =   59.71706,   59.71708       
# span 10 =  -39.33595,  -39.33588      
# span 11 =     4.9560,     4.9573      
# span 12 =          1,        152      
# span 13 = 0.0000e+00, 0.0000e+00      
# interval = decibars: 2                
# start_time = Jul 02 2022 14:08:39 [NMEA time, first data scan]
# bad_flag = -9.990e-29
*END*
[from data line 1136]
      57835   2409.764   2276.000   2242.416     3.0449     3.0449  32.616968  32.618004     1.8662   59.71706  -39.33594     4.9564         39 0.0000e+00
      57875   2411.433   2278.000   2244.376     3.0438     3.0437  32.616781  32.617665     1.8659   59.71706  -39.33594     4.9564         45 0.0000e+00
      57930   2413.710   2280.000   2246.337     3.0425     3.0424  32.616432  32.617247     1.8656   59.71706  -39.33594     4.9565         58 0.0000e+00
      57979   2415.756   2282.000   2248.296     3.0417     3.0416  32.616534  32.617436     1.8651   59.71706  -39.33594     4.9564         42 0.0000e+00
      58021   2417.509   2284.000   2250.257     3.0404     3.0404  32.616425  32.617258     1.8646   59.71706  -39.33594     4.9563         44 0.0000e+00
      58067   2419.418   2286.000   2252.216     3.0400     3.0399  32.616799  32.617714     1.8642   59.71706  -39.33594     4.9564         47 0.0000e+00
      58113   2421.334   2288.000   2254.176     3.0361     3.0360  32.613872  32.614804     1.8636   59.71706  -39.33594     4.9564         43 0.0000e+00
      58156   2423.123   2290.000   2256.136     3.0350     3.0350  32.613771  32.614617     1.8628   59.71706  -39.33594     4.9564         47 0.0000e+00
      58210   2425.375   2292.000   2258.096     3.0331     3.0330  32.612935  32.613824     1.8622   59.71706  -39.33592     4.9564         57 0.0000e+00
      58259   2427.432   2294.000   2260.056     3.0322     3.0321  32.612990  32.613839     1.8619   59.71706  -39.33593     4.9565         44 0.0000e+00
      58307   2429.437   2296.000   2262.016     3.0310     3.0309  32.612723  32.613641     1.8617   59.71706  -39.33592     4.9564         53 0.0000e+00
      58358   2431.538   2298.000   2263.976     3.0296     3.0296  32.612437  32.613280     1.8612   59.71706  -39.33592     4.9565         44 0.0000e+00
      58399   2433.236   2300.000   2265.936     3.0288     3.0288  32.612544  32.613339     1.8610   59.71706  -39.33592     4.9565         41 0.0000e+00
      58442   2435.058   2302.000   2267.895     3.0276     3.0276  32.612184  32.613206     1.8605   59.71708  -39.33592     4.9563         48 0.0000e+00
      58496   2437.298   2304.000   2269.855     3.0260     3.0260  32.611718  32.612650     1.8604   59.71706  -39.33592     4.9564         54 0.0000e+00
      58542   2439.216   2306.000   2271.815     3.0237     3.0236  32.610586  32.611430     1.8598   59.71706  -39.33592     4.9564         40 0.0000e+00
      58583   2440.903   2308.000   2273.775     3.0235     3.0234  32.611345  32.612265     1.8590   59.71706  -39.33592     4.9563         44 0.0000e+00
      58634   2443.038   2310.000   2275.734     3.0228     3.0228  32.611789  32.612582     1.8582   59.71706  -39.33592     4.9565         58 0.0000e+00
      58689   2445.349   2312.000   2277.694     3.0224     3.0224  32.612343  32.613120     1.8578   59.71706  -39.33592     4.9564         49 0.0000e+00
      58731   2447.081   2314.000   2279.654     3.0216     3.0215  32.612504  32.613357     1.8577   59.71708  -39.33592     4.9565         37 0.0000e+00
      58771   2448.759   2316.000   2281.613     3.0207     3.0207  32.612488  32.613304     1.8575   59.71707  -39.33592     4.9562         50 0.0000e+00
      58838   2451.543   2318.000   2283.573     3.0208     3.0207  32.613205  32.614038     1.8569   59.71706  -39.33592     4.9564         61 0.0000e+00
      58877   2453.179   2320.000   2285.533     3.0203     3.0203  32.613708  32.614592     1.8566   59.71707  -39.33592     4.9564         33 0.0000e+00
      58913   2454.656   2322.000   2287.492     3.0189     3.0189  32.613273  32.614227     1.8562   59.71708  -39.33592     4.9564         42 0.0000e+00
      58966   2456.896   2324.000   2289.452     3.0176     3.0175  32.612915  32.613819     1.8557   59.71707  -39.33592     4.9564         59 0.0000e+00
      59015   2458.930   2326.000   2291.412     3.0146     3.0146  32.611192  32.611996     1.8550   59.71707  -39.33592     4.9563         41 0.0000e+00
      59058   2460.704   2328.000   2293.371     3.0134     3.0134  32.610979  32.611760     1.8547   59.71708  -39.33592     4.9562         47 0.0000e+00
      59111   2462.922   2330.000   2295.331     3.0130     3.0130  32.611361  32.612191     1.8540   59.71708  -39.33592     4.9564         54 0.0000e+00
      59157   2464.819   2332.000   2297.290     3.0119     3.0119  32.611011  32.612032     1.8536   59.71708  -39.33592     4.9565         39 0.0000e+00
      59197   2466.496   2334.000   2299.250     3.0079     3.0078  32.608095  32.609059     1.8531   59.71708  -39.33592     4.9564         44 0.0000e+00
      59245   2468.493   2336.000   2301.209     3.0047     3.0046  32.605860  32.606668     1.8528   59.71708  -39.33592     4.9564         50 0.0000e+00
      59294   2470.554   2338.000   2303.169     3.0041     3.0040  32.606242  32.607102     1.8527   59.71708  -39.33592     4.9563         53 0.0000e+00
      59355   2473.065   2340.000   2305.128     3.0017     3.0016  32.604928  32.605695     1.8523   59.71706  -39.33592     4.9563         57 0.0000e+00
      59398   2474.892   2342.000   2307.088     3.0016     3.0015  32.605620  32.606555     1.8521   59.71708  -39.33592     4.9563         38 0.0000e+00
      59439   2476.582   2344.000   2309.047     3.0005     3.0004  32.605598  32.606386     1.8517   59.71708  -39.33592     4.9564         46 0.0000e+00
      59489   2478.669   2346.000   2311.006     3.0001     3.0000  32.606037  32.606849     1.8516   59.71707  -39.33592     4.9563         48 0.0000e+00
      59530   2480.393   2348.000   2312.966     3.0000     3.0000  32.606879  32.607780     1.8511   59.71706  -39.33592     4.9563         38 0.0000e+00
      59571   2482.077   2350.000   2314.925     2.9965     2.9964  32.604431  32.605322     1.8504   59.71708  -39.33592     4.9563         46 0.0000e+00
      59626   2484.360   2352.000   2316.884     2.9954     2.9953  32.604316  32.605124     1.8497   59.71707  -39.33592     4.9563         60 0.0000e+00
      59680   2486.616   2354.000   2318.844     2.9939     2.9939  32.603896  32.604724     1.8495   59.71706  -39.33592     4.9563         45 0.0000e+00
      59721   2488.329   2356.000   2320.803     2.9926     2.9926  32.603482  32.604362     1.8493   59.71707  -39.33592     4.9564         41 0.0000e+00
      59770   2490.367   2358.000   2322.762     2.9907     2.9907  32.602600  32.603432     1.8488   59.71708  -39.33592     4.9563         59 0.0000e+00
      59824   2492.642   2360.000   2324.722     2.9884     2.9883  32.601240  32.602109     1.8480   59.71706  -39.33592     4.9562         44 0.0000e+00
      59863   2494.234   2362.000   2326.681     2.9865     2.9865  32.600422  32.601345     1.8475   59.71706  -39.33592     4.9563         37 0.0000e+00
      59904   2495.979   2364.000   2328.640     2.9840     2.9841  32.599060  32.600042     1.8471   59.71708  -39.33592     4.9564         48 0.0000e+00
      59957   2498.171   2366.000   2330.600     2.9827     2.9826  32.598858  32.599653     1.8468   59.71708  -39.33593     4.9562         53 0.0000e+00
      60005   2500.159   2368.000   2332.559     2.9807     2.9806  32.597946  32.598783     1.8465   59.71707  -39.33592     4.9563         43 0.0000e+00
      60047   2501.903   2370.000   2334.518     2.9794     2.9794  32.597646  32.598445     1.8461   59.71708  -39.33592     4.9564         45 0.0000e+00
      60101   2504.185   2372.000   2336.477     2.9774     2.9774  32.596611  32.597435     1.8455   59.71708  -39.33592     4.9562         57 0.0000e+00
      60147   2506.069   2374.000   2338.436     2.9772     2.9772  32.597336  32.598225     1.8450   59.71708  -39.33592     4.9562         38 0.0000e+00
      60189   2507.833   2376.000   2340.395     2.9742     2.9741  32.595261  32.596207     1.8446   59.71708  -39.33592     4.9564         52 0.0000e+00
      60245   2510.147   2378.000   2342.354     2.9689     2.9690  32.591002  32.592030     1.8444   59.71708  -39.33592     4.9563         48 0.0000e+00
      60284   2511.785   2380.000   2344.313     2.9646     2.9647  32.587764  32.588847     1.8443   59.71708  -39.33593     4.9564         38 0.0000e+00
      60333   2513.846   2382.000   2346.273     2.9632     2.9631  32.587239  32.588014     1.8438   59.71708  -39.33592     4.9563         65 0.0000e+00
      60394   2516.363   2384.000   2348.232     2.9617     2.9617  32.586752  32.587640     1.8432   59.71708  -39.33592     4.9564         45 0.0000e+00
      60430   2517.886   2386.000   2350.191     2.9606     2.9606  32.586667  32.587553     1.8428   59.71708  -39.33592     4.9565         34 0.0000e+00
      60467   2519.396   2388.000   2352.150     2.9589     2.9588  32.585883  32.586795     1.8426   59.71708  -39.33592     4.9564         40 0.0000e+00
      60520   2521.627   2390.000   2354.109     2.9572     2.9572  32.585218  32.586021     1.8421   59.71708  -39.33592     4.9563         68 0.0000e+00
      60579   2524.085   2392.000   2356.068     2.9553     2.9552  32.584152  32.585050     1.8417   59.71708  -39.33592     4.9565         43 0.0000e+00
      60617   2525.662   2394.000   2358.027     2.9545     2.9544  32.584289  32.585064     1.8416   59.71708  -39.33592     4.9564         38 0.0000e+00
      60658   2527.373   2396.000   2359.986     2.9544     2.9544  32.585068  32.585906     1.8414   59.71708  -39.33592     4.9562         45 0.0000e+00
      60709   2529.494   2398.000   2361.945     2.9544     2.9544  32.585868  32.586692     1.8410   59.71708  -39.33592     4.9563         55 0.0000e+00
      60760   2531.637   2400.000   2363.904     2.9503     2.9503  32.582738  32.583848     1.8404   59.71708  -39.33592     4.9563         45 0.0000e+00
      60803   2533.407   2402.000   2365.862     2.9475     2.9474  32.580980  32.581803     1.8400   59.71708  -39.33592     4.9562         44 0.0000e+00
      60853   2535.480   2404.000   2367.821     2.9466     2.9465  32.580930  32.581731     1.8397   59.71708  -39.33592     4.9563         56 0.0000e+00
      60906   2537.704   2406.000   2369.780     2.9462     2.9461  32.581275  32.582099     1.8394   59.71708  -39.33592     4.9561         47 0.0000e+00
      60948   2539.474   2408.000   2371.739     2.9459     2.9459  32.581907  32.582733     1.8389   59.71708  -39.33592     4.9560         40 0.0000e+00
      60990   2541.191   2410.000   2373.698     2.9445     2.9446  32.581374  32.582368     1.8383   59.71708  -39.33592     4.9560         43 0.0000e+00
      61037   2543.187   2412.000   2375.657     2.9422     2.9422  32.580027  32.580926     1.8380   59.71708  -39.33592     4.9560         52 0.0000e+00
      61086   2545.190   2414.000   2377.616     2.9405     2.9406  32.579291  32.580246     1.8382   59.71708  -39.33592     4.9560         42 0.0000e+00
      61128   2546.949   2416.000   2379.574     2.9384     2.9383  32.578066  32.578876     1.8382   59.71708  -39.33592     4.9564         48 0.0000e+00
      61187   2549.437   2418.000   2381.533     2.9361     2.9359  32.576553  32.577282     1.8376   59.71708  -39.33592     4.9563         60 0.0000e+00
      61233   2551.325   2420.000   2383.492     2.9342     2.9342  32.575665  32.576522     1.8374   59.71708  -39.33592     4.9563         39 0.0000e+00
      61279   2553.260   2422.000   2385.450     2.9322     2.9322  32.574538  32.575396     1.8373   59.71708  -39.33592     4.9563         57 0.0000e+00
      61331   2555.409   2424.000   2387.409     2.9303     2.9303  32.573694  32.574490     1.8368   59.71708  -39.33592     4.9562         40 0.0000e+00
      61368   2556.963   2426.000   2389.368     2.9279     2.9278  32.572206  32.573045     1.8365   59.71708  -39.33592     4.9564         40 0.0000e+00
      61417   2559.010   2428.000   2391.327     2.9239     2.9240  32.569361  32.570333     1.8365   59.71708  -39.33592     4.9563         53 0.0000e+00
      61463   2560.925   2430.000   2393.285     2.9223     2.9223  32.568761  32.569637     1.8362   59.71708  -39.33592     4.9563         42 0.0000e+00
      61508   2562.811   2432.000   2395.244     2.9221     2.9221  32.569820  32.570628     1.8354   59.71708  -39.33592     4.9560         50 0.0000e+00
      61560   2564.942   2434.000   2397.202     2.9214     2.9214  32.570415  32.571267     1.8344   59.71708  -39.33592     4.9560         49 0.0000e+00
      61608   2566.951   2436.000   2399.161     2.9201     2.9200  32.570190  32.570997     1.8337   59.71708  -39.33592     4.9561         49 0.0000e+00
      61656   2568.972   2438.000   2401.120     2.9180     2.9179  32.569131  32.569924     1.8331   59.71708  -39.33592     4.9563         46 0.0000e+00
      61700   2570.778   2440.000   2403.078     2.9164     2.9164  32.568190  32.569049     1.8329   59.71708  -39.33592     4.9563         43 0.0000e+00
      61751   2572.912   2442.000   2405.037     2.9120     2.9118  32.564311  32.565207     1.8327   59.71707  -39.33592     4.9560         60 0.0000e+00
      61804   2575.142   2444.000   2406.995     2.9075     2.9076  32.560274  32.561482     1.8334   59.71707  -39.33592     4.9560         42 0.0000e+00
      61842   2576.700   2446.000   2408.954     2.8913     2.8920  32.544383  32.546766     1.8348   59.71708  -39.33590     4.9560         38 0.0000e+00
      61889   2578.657   2448.000   2410.912     2.8745     2.8743  32.527787  32.528859     1.8360   59.71708  -39.33591     4.9561         56 0.0000e+00
      61941   2580.823   2450.000   2412.871     2.8721     2.8718  32.526240  32.526754     1.8366   59.71708  -39.33592     4.9563         45 0.0000e+00
      61985   2582.650   2452.000   2414.829     2.8718     2.8715  32.526951  32.527634     1.8369   59.71707  -39.33590     4.9562         44 0.0000e+00
      62029   2584.502   2454.000   2416.788     2.8712     2.8709  32.527216  32.527917     1.8373   59.71708  -39.33591     4.9560         45 0.0000e+00
      62079   2586.603   2456.000   2418.746     2.8660     2.8658  32.523037  32.523773     1.8372   59.71708  -39.33592     4.9560         57 0.0000e+00
      62134   2588.874   2458.000   2420.704     2.8606     2.8607  32.518677  32.519640     1.8373   59.71707  -39.33590     4.9560         47 0.0000e+00
      62174   2590.536   2460.000   2422.663     2.8594     2.8596  32.518345  32.519421     1.8370   59.71708  -39.33590     4.9560         38 0.0000e+00
      62218   2592.359   2462.000   2424.621     2.8572     2.8572  32.516897  32.517965     1.8373   59.71708  -39.33590     4.9562         52 0.0000e+00
      62274   2594.688   2464.000   2426.580     2.8488     2.8488  32.509544  32.510669     1.8373   59.71708  -39.33592     4.9562         53 0.0000e+00
      62319   2596.594   2466.000   2428.538     2.8427     2.8427  32.504523  32.505477     1.8374   59.71708  -39.33592     4.9560         41 0.0000e+00
      62361   2598.323   2468.000   2430.496     2.8361     2.8361  32.498779  32.500121     1.8377   59.71708  -39.33590     4.9560         43 0.0000e+00
      62409   2600.316   2470.000   2432.454     2.8278     2.8280  32.491618  32.492698     1.8381   59.71708  -39.33591     4.9560         54 0.0000e+00
      62461   2602.512   2472.000   2434.413     2.8260     2.8260  32.490599  32.491458     1.8383   59.71708  -39.33592     4.9560         46 0.0000e+00
      62501   2604.185   2474.000   2436.371     2.8285     2.8276  32.494268  32.493969     1.8380   59.71708  -39.33590     4.9562         39 0.0000e+00
      62549   2606.185   2476.000   2438.329     2.8381     2.8374  32.505353  32.505033     1.8367   59.71708  -39.33590     4.9562         60 0.0000e+00
      62606   2608.545   2478.000   2440.287     2.8464     2.8461  32.515126  32.515480     1.8349   59.71708  -39.33590     4.9562         45 0.0000e+00
