Example_Files/SBE_Processing_Files/Processed_SBE_cast_files/downcasts/dar69-01_013.cnv
* Sea-Bird SBE 9 Data File:
* FileName = D:\data\ar69-01_013.hex
* Software Version Seasave V 7.26.7.107
* Temperature SN = 4491
* Conductivity SN = 3009
* Number of Bytes Per Scan = 44
* Number of Voltage Words = 5
* Number of Scans Averaged by the Deck Unit = 1
* NMEA Latitude = 59 58.35 N
* NMEA Longitude = 039 30.42 W
* NMEA UTC (Time) = Jul 01 2022  16:41:48
** Cruise ID: AR69-01
** Chief Sci:
** Station #: 013
** Site ID: Irminger HYPM
# nquan = 14
# nvalues = 1320                        
# units = specified
# name 0 = scan: Scan Count
# name 1 = timeS: Time, Elapsed [seconds]
# name 2 = prDM: Pressure, Digiquartz [db]
# name 3 = depSM: Depth [salt water, m]
# name 4 = t090C: Temperature [ITS-90, deg C]
# name 5 = t190C: Temperature, 2 [ITS-90, deg C]
# name 6 = c0mS/cm: Conductivity [mS/cm]
# name 7 = c1mS/cm: Conductivity, 2 [mS/cm]
# name 8 = sbeox0V: Oxygen raw, SBE 43 [V]
# name 9 = latitude: Latitude [deg]
# name 10 = longitude: Longitude [deg]
# name 11 = v7: Voltage 7
# name 12 = nbin: number of scans per bin
# name 13 = flag: flag
# span 0 =       2520,      71633       
# span 1 =    104.965,   2984.679       
# span 2 =      4.000,   2642.000       
# span 3 =      3.963,   2600.748       
# span 4 =     1.6157,     7.0705       
# span 5 =     1.6157,     7.0705       
# span 6 =  31.461283,  35.143696       
# span 7 =  31.461942,  35.146484       
# span 8 =     1.8560,     2.8388       
# span 9 =   59.97192,   59.97244       
# span 10 =  -39.50690,  -39.50608      
# span 11 =     4.9560,     4.9573      
# span 12 =          1,        116      
# span 13 = 0.0000e+00, 0.0000e+00      
# interval = decibars: 2                
# start_time = Jul 01 2022 16:41:48 [NMEA time, first data scan]
# bad_flag = -9.990e-29
*END*
[from data line 207]
      13951    581.269    418.000    413.642     3.5827     3.5823  32.258547  32.259872     2.4404   59.97214  -39.50647     4.9573         66 0.0000e+00
      14015    583.902    420.000    415.619     3.5877     3.5872  32.264547  32.265882     2.4396   59.97215  -39.50647     4.9573         53 0.0000e+00
      14060    585.774    422.000    417.596     3.5886     3.5883  32.266548  32.267963     2.4394   59.97214  -39.50648     4.9573         41 0.0000e+00
      14100    587.471    424.000    419.573     3.5870     3.5868  32.265831  32.267500     2.4392   59.97214  -39.50647     4.9573         42 0.0000e+00
      14144    589.300    426.000    421.550     3.5841     3.5837  32.263955  32.265403     2.4393   59.97214  -39.50646     4.9573         46 0.0000e+00
      14192    591.277    428.000    423.527     3.5824     3.5820  32.263233  32.264544     2.4393   59.97216  -39.50646     4.9573         48 0.0000e+00
      14243    593.422    430.000    425.504     3.5821     3.5816  32.263758  32.265123     2.4388   59.97215  -39.50646     4.9573         57 0.0000e+00
      14297    595.661    432.000    427.481     3.5792     3.5787  32.261742  32.263256     2.4378   59.97214  -39.50644     4.9573         46 0.0000e+00
      14337    597.352    434.000    429.458     3.5773     3.5767  32.260956  32.262322     2.4373   59.97214  -39.50644     4.9573         38 0.0000e+00
      14378    599.055    436.000    431.435     3.5767     3.5763  32.261277  32.262808     2.4370   59.97216  -39.50646     4.9573         46 0.0000e+00
      14434    601.385    438.000    433.412     3.5756     3.5749  32.261283  32.262417     2.4362   59.97216  -39.50644     4.9573         62 0.0000e+00
      14487    603.589    440.000    435.389     3.5764     3.5760  32.263219  32.264609     2.4361   59.97214  -39.50644     4.9573         43 0.0000e+00
      14527    605.263    442.000    437.366     3.5736     3.5730  32.261203  32.262631     2.4360   59.97215  -39.50644     4.9573         40 0.0000e+00
      14572    607.131    444.000    439.343     3.5703     3.5701  32.258938  32.260584     2.4358   59.97216  -39.50644     4.9573         51 0.0000e+00
      14626    609.371    446.000    441.320     3.5712     3.5703  32.260745  32.261723     2.4352   59.97216  -39.50644     4.9573         53 0.0000e+00
      14674    611.387    448.000    443.297     3.5676     3.5672  32.258150  32.259764     2.4348   59.97214  -39.50644     4.9573         45 0.0000e+00
      14719    613.240    450.000    445.274     3.5653     3.5646  32.256725  32.257993     2.4341   59.97215  -39.50643     4.9573         46 0.0000e+00
      14767    615.232    452.000    447.251     3.5626     3.5622  32.255075  32.256595     2.4338   59.97216  -39.50644     4.9573         48 0.0000e+00
      14813    617.170    454.000    449.228     3.5614     3.5609  32.254855  32.256115     2.4329   59.97215  -39.50644     4.9573         46 0.0000e+00
      14862    619.204    456.000    451.204     3.5616     3.5611  32.256036  32.257294     2.4319   59.97214  -39.50644     4.9573         53 0.0000e+00
      14915    621.432    458.000    453.181     3.5657     3.5651  32.261429  32.262349     2.4303   59.97215  -39.50642     4.9573         50 0.0000e+00
      14961    623.316    460.000    455.158     3.5724     3.5718  32.269229  32.270138     2.4296   59.97215  -39.50644     4.9573         41 0.0000e+00
      15000    624.971    462.000    457.135     3.5729     3.5724  32.270650  32.271950     2.4287   59.97215  -39.50644     4.9573         41 0.0000e+00
      15053    627.157    464.000    459.111     3.5723     3.5718  32.270765  32.272136     2.4278   59.97216  -39.50642     4.9573         68 0.0000e+00
      15115    629.761    466.000    461.088     3.5696     3.5692  32.269029  32.270584     2.4250   59.97214  -39.50643     4.9573         45 0.0000e+00
      15152    631.308    468.000    463.065     3.5732     3.5727  32.273878  32.274986     2.4246   59.97214  -39.50644     4.9573         36 0.0000e+00
      15193    633.015    470.000    465.041     3.5741     3.5733  32.275662  32.276727     2.4244   59.97214  -39.50642     4.9573         48 0.0000e+00
      15242    635.023    472.000    467.018     3.5733     3.5726  32.275789  32.277100     2.4238   59.97214  -39.50643     4.9573         45 0.0000e+00
      15290    637.024    474.000    468.995     3.5716     3.5711  32.275131  32.276419     2.4226   59.97214  -39.50644     4.9573         56 0.0000e+00
      15347    639.414    476.000    470.971     3.5688     3.5685  32.273148  32.274787     2.4217   59.97214  -39.50642     4.9573         52 0.0000e+00
      15391    641.235    478.000    472.948     3.5602     3.5599  32.265334  32.267304     2.4220   59.97214  -39.50642     4.9573         37 0.0000e+00
      15428    642.780    480.000    474.924     3.5537     3.5533  32.259810  32.261511     2.4229   59.97214  -39.50644     4.9573         40 0.0000e+00
      15481    645.017    482.000    476.901     3.5503     3.5496  32.257249  32.258510     2.4227   59.97214  -39.50644     4.9573         69 0.0000e+00
      15544    647.614    484.000    478.877     3.5478     3.5473  32.255851  32.257144     2.4218   59.97214  -39.50642     4.9573         49 0.0000e+00
      15585    649.324    486.000    480.854     3.5532     3.5525  32.262642  32.263070     2.4203   59.97214  -39.50644     4.9573         37 0.0000e+00
      15623    650.933    488.000    482.831     3.5622     3.5621  32.272540  32.274115     2.4186   59.97214  -39.50644     4.9573         42 0.0000e+00
      15673    653.011    490.000    484.807     3.5649     3.5642  32.276158  32.277389     2.4172   59.97214  -39.50642     4.9573         56 0.0000e+00
      15726    655.219    492.000    486.783     3.5631     3.5625  32.275410  32.276597     2.4169   59.97214  -39.50644     4.9573         47 0.0000e+00
      15769    656.998    494.000    488.760     3.5611     3.5605  32.274160  32.275597     2.4171   59.97214  -39.50643     4.9573         40 0.0000e+00
      15808    658.635    496.000    490.736     3.5559     3.5552  32.269821  32.271318     2.4168   59.97214  -39.50642     4.9573         40 0.0000e+00
      15858    660.716    498.000    492.713     3.5506     3.5504  32.265577  32.267181     2.4167   59.97214  -39.50643     4.9573         62 0.0000e+00
      15918    663.195    500.000    494.689     3.5503     3.5498  32.266180  32.267381     2.4164   59.97214  -39.50642     4.9573         53 0.0000e+00
      15967    665.263    502.000    496.666     3.5514     3.5508  32.268300  32.269361     2.4156   59.97214  -39.50642     4.9573         45 0.0000e+00
      16007    666.935    504.000    498.642     3.5523     3.5518  32.270116  32.271292     2.4148   59.97214  -39.50642     4.9573         37 0.0000e+00
      16051    668.755    506.000    500.618     3.5561     3.5556  32.274944  32.276111     2.4135   59.97214  -39.50642     4.9573         59 0.0000e+00
      16115    671.417    508.000    502.594     3.5612     3.5608  32.281158  32.282334     2.4122   59.97214  -39.50642     4.9573         51 0.0000e+00
      16151    672.913    510.000    504.571     3.5642     3.5638  32.285401  32.286505     2.4109   59.97214  -39.50642     4.9573         31 0.0000e+00
      16184    674.296    512.000    506.547     3.5660     3.5654  32.288233  32.289378     2.4100   59.97214  -39.50642     4.9573         38 0.0000e+00
      16240    676.636    514.000    508.523     3.5670     3.5664  32.290066  32.291162     2.4083   59.97214  -39.50642     4.9573         75 0.0000e+00
      16303    679.263    516.000    510.500     3.5665     3.5659  32.290359  32.291959     2.4089   59.97214  -39.50642     4.9573         41 0.0000e+00
      16336    680.626    518.000    512.476     3.5522     3.5517  32.277132  32.278690     2.4089   59.97214  -39.50642     4.9573         31 0.0000e+00
      16376    682.298    520.000    514.452     3.5541     3.5536  32.280094  32.281306     2.4088   59.97214  -39.50642     4.9573         58 0.0000e+00
      16449    685.313    522.000    516.428     3.5566     3.5560  32.283523  32.284665     2.4079   59.97214  -39.50641     4.9573         63 0.0000e+00
      16490    687.060    524.000    518.404     3.5562     3.5558  32.284119  32.285441     2.4080   59.97214  -39.50642     4.9573         35 0.0000e+00
      16525    688.500    526.000    520.380     3.5562     3.5558  32.284975  32.286242     2.4080   59.97214  -39.50642     4.9573         37 0.0000e+00
      16573    690.507    528.000    522.357     3.5571     3.5564  32.286687  32.287799     2.4075   59.97214  -39.50640     4.9573         60 0.0000e+00
      16631    692.918    530.000    524.333     3.5572     3.5568  32.287665  32.289082     2.4069   59.97214  -39.50642     4.9573         49 0.0000e+00
      16673    694.682    532.000    526.309     3.5557     3.5551  32.287081  32.288352     2.4067   59.97214  -39.50642     4.9573         40 0.0000e+00
      16714    696.366    534.000    528.285     3.5539     3.5534  32.286192  32.287722     2.4063   59.97214  -39.50642     4.9573         43 0.0000e+00
      16765    698.492    536.000    530.261     3.5516     3.5512  32.284993  32.286222     2.4063   59.97214  -39.50641     4.9573         57 0.0000e+00
      16819    700.744    538.000    532.237     3.5512     3.5506  32.285486  32.286650     2.4056   59.97214  -39.50640     4.9573         50 0.0000e+00
      16866    702.688    540.000    534.213     3.5528     3.5524  32.288137  32.289360     2.4045   59.97214  -39.50642     4.9573         43 0.0000e+00
      16906    704.372    542.000    536.189     3.5519     3.5516  32.288159  32.289762     2.4040   59.97214  -39.50642     4.9573         40 0.0000e+00
      16957    706.517    544.000    538.165     3.5505     3.5500  32.287702  32.289012     2.4036   59.97214  -39.50641     4.9573         66 0.0000e+00
      17017    708.993    546.000    540.141     3.5506     3.5500  32.288755  32.290031     2.4031   59.97214  -39.50642     4.9573         42 0.0000e+00
      17051    710.424    548.000    542.117     3.5511     3.5506  32.290297  32.291525     2.4024   59.97214  -39.50642     4.9573         34 0.0000e+00
      17093    712.173    550.000    544.093     3.5524     3.5519  32.292482  32.293662     2.4019   59.97214  -39.50642     4.9573         53 0.0000e+00
      17148    714.476    552.000    546.068     3.5533     3.5528  32.294342  32.295589     2.4009   59.97214  -39.50642     4.9573         53 0.0000e+00
      17200    716.638    554.000    548.044     3.5527     3.5521  32.294622  32.295827     2.4005   59.97212  -39.50642     4.9573         50 0.0000e+00
      17246    718.544    556.000    550.020     3.5516     3.5512  32.294525  32.295859     2.4002   59.97212  -39.50642     4.9573         42 0.0000e+00
      17287    720.257    558.000    551.996     3.5505     3.5501  32.294355  32.295702     2.4002   59.97212  -39.50642     4.9573         44 0.0000e+00
      17337    722.346    560.000    553.972     3.5493     3.5489  32.294071  32.295321     2.3995   59.97212  -39.50642     4.9573         53 0.0000e+00
      17389    724.506    562.000    555.948     3.5491     3.5487  32.294770  32.295952     2.3994   59.97212  -39.50643     4.9573         49 0.0000e+00
      17434    726.388    564.000    557.923     3.5503     3.5499  32.296945  32.298242     2.3991   59.97212  -39.50644     4.9573         44 0.0000e+00
      17486    728.528    566.000    559.899     3.5513     3.5509  32.298897  32.300079     2.3987   59.97212  -39.50642     4.9573         61 0.0000e+00
      17542    730.874    568.000    561.875     3.5516     3.5511  32.300088  32.301321     2.3981   59.97212  -39.50643     4.9573         43 0.0000e+00
      17576    732.294    570.000    563.851     3.5511     3.5508  32.300629  32.302092     2.3987   59.97212  -39.50644     4.9573         31 0.0000e+00
      17612    733.784    572.000    565.826     3.5520     3.5515  32.302343  32.303699     2.3985   59.97212  -39.50642     4.9573         47 0.0000e+00
      17681    736.674    574.000    567.802     3.5507     3.5503  32.302029  32.303303     2.3971   59.97212  -39.50642     4.9573         72 0.0000e+00
      17730    738.691    576.000    569.778     3.5500     3.5496  32.302404  32.303778     2.3976   59.97212  -39.50642     4.9573         36 0.0000e+00
      17764    740.109    578.000    571.753     3.5495     3.5490  32.302755  32.304107     2.3974   59.97212  -39.50642     4.9573         35 0.0000e+00
      17807    741.926    580.000    573.729     3.5487     3.5481  32.302787  32.304070     2.3968   59.97212  -39.50642     4.9573         55 0.0000e+00
      17869    744.508    582.000    575.705     3.5482     3.5477  32.303230  32.304501     2.3962   59.97212  -39.50642     4.9573         62 0.0000e+00
      17921    746.667    584.000    577.680     3.5479     3.5475  32.303974  32.305237     2.3952   59.97212  -39.50642     4.9571         42 0.0000e+00
      17958    748.226    586.000    579.656     3.5478     3.5474  32.304792  32.306039     2.3943   59.97212  -39.50642     4.9571         37 0.0000e+00
      18001    750.006    588.000    581.631     3.5474     3.5470  32.305186  32.306460     2.3934   59.97212  -39.50642     4.9571         51 0.0000e+00
      18057    752.349    590.000    583.607     3.5463     3.5458  32.304967  32.306274     2.3930   59.97212  -39.50642     4.9573         56 0.0000e+00
      18108    754.443    592.000    585.582     3.5448     3.5444  32.304545  32.305833     2.3928   59.97211  -39.50642     4.9573         45 0.0000e+00
      18150    756.203    594.000    587.558     3.5437     3.5434  32.304416  32.305865     2.3923   59.97212  -39.50640     4.9573         40 0.0000e+00
      18189    757.819    596.000    589.533     3.5427     3.5423  32.304373  32.305745     2.3918   59.97212  -39.50642     4.9573         41 0.0000e+00
      18240    759.940    598.000    591.509     3.5424     3.5419  32.304893  32.306203     2.3914   59.97212  -39.50642     4.9573         58 0.0000e+00
      18295    762.243    600.000    593.484     3.5422     3.5417  32.305672  32.306850     2.3907   59.97211  -39.50641     4.9572         55 0.0000e+00
      18351    764.572    602.000    595.460     3.5428     3.5424  32.307288  32.308493     2.3899   59.97210  -39.50640     4.9570         49 0.0000e+00
      18391    766.230    604.000    597.435     3.5429     3.5423  32.308227  32.309481     2.3895   59.97210  -39.50642     4.9570         35 0.0000e+00
      18427    767.768    606.000    599.411     3.5421     3.5416  32.308354  32.309591     2.3893   59.97212  -39.50642     4.9573         43 0.0000e+00
      18487    770.230    608.000    601.386     3.5432     3.5427  32.310231  32.311537     2.3888   59.97210  -39.50640     4.9573         69 0.0000e+00
      18540    772.456    610.000    603.361     3.5432     3.5427  32.311149  32.312408     2.3881   59.97210  -39.50640     4.9573         38 0.0000e+00
      18573    773.838    612.000    605.337     3.5426     3.5423  32.311538  32.313034     2.3874   59.97210  -39.50642     4.9573         32 0.0000e+00
      18613    775.484    614.000    607.312     3.5430     3.5425  32.312756  32.314028     2.3867   59.97210  -39.50641     4.9573         54 0.0000e+00
      18685    778.490    616.000    609.287     3.5431     3.5425  32.313600  32.314826     2.3854   59.97210  -39.50640     4.9572         67 0.0000e+00
      18728    780.276    618.000    611.262     3.5425     3.5421  32.314035  32.315380     2.3846   59.97210  -39.50640     4.9569         34 0.0000e+00
      18762    781.726    620.000    613.238     3.5426     3.5422  32.315296  32.316430     2.3846   59.97210  -39.50640     4.9570         38 0.0000e+00
