Example_Files/SBE_Processing_Files/Processed_SBE_cast_files/downcasts/dar69-01_017.cnv
* Sea-Bird SBE 9 Data File:
* FileName = D:\data\ar69-01_017.hex
* Software Version Seasave V 7.26.7.107
* Temperature SN = 4491
* Conductivity SN = 3009
* Number of Bytes Per Scan = 44
* Number of Voltage Words = 5
* Number of Scans Averaged by the Deck Unit = 1
* NMEA Latitude = 59 54.25 N
* NMEA Longitude = 041 05.54 W
* NMEA UTC (Time) = Jul 05 2022  07:22:52
** Cruise ID: AR69-01
** Chief Sci:
** Station #: 017
** Site ID: M1 OSNAP acoustic releases
# nquan = 14
# nvalues = 1056                        
# units = specified
# name 0 = scan: Scan Count
# name 1 = timeS: Time, Elapsed [seconds]
# name 2 = prDM: Pressure, Digiquartz [db]
# name 3 = depSM: Depth [salt water, m]
# name 4 = t090C: Temperature [ITS-90, deg C]
# name 5 = t190C: Temperature, 2 [ITS-90, deg C]
# name 6 = c0mS/cm: Conductivity [mS/cm]
# name 7 = c1mS/cm: Conductivity, 2 [mS/cm]
# name 8 = sbeox0V: Oxygen raw, SBE 43 [V]
# name 9 = latitude: Latitude [deg]
# name 10 = longitude: Longitude [deg]
# name 11 = v7: Voltage 7
# name 12 = nbin: number of scans per bin
# name 13 = flag: flag
# span 0 =        159,      70007       
# span 1 =      6.592,   2916.911       
# span 2 =      4.000,   2114.000       
# span 3 =      3.962,   2083.564       
# span 4 =     1.7825,     8.1628       
# span 5 =     1.7833,     8.1621       
# span 6 =  31.398280,  36.236317       
# span 7 =  31.399753,  36.238283       
# span 8 =     1.9560,     2.8135       
# span 9 =   59.90412,   59.90414       
# span 10 =  -41.09234,  -41.09229      
# span 11 =     4.9560,     4.9573      
# span 12 =          1,        118      
# span 13 = 0.0000e+00, 0.0000e+00      
# interval = decibars: 2                
# start_time = Jul 05 2022 07:22:52 [NMEA time, first data scan]
# bad_flag = -9.990e-29
*END*
[from data line 517]
      26556   1106.452   1038.000   1025.658     3.5461     3.5455  32.521038  32.522202     2.1918   59.90413  -41.09233     4.9568         37 0.0000e+00
      26597   1108.165   1040.000   1027.630     3.5452     3.5445  32.521013  32.521991     2.1916   59.90414  -41.09233     4.9568         49 0.0000e+00
      26657   1110.667   1042.000   1029.601     3.5442     3.5436  32.521018  32.522093     2.1912   59.90414  -41.09234     4.9568         60 0.0000e+00
      26703   1112.584   1044.000   1031.572     3.5438     3.5432  32.521582  32.522732     2.1907   59.90414  -41.09234     4.9568         37 0.0000e+00
      26741   1114.154   1046.000   1033.543     3.5431     3.5427  32.521917  32.523085     2.1904   59.90413  -41.09232     4.9569         44 0.0000e+00
      26795   1116.433   1048.000   1035.515     3.5413     3.5409  32.521163  32.522394     2.1902   59.90414  -41.09233     4.9568         58 0.0000e+00
      26844   1118.462   1050.000   1037.486     3.5396     3.5391  32.520594  32.521779     2.1899   59.90414  -41.09234     4.9569         45 0.0000e+00
      26896   1120.616   1052.000   1039.457     3.5389     3.5382  32.520790  32.521801     2.1887   59.90414  -41.09233     4.9568         57 0.0000e+00
      26947   1122.750   1054.000   1041.428     3.5381     3.5376  32.521104  32.522256     2.1879   59.90414  -41.09232     4.9569         42 0.0000e+00
      26983   1124.267   1056.000   1043.399     3.5369     3.5363  32.520946  32.522028     2.1873   59.90414  -41.09234     4.9568         35 0.0000e+00
      27027   1126.095   1058.000   1045.371     3.5339     3.5337  32.519029  32.520551     2.1864   59.90414  -41.09234     4.9569         56 0.0000e+00
      27086   1128.550   1060.000   1047.342     3.5323     3.5318  32.518568  32.519733     2.1856   59.90414  -41.09232     4.9569         54 0.0000e+00
      27132   1130.474   1062.000   1049.313     3.5308     3.5304  32.518147  32.519431     2.1854   59.90414  -41.09233     4.9568         40 0.0000e+00
      27170   1132.053   1064.000   1051.284     3.5279     3.5273  32.516387  32.517626     2.1852   59.90414  -41.09234     4.9568         38 0.0000e+00
      27219   1134.076   1066.000   1053.255     3.5263     3.5255  32.515836  32.516862     2.1845   59.90414  -41.09233     4.9568         66 0.0000e+00
      27286   1136.868   1068.000   1055.226     3.5238     3.5232  32.514558  32.515591     2.1839   59.90414  -41.09232     4.9569         52 0.0000e+00
      27328   1138.615   1070.000   1057.197     3.5231     3.5227  32.514867  32.516038     2.1836   59.90414  -41.09232     4.9568         40 0.0000e+00
      27368   1140.272   1072.000   1059.168     3.5218     3.5213  32.514387  32.515574     2.1836   59.90414  -41.09232     4.9567         40 0.0000e+00
      27408   1141.945   1074.000   1061.139     3.5210     3.5205  32.514537  32.515725     2.1832   59.90414  -41.09232     4.9568         41 0.0000e+00
      27462   1144.192   1076.000   1063.110     3.5208     3.5203  32.515180  32.516227     2.1831   59.90414  -41.09232     4.9568         71 0.0000e+00
      27525   1146.829   1078.000   1065.081     3.5198     3.5193  32.515180  32.516284     2.1818   59.90414  -41.09232     4.9568         47 0.0000e+00
      27566   1148.542   1080.000   1067.052     3.5196     3.5191  32.515919  32.517056     2.1814   59.90414  -41.09232     4.9568         38 0.0000e+00
      27601   1149.987   1082.000   1069.023     3.5189     3.5184  32.516288  32.517487     2.1813   59.90414  -41.09232     4.9569         33 0.0000e+00
      27640   1151.612   1084.000   1070.994     3.5176     3.5170  32.516049  32.517181     2.1808   59.90414  -41.09232     4.9567         52 0.0000e+00
      27715   1154.758   1086.000   1072.965     3.5175     3.5169  32.516754  32.517796     2.1799   59.90414  -41.09232     4.9568         74 0.0000e+00
      27764   1156.772   1088.000   1074.936     3.5154     3.5149  32.516089  32.517185     2.1797   59.90414  -41.09232     4.9568         38 0.0000e+00
      27797   1158.180   1090.000   1076.907     3.5141     3.5135  32.516063  32.517072     2.1793   59.90414  -41.09232     4.9568         32 0.0000e+00
      27833   1159.657   1092.000   1078.878     3.5120     3.5115  32.515058  32.516297     2.1787   59.90414  -41.09232     4.9568         42 0.0000e+00
      27897   1162.341   1094.000   1080.848     3.5109     3.5104  32.514745  32.515881     2.1773   59.90414  -41.09232     4.9568         74 0.0000e+00
      27954   1164.693   1096.000   1082.819     3.5096     3.5090  32.514568  32.515575     2.1766   59.90414  -41.09232     4.9568         46 0.0000e+00
      27995   1166.396   1098.000   1084.790     3.5094     3.5090  32.515455  32.516567     2.1768   59.90414  -41.09232     4.9568         37 0.0000e+00
      28031   1167.901   1100.000   1086.761     3.5094     3.5088  32.516269  32.517256     2.1764   59.90414  -41.09232     4.9567         38 0.0000e+00
      28080   1169.942   1102.000   1088.731     3.5089     3.5083  32.516612  32.517626     2.1752   59.90414  -41.09232     4.9568         62 0.0000e+00
      28141   1172.480   1104.000   1090.702     3.5082     3.5077  32.516975  32.518072     2.1741   59.90413  -41.09232     4.9567         51 0.0000e+00
      28182   1174.197   1106.000   1092.673     3.5068     3.5063  32.516777  32.517912     2.1736   59.90412  -41.09232     4.9567         36 0.0000e+00
      28222   1175.874   1108.000   1094.644     3.5059     3.5053  32.516847  32.517906     2.1730   59.90413  -41.09232     4.9567         49 0.0000e+00
      28280   1178.295   1110.000   1096.614     3.5010     3.5004  32.513641  32.514710     2.1720   59.90414  -41.09232     4.9567         60 0.0000e+00
      28332   1180.478   1112.000   1098.585     3.4985     3.4979  32.512577  32.513679     2.1713   59.90412  -41.09232     4.9567         46 0.0000e+00
      28375   1182.269   1114.000   1100.555     3.4977     3.4972  32.512839  32.513921     2.1707   59.90412  -41.09232     4.9568         43 0.0000e+00
      28422   1184.188   1116.000   1102.526     3.4975     3.4969  32.513540  32.514524     2.1702   59.90412  -41.09232     4.9568         48 0.0000e+00
      28467   1186.082   1118.000   1104.497     3.4962     3.4960  32.513236  32.514639     2.1694   59.90412  -41.09232     4.9568         43 0.0000e+00
      28517   1188.148   1120.000   1106.467     3.4948     3.4942  32.512869  32.513839     2.1691   59.90412  -41.09232     4.9567         57 0.0000e+00
      28569   1190.320   1122.000   1108.438     3.4948     3.4942  32.513855  32.514801     2.1689   59.90412  -41.09232     4.9568         42 0.0000e+00
      28607   1191.912   1124.000   1110.408     3.4953     3.4947  32.515259  32.516142     2.1680   59.90412  -41.09232     4.9567         40 0.0000e+00
      28654   1193.888   1126.000   1112.379     3.4961     3.4954  32.516691  32.517617     2.1671   59.90412  -41.09232     4.9568         57 0.0000e+00
      28713   1196.345   1128.000   1114.349     3.4954     3.4948  32.516991  32.517939     2.1664   59.90412  -41.09232     4.9567         56 0.0000e+00
      28764   1198.440   1130.000   1116.320     3.4942     3.4937  32.516786  32.517938     2.1659   59.90412  -41.09232     4.9569         44 0.0000e+00
      28806   1200.203   1132.000   1118.290     3.4942     3.4937  32.517761  32.518705     2.1654   59.90412  -41.09232     4.9567         44 0.0000e+00
      28855   1202.250   1134.000   1120.261     3.4938     3.4931  32.518116  32.519137     2.1651   59.90412  -41.09233     4.9568         51 0.0000e+00
      28899   1204.091   1136.000   1122.231     3.4933     3.4927  32.518661  32.519711     2.1652   59.90412  -41.09233     4.9568         39 0.0000e+00
      28940   1205.777   1138.000   1124.202     3.4936     3.4931  32.519842  32.520934     2.1648   59.90412  -41.09232     4.9568         47 0.0000e+00
      29004   1208.469   1140.000   1126.172     3.4938     3.4932  32.520774  32.521728     2.1637   59.90412  -41.09232     4.9567         66 0.0000e+00
      29048   1210.288   1142.000   1128.142     3.4932     3.4927  32.521177  32.522307     2.1629   59.90412  -41.09233     4.9568         33 0.0000e+00
      29085   1211.843   1144.000   1130.113     3.4925     3.4920  32.521538  32.522582     2.1628   59.90412  -41.09232     4.9567         46 0.0000e+00
      29142   1214.190   1146.000   1132.083     3.4921     3.4916  32.521991  32.522979     2.1624   59.90412  -41.09232     4.9568         55 0.0000e+00
      29187   1216.085   1148.000   1134.053     3.4924     3.4919  32.523154  32.524215     2.1620   59.90412  -41.09232     4.9567         44 0.0000e+00
      29235   1218.089   1150.000   1136.024     3.4921     3.4916  32.523710  32.524666     2.1617   59.90412  -41.09232     4.9566         50 0.0000e+00
      29281   1220.010   1152.000   1137.994     3.4890     3.4881  32.521891  32.522665     2.1608   59.90412  -41.09233     4.9567         45 0.0000e+00
      29331   1222.101   1154.000   1139.964     3.4874     3.4870  32.521333  32.522477     2.1598   59.90412  -41.09234     4.9567         52 0.0000e+00
      29380   1224.116   1156.000   1141.935     3.4867     3.4861  32.521636  32.522677     2.1592   59.90412  -41.09234     4.9566         47 0.0000e+00
      29430   1226.220   1158.000   1143.905     3.4871     3.4865  32.522769  32.523825     2.1586   59.90412  -41.09232     4.9568         53 0.0000e+00
      29478   1228.206   1160.000   1145.875     3.4872     3.4867  32.523782  32.524879     2.1584   59.90412  -41.09232     4.9568         41 0.0000e+00
      29515   1229.765   1162.000   1147.845     3.4868     3.4862  32.524339  32.525438     2.1580   59.90412  -41.09233     4.9567         37 0.0000e+00
      29563   1231.736   1164.000   1149.815     3.4849     3.4843  32.523429  32.524521     2.1571   59.90412  -41.09234     4.9567         64 0.0000e+00
      29626   1234.377   1166.000   1151.785     3.4833     3.4828  32.522947  32.524054     2.1563   59.90412  -41.09234     4.9568         48 0.0000e+00
      29666   1236.026   1168.000   1153.755     3.4789     3.4785  32.520159  32.521366     2.1555   59.90412  -41.09232     4.9567         38 0.0000e+00
      29707   1237.751   1170.000   1155.726     3.4778     3.4772  32.520071  32.521035     2.1545   59.90412  -41.09232     4.9568         49 0.0000e+00
      29766   1240.192   1172.000   1157.696     3.4773     3.4768  32.520465  32.521451     2.1533   59.90412  -41.09234     4.9568         59 0.0000e+00
      29813   1242.154   1174.000   1159.666     3.4768     3.4763  32.520950  32.522000     2.1531   59.90412  -41.09234     4.9568         40 0.0000e+00
      29854   1243.885   1176.000   1161.636     3.4754     3.4749  32.520601  32.521630     2.1532   59.90412  -41.09233     4.9567         46 0.0000e+00
      29907   1246.065   1178.000   1163.606     3.4753     3.4749  32.521301  32.522444     2.1527   59.90412  -41.09233     4.9567         55 0.0000e+00
      29956   1248.140   1180.000   1165.576     3.4724     3.4719  32.519706  32.520805     2.1522   59.90412  -41.09234     4.9567         44 0.0000e+00
      29998   1249.883   1182.000   1167.546     3.4713     3.4708  32.519700  32.520877     2.1512   59.90412  -41.09234     4.9568         43 0.0000e+00
      30048   1251.954   1184.000   1169.516     3.4687     3.4681  32.518287  32.519291     2.1505   59.90412  -41.09233     4.9568         55 0.0000e+00
      30097   1254.014   1186.000   1171.486     3.4671     3.4666  32.517863  32.518983     2.1500   59.90412  -41.09234     4.9567         42 0.0000e+00
      30141   1255.819   1188.000   1173.456     3.4651     3.4646  32.517039  32.518155     2.1492   59.90412  -41.09234     4.9568         51 0.0000e+00
      30201   1258.333   1190.000   1175.426     3.4648     3.4643  32.517590  32.518596     2.1484   59.90412  -41.09234     4.9568         58 0.0000e+00
      30245   1260.180   1192.000   1177.396     3.4642     3.4637  32.518026  32.519144     2.1481   59.90412  -41.09234     4.9568         37 0.0000e+00
      30284   1261.793   1194.000   1179.365     3.4638     3.4633  32.518601  32.519687     2.1476   59.90412  -41.09233     4.9569         44 0.0000e+00
      30338   1264.035   1196.000   1181.336     3.4632     3.4628  32.518937  32.519975     2.1468   59.90412  -41.09233     4.9568         58 0.0000e+00
      30389   1266.174   1198.000   1183.305     3.4629     3.4624  32.519572  32.520563     2.1463   59.90412  -41.09234     4.9569         47 0.0000e+00
      30435   1268.096   1200.000   1185.275     3.4616     3.4612  32.519354  32.520390     2.1459   59.90412  -41.09234     4.9568         44 0.0000e+00
      30477   1269.831   1202.000   1187.245     3.4610     3.4605  32.519703  32.520785     2.1453   59.90412  -41.09233     4.9568         42 0.0000e+00
      30525   1271.847   1204.000   1189.215     3.4597     3.4592  32.519469  32.520468     2.1443   59.90412  -41.09233     4.9567         56 0.0000e+00
      30581   1274.146   1206.000   1191.184     3.4591     3.4586  32.519763  32.520738     2.1434   59.90412  -41.09234     4.9567         50 0.0000e+00
      30627   1276.098   1208.000   1193.154     3.4580     3.4574  32.519735  32.520663     2.1433   59.90412  -41.09234     4.9567         47 0.0000e+00
      30676   1278.131   1210.000   1195.124     3.4572     3.4569  32.519874  32.521089     2.1429   59.90412  -41.09233     4.9566         46 0.0000e+00
      30718   1279.861   1212.000   1197.094     3.4559     3.4556  32.519660  32.520883     2.1425   59.90412  -41.09232     4.9568         42 0.0000e+00
      30775   1282.231   1214.000   1199.064     3.4555     3.4550  32.520058  32.521084     2.1418   59.90412  -41.09233     4.9568         69 0.0000e+00
      30828   1284.453   1216.000   1201.033     3.4554     3.4549  32.520909  32.521997     2.1412   59.90412  -41.09234     4.9564         37 0.0000e+00
      30863   1285.930   1218.000   1203.003     3.4551     3.4546  32.521532  32.522598     2.1409   59.90412  -41.09232     4.9568         36 0.0000e+00
      30904   1287.605   1220.000   1204.972     3.4540     3.4535  32.521411  32.522512     2.1404   59.90412  -41.09232     4.9568         46 0.0000e+00
      30961   1290.016   1222.000   1206.942     3.4530     3.4524  32.521291  32.522363     2.1393   59.90412  -41.09232     4.9568         68 0.0000e+00
      31021   1292.496   1224.000   1208.912     3.4525     3.4520  32.521826  32.522838     2.1383   59.90412  -41.09232     4.9568         47 0.0000e+00
      31061   1294.160   1226.000   1210.881     3.4515     3.4509  32.521872  32.522877     2.1384   59.90412  -41.09232     4.9571         35 0.0000e+00
      31094   1295.540   1228.000   1212.851     3.4515     3.4509  32.522785  32.523778     2.1382   59.90412  -41.09232     4.9567         35 0.0000e+00
      31152   1297.947   1230.000   1214.821     3.4514     3.4508  32.523428  32.524279     2.1380   59.90412  -41.09232     4.9568         71 0.0000e+00
      31217   1300.675   1232.000   1216.790     3.4506     3.4501  32.523682  32.524760     2.1369   59.90412  -41.09232     4.9570         38 0.0000e+00
      31252   1302.127   1234.000   1218.759     3.4501     3.4496  32.524168  32.525262     2.1361   59.90412  -41.09232     4.9566         35 0.0000e+00
      31291   1303.738   1236.000   1220.729     3.4490     3.4485  32.524074  32.525153     2.1356   59.90412  -41.09232     4.9565         44 0.0000e+00
      31341   1305.836   1238.000   1222.698     3.4461     3.4457  32.522370  32.523585     2.1349   59.90412  -41.09232     4.9568         57 0.0000e+00
      31399   1308.231   1240.000   1224.668     3.4447     3.4441  32.522034  32.522990     2.1344   59.90412  -41.09232     4.9569         51 0.0000e+00
