Example_Files/SBE_Processing_Files/Processed_SBE_cast_files/downcasts/dar69-01_023.cnv
* Sea-Bird SBE 9 Data File:
* FileName = D:\data\ar69-01_023.hex
* Software Version Seasave V 7.26.7.107
* Temperature SN = 4491
* Conductivity SN = 3009
* Number of Bytes Per Scan = 44
* Number of Voltage Words = 5
* Number of Scans Averaged by the Deck Unit = 1
* NMEA Latitude = 61 38.10 N
* NMEA Longitude = 032 53.76 W
* NMEA UTC (Time) = Jul 13 2022  09:38:05
** Cruise ID: AR69-01
** Chief Sci:
** Station #: 023
** Site ID: LADCP test
# nquan = 14
# nvalues = 505                         
# units = specified
# name 0 = scan: Scan Count
# name 1 = timeS: Time, Elapsed [seconds]
# name 2 = prDM: Pressure, Digiquartz [db]
# name 3 = depSM: Depth [salt water, m]
# name 4 = t090C: Temperature [ITS-90, deg C]
# name 5 = t190C: Temperature, 2 [ITS-90, deg C]
# name 6 = c0mS/cm: Conductivity [mS/cm]
# name 7 = c1mS/cm: Conductivity, 2 [mS/cm]
# name 8 = sbeox0V: Oxygen raw, SBE 43 [V]
# name 9 = latitude: Latitude [deg]
# name 10 = longitude: Longitude [deg]
# name 11 = v7: Voltage 7
# name 12 = nbin: number of scans per bin
# name 13 = flag: flag
# span 0 =        136,      30182       
# span 1 =      5.608,   1257.548       
# span 2 =      4.000,   1012.000       
# span 3 =      3.961,    999.893       
# span 4 =     3.4795,     9.4997       
# span 5 =     3.4789,     9.4993       
# span 6 =  32.421691,  37.470495       
# span 7 =  32.420877,  37.471445       
# span 8 =     2.2136,     2.7862       
# span 9 =   61.63377,   61.63505       
# span 10 =  -32.89598,  -32.89377      
# span 11 =     4.9568,     4.9573      
# span 12 =          1,        157      
# span 13 = 0.0000e+00, 0.0000e+00      
# interval = decibars: 2                
# start_time = Jul 13 2022 09:38:05 [NMEA time, first data scan]
# bad_flag = -9.990e-29
*END*
[from data line 104]
       8058    335.690    212.000    209.866     4.4347     4.4341  32.951278  32.952812     2.4535   61.63502  -32.89594     4.9573         38 0.0000e+00
       8097    337.323    214.000    211.845     4.4319     4.4311  32.949825  32.950637     2.4521   61.63502  -32.89594     4.9573         43 0.0000e+00
       8149    339.493    216.000    213.824     4.4348     4.4343  32.954147  32.955001     2.4515   61.63502  -32.89594     4.9573         60 0.0000e+00
       8207    341.917    218.000    215.803     4.4393     4.4385  32.959870  32.960571     2.4487   61.63502  -32.89594     4.9573         52 0.0000e+00
       8252    343.804    220.000    217.782     4.4449     4.4440  32.967026  32.967230     2.4465   61.63502  -32.89594     4.9573         41 0.0000e+00
       8294    345.532    222.000    219.760     4.4530     4.4530  32.976632  32.978167     2.4451   61.63502  -32.89594     4.9573         43 0.0000e+00
       8342    347.531    224.000    221.739     4.4526     4.4520  32.976943  32.977978     2.4422   61.63502  -32.89595     4.9573         53 0.0000e+00
       8394    349.692    226.000    223.718     4.4616     4.4615  32.987543  32.988364     2.4394   61.63502  -32.89595     4.9573         49 0.0000e+00
       8441    351.653    228.000    225.697     4.4710     4.4705  32.998433  32.999663     2.4378   61.63502  -32.89594     4.9573         46 0.0000e+00
       8485    353.479    230.000    227.675     4.4653     4.4648  32.993799  32.994979     2.4367   61.63502  -32.89595     4.9573         42 0.0000e+00
       8529    355.351    232.000    229.654     4.4627     4.4621  32.992595  32.993535     2.4353   61.63502  -32.89596     4.9573         52 0.0000e+00
       8587    357.741    234.000    231.633     4.4620     4.4614  32.993097  32.994028     2.4329   61.63502  -32.89596     4.9573         55 0.0000e+00
       8634    359.692    236.000    233.611     4.4609     4.4605  32.992927  32.994063     2.4318   61.63502  -32.89596     4.9573         42 0.0000e+00
       8676    361.463    238.000    235.590     4.4595     4.4589  32.992621  32.993616     2.4292   61.63502  -32.89596     4.9573         45 0.0000e+00
       8727    363.600    240.000    237.569     4.4603     4.4602  32.995206  32.996619     2.4268   61.63502  -32.89596     4.9573         57 0.0000e+00
       8781    365.824    242.000    239.547     4.4570     4.4562  32.993329  32.994340     2.4256   61.63502  -32.89596     4.9573         47 0.0000e+00
       8825    367.656    244.000    241.526     4.4494     4.4486  32.987131  32.988173     2.4251   61.63502  -32.89596     4.9573         42 0.0000e+00
       8867    369.396    246.000    243.504     4.4446     4.4440  32.983629  32.984633     2.4245   61.63502  -32.89596     4.9573         42 0.0000e+00
       8913    371.318    248.000    245.483     4.4423     4.4417  32.982285  32.983292     2.4238   61.63502  -32.89598     4.9573         53 0.0000e+00
       8968    373.621    250.000    247.461     4.4399     4.4392  32.980882  32.981830     2.4228   61.63502  -32.89598     4.9573         54 0.0000e+00
       9018    375.690    252.000    249.439     4.4384     4.4377  32.980315  32.981218     2.4229   61.63502  -32.89598     4.9573         45 0.0000e+00
       9062    377.536    254.000    251.418     4.4355     4.4348  32.978345  32.979453     2.4234   61.63502  -32.89598     4.9573         45 0.0000e+00
       9107    379.423    256.000    253.397     4.4264     4.4257  32.970491  32.971519     2.4241   61.63502  -32.89598     4.9573         46 0.0000e+00
       9157    381.505    258.000    255.375     4.4125     4.4118  32.957655  32.959044     2.4243   61.63502  -32.89598     4.9573         56 0.0000e+00
       9214    383.873    260.000    257.353     4.3981     4.3974  32.944875  32.945871     2.4263   61.63502  -32.89598     4.9573         51 0.0000e+00
       9257    385.677    262.000    259.332     4.3853     4.3846  32.932925  32.934288     2.4289   61.63502  -32.89598     4.9573         38 0.0000e+00
       9297    387.333    264.000    261.311     4.3600     4.3593  32.908604  32.910720     2.4282   61.63502  -32.89598     4.9573         45 0.0000e+00
       9347    389.430    266.000    263.289     4.3482     4.3473  32.899226  32.899614     2.4273   61.63502  -32.89598     4.9573         51 0.0000e+00
       9393    391.332    268.000    265.267     4.3505     4.3499  32.902791  32.903642     2.4259   61.63502  -32.89598     4.9573         44 0.0000e+00
       9444    393.438    270.000    267.246     4.3506     4.3499  32.903945  32.904807     2.4239   61.63502  -32.89598     4.9573         57 0.0000e+00
       9497    395.661    272.000    269.223     4.3503     4.3498  32.905064  32.905949     2.4200   61.63502  -32.89598     4.9573         45 0.0000e+00
       9538    397.373    274.000    271.202     4.3489     4.3482  32.905455  32.906241     2.4167   61.63502  -32.89598     4.9573         41 0.0000e+00
       9582    399.197    276.000    273.180     4.3487     4.3486  32.907528  32.908877     2.4135   61.63502  -32.89598     4.9573         49 0.0000e+00
       9637    401.485    278.000    275.158     4.3511     4.3513  32.911104  32.912694     2.4081   61.63502  -32.89596     4.9573         56 0.0000e+00
       9687    403.565    280.000    277.137     4.3567     4.3562  32.918276  32.919560     2.4055   61.63502  -32.89597     4.9573         44 0.0000e+00
       9728    405.305    282.000    279.115     4.3433     4.3424  32.906612  32.907685     2.4039   61.63502  -32.89598     4.9573         42 0.0000e+00
       9775    407.253    284.000    281.093     4.3397     4.3393  32.904540  32.905422     2.4014   61.63502  -32.89597     4.9573         54 0.0000e+00
       9831    409.573    286.000    283.071     4.3464     4.3458  32.912715  32.913372     2.3993   61.63502  -32.89596     4.9573         50 0.0000e+00
       9873    411.348    288.000    285.049     4.3453     4.3447  32.912722  32.913740     2.3979   61.63502  -32.89596     4.9573         39 0.0000e+00
       9911    412.932    290.000    287.028     4.3414     4.3408  32.910138  32.911150     2.3973   61.63502  -32.89596     4.9573         39 0.0000e+00
       9963    415.080    292.000    289.006     4.3384     4.3378  32.908341  32.909264     2.3959   61.63502  -32.89597     4.9573         68 0.0000e+00
      10028    417.780    294.000    290.984     4.3338     4.3335  32.905193  32.906553     2.3931   61.63502  -32.89596     4.9573         50 0.0000e+00
      10067    419.422    296.000    292.962     4.3202     4.3198  32.893574  32.895013     2.3912   61.63502  -32.89596     4.9573         35 0.0000e+00
      10103    420.923    298.000    294.940     4.3171     4.3166  32.892059  32.892961     2.3895   61.63502  -32.89596     4.9573         39 0.0000e+00
      10151    422.915    300.000    296.918     4.3133     4.3130  32.889624  32.891014     2.3888   61.63502  -32.89595     4.9573         58 0.0000e+00
      10213    425.508    302.000    298.896     4.3038     4.3030  32.881426  32.882343     2.3878   61.63502  -32.89594     4.9573         61 0.0000e+00
      10263    427.578    304.000    300.874     4.3012     4.3005  32.879923  32.880671     2.3873   61.63502  -32.89594     4.9573         38 0.0000e+00
      10298    429.025    306.000    302.852     4.2988     4.2977  32.878248  32.879084     2.3872   61.63502  -32.89594     4.9573         35 0.0000e+00
      10338    430.703    308.000    304.830     4.2831     4.2824  32.864213  32.865390     2.3871   61.63504  -32.89592     4.9573         50 0.0000e+00
      10399    433.251    310.000    306.808     4.2753     4.2750  32.857631  32.858850     2.3867   61.63503  -32.89594     4.9573         59 0.0000e+00
      10445    435.154    312.000    308.786     4.2752     4.2746  32.858515  32.859264     2.3833   61.63502  -32.89592     4.9573         40 0.0000e+00
      10488    436.965    314.000    310.763     4.2782     4.2776  32.863390  32.863749     2.3771   61.63502  -32.89591     4.9573         47 0.0000e+00
      10535    438.920    316.000    312.741     4.2951     4.2940  32.883287  32.882974     2.3714   61.63504  -32.89591     4.9573         48 0.0000e+00
      10589    441.153    318.000    314.719     4.3046     4.3039  32.894578  32.895170     2.3664   61.63504  -32.89592     4.9573         57 0.0000e+00
      10639    443.238    320.000    316.697     4.3071     4.3065  32.898437  32.899088     2.3632   61.63504  -32.89591     4.9573         43 0.0000e+00
      10680    444.939    322.000    318.675     4.3110     4.3103  32.903724  32.904337     2.3615   61.63502  -32.89590     4.9573         40 0.0000e+00
      10723    446.731    324.000    320.653     4.3106     4.3101  32.904407  32.905370     2.3596   61.63502  -32.89590     4.9573         49 0.0000e+00
      10778    449.051    326.000    322.630     4.3075     4.3070  32.902481  32.903429     2.3588   61.63503  -32.89591     4.9573         57 0.0000e+00
      10828    451.107    328.000    324.608     4.2920     4.2909  32.888478  32.889798     2.3593   61.63504  -32.89591     4.9573         43 0.0000e+00
      10869    452.853    330.000    326.586     4.2689     4.2683  32.867007  32.868490     2.3604   61.63504  -32.89590     4.9573         43 0.0000e+00
      10917    454.821    332.000    328.564     4.2609     4.2605  32.860089  32.861190     2.3613   61.63502  -32.89590     4.9573         50 0.0000e+00
      10965    456.844    334.000    330.541     4.2585     4.2587  32.858489  32.860230     2.3633   61.63502  -32.89590     4.9573         48 0.0000e+00
      11018    459.022    336.000    332.519     4.2472     4.2467  32.847943  32.849532     2.3675   61.63502  -32.89590     4.9573         56 0.0000e+00
      11067    461.094    338.000    334.497     4.2233     4.2216  32.824874  32.825774     2.3726   61.63502  -32.89590     4.9573         41 0.0000e+00
      11106    462.699    340.000    336.474     4.1894     4.1890  32.792476  32.794406     2.3749   61.63502  -32.89590     4.9573         39 0.0000e+00
      11151    464.592    342.000    338.452     4.1790     4.1782  32.783531  32.784423     2.3756   61.63502  -32.89589     4.9573         58 0.0000e+00
      11220    467.471    344.000    340.429     4.1762     4.1756  32.782407  32.783262     2.3739   61.63502  -32.89589     4.9573         61 0.0000e+00
      11262    469.222    346.000    342.407     4.1759     4.1754  32.783475  32.784280     2.3724   61.63502  -32.89590     4.9573         33 0.0000e+00
      11293    470.505    348.000    344.384     4.1752     4.1748  32.783879  32.784796     2.3722   61.63502  -32.89590     4.9573         32 0.0000e+00
      11339    472.408    350.000    346.362     4.1746     4.1741  32.784339  32.785165     2.3709   61.63502  -32.89590     4.9573         68 0.0000e+00
      11410    475.361    352.000    348.340     4.1760     4.1756  32.787417  32.788214     2.3676   61.63500  -32.89590     4.9573         53 0.0000e+00
      11449    477.010    354.000    350.317     4.1782     4.1778  32.790909  32.791881     2.3661   61.63500  -32.89590     4.9573         38 0.0000e+00
      11491    478.764    356.000    352.295     4.1781     4.1776  32.791803  32.792675     2.3648   61.63500  -32.89590     4.9573         46 0.0000e+00
      11536    480.627    358.000    354.272     4.1780     4.1773  32.792538  32.793360     2.3634   61.63500  -32.89590     4.9573         43 0.0000e+00
      11584    482.611    360.000    356.250     4.1803     4.1799  32.796110  32.797089     2.3603   61.63500  -32.89591     4.9573         57 0.0000e+00
      11645    485.181    362.000    358.227     4.1850     4.1846  32.802021  32.803048     2.3510   61.63500  -32.89590     4.9573         56 0.0000e+00
      11690    487.037    364.000    360.205     4.2108     4.2109  32.831538  32.832069     2.3439   61.63500  -32.89590     4.9573         38 0.0000e+00
      11730    488.703    366.000    362.182     4.2221     4.2215  32.844171  32.844290     2.3380   61.63500  -32.89590     4.9573         45 0.0000e+00
      11778    490.714    368.000    364.159     4.2394     4.2396  32.863519  32.864614     2.3313   61.63498  -32.89590     4.9573         48 0.0000e+00
      11824    492.608    370.000    366.137     4.2538     4.2531  32.879654  32.879592     2.3267   61.63498  -32.89590     4.9573         44 0.0000e+00
      11869    494.511    372.000    368.114     4.2590     4.2584  32.885937  32.886660     2.3227   61.63498  -32.89590     4.9573         51 0.0000e+00
      11931    497.086    374.000    370.091     4.2596     4.2589  32.887389  32.888056     2.3201   61.63498  -32.89590     4.9573         64 0.0000e+00
      11981    499.154    376.000    372.069     4.2557     4.2552  32.884187  32.885308     2.3205   61.63498  -32.89590     4.9573         39 0.0000e+00
      12017    500.684    378.000    374.046     4.2525     4.2522  32.882177  32.883447     2.3228   61.63498  -32.89590     4.9573         36 0.0000e+00
      12056    502.308    380.000    376.023     4.2371     4.2364  32.867571  32.869037     2.3254   61.63498  -32.89590     4.9573         43 0.0000e+00
      12109    504.515    382.000    378.000     4.2175     4.2162  32.849078  32.849629     2.3281   61.63498  -32.89589     4.9573         66 0.0000e+00
      12174    507.190    384.000    379.978     4.2063     4.2056  32.839099  32.839833     2.3295   61.63498  -32.89588     4.9573         51 0.0000e+00
      12215    508.911    386.000    381.955     4.2070     4.2060  32.841035  32.841615     2.3298   61.63498  -32.89588     4.9573         39 0.0000e+00
      12255    510.582    388.000    383.932     4.2014     4.1985  32.836336  32.835355     2.3304   61.63498  -32.89588     4.9573         42 0.0000e+00
      12299    512.411    390.000    385.909     4.1909     4.1887  32.826981  32.826108     2.3317   61.63497  -32.89588     4.9573         46 0.0000e+00
      12348    514.465    392.000    387.886     4.1862     4.1846  32.823150  32.823157     2.3322   61.63496  -32.89587     4.9573         54 0.0000e+00
      12404    516.783    394.000    389.864     4.1806     4.1803  32.818524  32.819879     2.3325   61.63496  -32.89586     4.9573         50 0.0000e+00
      12447    518.583    396.000    391.841     4.1738     4.1730  32.812987  32.813551     2.3339   61.63496  -32.89586     4.9573         42 0.0000e+00
      12494    520.548    398.000    393.818     4.1699     4.1695  32.810027  32.811078     2.3355   61.63496  -32.89586     4.9573         51 0.0000e+00
      12542    522.562    400.000    395.795     4.1619     4.1606  32.802854  32.803318     2.3374   61.63496  -32.89586     4.9573         45 0.0000e+00
      12592    524.621    402.000    397.772     4.1507     4.1498  32.792600  32.793544     2.3377   61.63496  -32.89584     4.9573         57 0.0000e+00
      12646    526.894    404.000    399.749     4.1450     4.1444  32.788814  32.789461     2.3354   61.63496  -32.89584     4.9573         46 0.0000e+00
      12689    528.668    406.000    401.726     4.1522     4.1509  32.797723  32.797390     2.3302   61.63496  -32.89584     4.9573         44 0.0000e+00
      12733    530.504    408.000    403.703     4.1662     4.1652  32.814001  32.813500     2.3240   61.63496  -32.89584     4.9573         42 0.0000e+00
      12774    532.207    410.000    405.680     4.1796     4.1787  32.829461  32.829082     2.3190   61.63496  -32.89584     4.9573         42 0.0000e+00
      12828    534.452    412.000    407.657     4.1971     4.1964  32.848799  32.848932     2.3132   61.63495  -32.89584     4.9573         66 0.0000e+00
      12887    536.906    414.000    409.634     4.2027     4.2023  32.855385  32.856461     2.3114   61.63494  -32.89582     4.9573         47 0.0000e+00
