Example_Files/SBE_Processing_Files/Processed_SBE_cast_files/downcasts/dar69-01_012.cnv
* Sea-Bird SBE 9 Data File:
* FileName = D:\data\ar69-01_012.hex
* Software Version Seasave V 7.26.7.107
* Temperature SN = 4491
* Conductivity SN = 3009
* Number of Bytes Per Scan = 44
* Number of Voltage Words = 5
* Number of Scans Averaged by the Deck Unit = 1
* NMEA Latitude = 59 56.36 N
* NMEA Longitude = 039 31.27 W
* NMEA UTC (Time) = Jun 30 2022  16:33:36
** Cruise ID: AR69-01
** Chief Sci:
** Station #: 012
** Site ID: Irminger SUMO
# nquan = 14
# nvalues = 760                         
# units = specified
# name 0 = scan: Scan Count
# name 1 = timeS: Time, Elapsed [seconds]
# name 2 = prDM: Pressure, Digiquartz [db]
# name 3 = depSM: Depth [salt water, m]
# name 4 = t090C: Temperature [ITS-90, deg C]
# name 5 = t190C: Temperature, 2 [ITS-90, deg C]
# name 6 = c0mS/cm: Conductivity [mS/cm]
# name 7 = c1mS/cm: Conductivity, 2 [mS/cm]
# name 8 = sbeox0V: Oxygen raw, SBE 43 [V]
# name 9 = latitude: Latitude [deg]
# name 10 = longitude: Longitude [deg]
# name 11 = v7: Voltage 7
# name 12 = nbin: number of scans per bin
# name 13 = flag: flag
# span 0 =       1882,      43509       
# span 1 =     78.359,   1812.814       
# span 2 =      4.000,   1522.000       
# span 3 =      3.962,   1502.173       
# span 4 =     3.3637,     6.9898       
# span 5 =     3.3632,     6.9865       
# span 6 =  32.179280,  35.061815       
# span 7 =  32.180434,  35.062747       
# span 8 =     2.0415,     2.8352       
# span 9 =   59.93930,   59.93936       
# span 10 =  -39.52124,  -39.52109      
# span 11 =     4.9563,     4.9573      
# span 12 =         26,        109      
# span 13 = 0.0000e+00, 0.0000e+00      
# interval = decibars: 2                
# start_time = Jun 30 2022 16:33:36 [NMEA time, first data scan]
# bad_flag = -9.990e-29
*END*
[from data line 620]
      34265   1427.671   1244.000   1228.603     3.4104     3.4100  32.479127  32.480253     2.1635   59.93934  -39.52114     4.9566         39 0.0000e+00
      34325   1430.168   1246.000   1230.573     3.4106     3.4102  32.480129  32.481211     2.1626   59.93934  -39.52114     4.9567         68 0.0000e+00
      34371   1432.101   1248.000   1232.542     3.4113     3.4109  32.481954  32.483044     2.1622   59.93934  -39.52114     4.9567         34 0.0000e+00
      34409   1433.666   1250.000   1234.512     3.4123     3.4119  32.483902  32.484933     2.1613   59.93934  -39.52114     4.9567         45 0.0000e+00
      34464   1435.942   1252.000   1236.481     3.4142     3.4138  32.486806  32.487851     2.1599   59.93934  -39.52114     4.9566         56 0.0000e+00
      34510   1437.865   1254.000   1238.450     3.4135     3.4131  32.486928  32.488105     2.1590   59.93934  -39.52114     4.9567         39 0.0000e+00
      34552   1439.644   1256.000   1240.419     3.4143     3.4139  32.488988  32.489948     2.1583   59.93934  -39.52114     4.9566         54 0.0000e+00
      34617   1442.350   1258.000   1242.388     3.4158     3.4154  32.491313  32.492403     2.1568   59.93934  -39.52114     4.9565         58 0.0000e+00
      34658   1444.055   1260.000   1244.358     3.4159     3.4156  32.492370  32.493471     2.1559   59.93934  -39.52114     4.9566         35 0.0000e+00
      34695   1445.570   1262.000   1246.327     3.4175     3.4171  32.495045  32.496114     2.1554   59.93934  -39.52114     4.9565         42 0.0000e+00
      34747   1447.756   1264.000   1248.297     3.4187     3.4183  32.497127  32.498266     2.1547   59.93934  -39.52114     4.9566         57 0.0000e+00
      34796   1449.791   1266.000   1250.266     3.4195     3.4190  32.498951  32.500034     2.1537   59.93934  -39.52114     4.9566         42 0.0000e+00
      34839   1451.589   1268.000   1252.235     3.4215     3.4211  32.502126  32.503100     2.1525   59.93934  -39.52114     4.9567         47 0.0000e+00
      34891   1453.767   1270.000   1254.204     3.4223     3.4219  32.503754  32.504876     2.1510   59.93934  -39.52113     4.9566         56 0.0000e+00
      34941   1455.827   1272.000   1256.173     3.4219     3.4215  32.504199  32.505334     2.1508   59.93934  -39.52112     4.9566         40 0.0000e+00
      34978   1457.371   1274.000   1258.143     3.4242     3.4237  32.507634  32.508515     2.1503   59.93934  -39.52114     4.9566         40 0.0000e+00
      35047   1460.239   1276.000   1260.112     3.4292     3.4286  32.513830  32.514337     2.1481   59.93934  -39.52114     4.9566         59 0.0000e+00
      35090   1462.045   1278.000   1262.081     3.4350     3.4347  32.520746  32.522093     2.1470   59.93934  -39.52113     4.9567         30 0.0000e+00
      35121   1463.341   1280.000   1264.050     3.4324     3.4319  32.518863  32.520079     2.1467   59.93934  -39.52114     4.9567         35 0.0000e+00
      35169   1465.322   1282.000   1266.019     3.4301     3.4296  32.517521  32.518606     2.1460   59.93934  -39.52114     4.9566         65 0.0000e+00
      35234   1468.059   1284.000   1267.988     3.4286     3.4282  32.516881  32.518041     2.1444   59.93934  -39.52114     4.9567         51 0.0000e+00
      35275   1469.745   1286.000   1269.957     3.4285     3.4282  32.517839  32.518983     2.1439   59.93934  -39.52114     4.9567         39 0.0000e+00
      35315   1471.414   1288.000   1271.926     3.4272     3.4269  32.517528  32.518682     2.1439   59.93934  -39.52114     4.9567         41 0.0000e+00
      35357   1473.166   1290.000   1273.895     3.4275     3.4272  32.518708  32.519870     2.1436   59.93934  -39.52114     4.9567         45 0.0000e+00
      35418   1475.714   1292.000   1275.864     3.4286     3.4282  32.520764  32.521766     2.1425   59.93934  -39.52114     4.9565         73 0.0000e+00
      35473   1477.988   1294.000   1277.833     3.4298     3.4295  32.523123  32.524136     2.1412   59.93934  -39.52113     4.9566         36 0.0000e+00
      35506   1479.375   1296.000   1279.802     3.4304     3.4301  32.524549  32.525751     2.1409   59.93934  -39.52112     4.9566         34 0.0000e+00
      35548   1481.139   1298.000   1281.770     3.4313     3.4309  32.526471  32.527411     2.1401   59.93934  -39.52114     4.9566         55 0.0000e+00
      35610   1483.697   1300.000   1283.740     3.4331     3.4327  32.529219  32.530302     2.1389   59.93934  -39.52114     4.9567         59 0.0000e+00
      35662   1485.868   1302.000   1285.708     3.4337     3.4335  32.530813  32.531905     2.1374   59.93934  -39.52112     4.9567         47 0.0000e+00
      35704   1487.617   1304.000   1287.677     3.4366     3.4362  32.534935  32.535777     2.1361   59.93934  -39.52112     4.9566         37 0.0000e+00
      35738   1489.022   1306.000   1289.646     3.4398     3.4394  32.539121  32.540180     2.1353   59.93934  -39.52114     4.9566         33 0.0000e+00
      35778   1490.728   1308.000   1291.615     3.4442     3.4439  32.544724  32.545588     2.1343   59.93934  -39.52113     4.9566         56 0.0000e+00
      35856   1493.964   1310.000   1293.584     3.4471     3.4467  32.548582  32.549534     2.1318   59.93934  -39.52111     4.9567         73 0.0000e+00
      35901   1495.838   1312.000   1295.553     3.4458     3.4454  32.548226  32.549481     2.1307   59.93934  -39.52112     4.9566         33 0.0000e+00
      35931   1497.076   1314.000   1297.521     3.4452     3.4449  32.548539  32.549826     2.1304   59.93934  -39.52112     4.9566         29 0.0000e+00
      35966   1498.535   1316.000   1299.490     3.4453     3.4450  32.549652  32.550859     2.1302   59.93934  -39.52112     4.9566         47 0.0000e+00
      36047   1501.931   1318.000   1301.459     3.4458     3.4455  32.550916  32.552036     2.1281   59.93934  -39.52110     4.9566         64 0.0000e+00
      36094   1503.876   1320.000   1303.428     3.4463     3.4460  32.552516  32.553614     2.1276   59.93934  -39.52110     4.9566         36 0.0000e+00
      36128   1505.297   1322.000   1305.396     3.4491     3.4488  32.556454  32.557429     2.1271   59.93934  -39.52112     4.9566         33 0.0000e+00
      36163   1506.755   1324.000   1307.365     3.4491     3.4486  32.557090  32.558217     2.1268   59.93934  -39.52110     4.9565         38 0.0000e+00
      36207   1508.586   1326.000   1309.333     3.4456     3.4452  32.554603  32.555760     2.1268   59.93934  -39.52110     4.9566         50 0.0000e+00
      36275   1511.413   1328.000   1311.302     3.4449     3.4446  32.554830  32.556075     2.1264   59.93934  -39.52110     4.9567         83 0.0000e+00
      36332   1513.811   1330.000   1313.271     3.4450     3.4447  32.555941  32.557091     2.1259   59.93934  -39.52110     4.9566         31 0.0000e+00
      36361   1514.993   1332.000   1315.239     3.4450     3.4447  32.556903  32.558065     2.1256   59.93934  -39.52110     4.9566         30 0.0000e+00
      36398   1516.522   1334.000   1317.208     3.4431     3.4429  32.555647  32.557104     2.1248   59.93934  -39.52110     4.9567         47 0.0000e+00
      36460   1519.141   1336.000   1319.177     3.4416     3.4412  32.555133  32.556094     2.1232   59.93936  -39.52110     4.9566         71 0.0000e+00
      36517   1521.516   1338.000   1321.145     3.4431     3.4427  32.557682  32.558780     2.1226   59.93934  -39.52110     4.9565         42 0.0000e+00
      36553   1522.980   1340.000   1323.114     3.4439     3.4435  32.559464  32.560597     2.1221   59.93934  -39.52110     4.9566         32 0.0000e+00
      36588   1524.468   1342.000   1325.082     3.4460     3.4457  32.562683  32.563668     2.1216   59.93934  -39.52110     4.9566         43 0.0000e+00
      36652   1527.109   1344.000   1327.051     3.4482     3.4478  32.565770  32.566866     2.1196   59.93935  -39.52111     4.9565         75 0.0000e+00
      36706   1529.392   1346.000   1329.019     3.4505     3.4503  32.569460  32.570439     2.1180   59.93934  -39.52110     4.9565         36 0.0000e+00
      36738   1530.728   1348.000   1330.987     3.4535     3.4532  32.573604  32.574756     2.1173   59.93934  -39.52110     4.9566         32 0.0000e+00
      36773   1532.163   1350.000   1332.956     3.4543     3.4540  32.575400  32.576536     2.1165   59.93934  -39.52112     4.9566         41 0.0000e+00
      36837   1534.819   1352.000   1334.925     3.4549     3.4545  32.576989  32.578031     2.1147   59.93934  -39.52111     4.9565         74 0.0000e+00
      36893   1537.160   1354.000   1336.893     3.4545     3.4541  32.577480  32.578623     2.1139   59.93934  -39.52111     4.9567         46 0.0000e+00
      36935   1538.898   1356.000   1338.861     3.4549     3.4545  32.579121  32.580110     2.1135   59.93934  -39.52112     4.9566         37 0.0000e+00
      36972   1540.453   1358.000   1340.830     3.4559     3.4557  32.581272  32.582371     2.1126   59.93934  -39.52112     4.9567         42 0.0000e+00
      37026   1542.713   1360.000   1342.798     3.4606     3.4602  32.587110  32.588056     2.1113   59.93934  -39.52111     4.9566         60 0.0000e+00
      37076   1544.772   1362.000   1344.766     3.4609     3.4605  32.588241  32.589328     2.1103   59.93934  -39.52112     4.9567         45 0.0000e+00
      37131   1547.076   1364.000   1346.735     3.4606     3.4603  32.588950  32.589974     2.1093   59.93934  -39.52112     4.9567         56 0.0000e+00
      37172   1548.810   1366.000   1348.703     3.4607     3.4605  32.590244  32.591371     2.1091   59.93934  -39.52110     4.9566         32 0.0000e+00
      37205   1550.151   1368.000   1350.671     3.4605     3.4601  32.590878  32.592017     2.1083   59.93934  -39.52111     4.9566         37 0.0000e+00
      37261   1552.496   1370.000   1352.639     3.4600     3.4595  32.591357  32.592343     2.1068   59.93934  -39.52112     4.9566         69 0.0000e+00
      37317   1554.845   1372.000   1354.608     3.4611     3.4608  32.593481  32.594561     2.1050   59.93934  -39.52110     4.9566         47 0.0000e+00
      37362   1556.727   1374.000   1356.576     3.4628     3.4625  32.596266  32.597278     2.1040   59.93934  -39.52110     4.9566         43 0.0000e+00
      37404   1558.452   1376.000   1358.544     3.4634     3.4631  32.597876  32.598963     2.1030   59.93934  -39.52112     4.9566         42 0.0000e+00
      37451   1560.418   1378.000   1360.512     3.4643     3.4639  32.599828  32.600838     2.1021   59.93934  -39.52111     4.9565         53 0.0000e+00
      37506   1562.708   1380.000   1362.481     3.4657     3.4653  32.602493  32.603425     2.1008   59.93934  -39.52110     4.9567         54 0.0000e+00
      37555   1564.767   1382.000   1364.449     3.4666     3.4662  32.604252  32.605328     2.0990   59.93934  -39.52110     4.9566         44 0.0000e+00
      37595   1566.414   1384.000   1366.417     3.4668     3.4664  32.605573  32.606620     2.0982   59.93934  -39.52110     4.9567         36 0.0000e+00
      37631   1567.923   1386.000   1368.385     3.4666     3.4663  32.606275  32.607378     2.0976   59.93934  -39.52110     4.9566         40 0.0000e+00
      37698   1570.716   1388.000   1370.353     3.4663     3.4661  32.606896  32.608088     2.0971   59.93934  -39.52110     4.9567         66 0.0000e+00
      37750   1572.885   1390.000   1372.321     3.4656     3.4653  32.607299  32.608448     2.0961   59.93934  -39.52110     4.9565         30 0.0000e+00
      37778   1574.056   1392.000   1374.289     3.4660     3.4658  32.608897  32.609891     2.0953   59.93936  -39.52110     4.9567         29 0.0000e+00
      37827   1576.079   1394.000   1376.257     3.4666     3.4663  32.610400  32.611521     2.0939   59.93935  -39.52110     4.9566         77 0.0000e+00
      37895   1578.905   1396.000   1378.225     3.4651     3.4648  32.610134  32.611223     2.0929   59.93934  -39.52110     4.9566         43 0.0000e+00
      37932   1580.459   1398.000   1380.193     3.4659     3.4656  32.611948  32.613114     2.0923   59.93934  -39.52110     4.9567         37 0.0000e+00
      37970   1582.048   1400.000   1382.161     3.4658     3.4654  32.612794  32.613849     2.0915   59.93936  -39.52109     4.9565         41 0.0000e+00
      38016   1583.944   1402.000   1384.129     3.4679     3.4675  32.616075  32.617022     2.0905   59.93935  -39.52110     4.9566         51 0.0000e+00
      38072   1586.292   1404.000   1386.097     3.4699     3.4695  32.619147  32.620038     2.0892   59.93934  -39.52110     4.9566         58 0.0000e+00
      38122   1588.378   1406.000   1388.065     3.4708     3.4706  32.620999  32.622191     2.0884   59.93934  -39.52109     4.9566         42 0.0000e+00
      38165   1590.154   1408.000   1390.033     3.4713     3.4709  32.622550  32.623644     2.0874   59.93935  -39.52109     4.9567         46 0.0000e+00
      38211   1592.094   1410.000   1392.001     3.4705     3.4702  32.622928  32.624087     2.0863   59.93935  -39.52111     4.9567         44 0.0000e+00
      38254   1593.876   1412.000   1393.969     3.4713     3.4710  32.625119  32.626183     2.0847   59.93934  -39.52110     4.9567         45 0.0000e+00
      38306   1596.060   1414.000   1395.936     3.4739     3.4736  32.628924  32.629914     2.0831   59.93934  -39.52109     4.9566         56 0.0000e+00
      38356   1598.137   1416.000   1397.904     3.4753     3.4749  32.631308  32.632214     2.0824   59.93934  -39.52110     4.9565         45 0.0000e+00
      38401   1599.997   1418.000   1399.872     3.4754     3.4750  32.632373  32.633464     2.0815   59.93934  -39.52110     4.9566         44 0.0000e+00
      38444   1601.806   1420.000   1401.840     3.4758     3.4754  32.633711  32.634760     2.0809   59.93935  -39.52110     4.9565         46 0.0000e+00
      38508   1604.463   1422.000   1403.808     3.4762     3.4758  32.634843  32.635885     2.0797   59.93934  -39.52110     4.9566         71 0.0000e+00
      38556   1606.465   1424.000   1405.775     3.4760     3.4756  32.635573  32.636700     2.0790   59.93934  -39.52110     4.9566         31 0.0000e+00
      38585   1607.669   1426.000   1407.743     3.4745     3.4741  32.635089  32.636189     2.0788   59.93934  -39.52110     4.9566         31 0.0000e+00
      38656   1610.625   1428.000   1409.711     3.4754     3.4750  32.636970  32.637949     2.0780   59.93934  -39.52110     4.9565         65 0.0000e+00
      38737   1613.985   1430.000   1411.679     3.4768     3.4764  32.639365  32.640454     2.0773   59.93934  -39.52110     4.9566         72 0.0000e+00
      38819   1617.419   1432.000   1413.646     3.4764     3.4759  32.639916  32.640888     2.0769   59.93934  -39.52112     4.9565         74 0.0000e+00
      38943   1622.601   1434.000   1415.614     3.4755     3.4752  32.639949  32.641125     2.0757   59.93934  -39.52112     4.9565         52 0.0000e+00
      39000   1624.942   1436.000   1417.582     3.4779     3.4775  32.643452  32.644463     2.0756   59.93934  -39.52112     4.9566         68 0.0000e+00
      39128   1630.275   1438.000   1419.549     3.4765     3.4761  32.642818  32.643948     2.0750   59.93934  -39.52114     4.9567         62 0.0000e+00
      39206   1633.533   1440.000   1421.517     3.4763     3.4758  32.643668  32.644682     2.0735   59.93934  -39.52112     4.9565         88 0.0000e+00
      39296   1637.299   1442.000   1423.484     3.4763     3.4758  32.644680  32.645703     2.0727   59.93934  -39.52114     4.9565         97 0.0000e+00
      39413   1642.173   1444.000   1425.452     3.4770     3.4766  32.646533  32.647485     2.0716   59.93934  -39.52113     4.9566         72 0.0000e+00
      39484   1645.130   1446.000   1427.419     3.4784     3.4781  32.649241  32.650182     2.0711   59.93934  -39.52113     4.9566         48 0.0000e+00
