Example_Files/SBE_Processing_Files/Processed_SBE_cast_files/downcasts/dar69-01_021.cnv
* Sea-Bird SBE 9 Data File:
* FileName = D:\data\ar69-01_021.hex
* Software Version Seasave V 7.26.7.107
* Temperature SN = 4491
* Conductivity SN = 3009
* Number of Bytes Per Scan = 44
* Number of Voltage Words = 5
* Number of Scans Averaged by the Deck Unit = 1
* NMEA Latitude = 59 47.95 N
* NMEA Longitude = 039 48.39 W
* NMEA UTC (Time) = Jul 08 2022  18:44:49
** Cruise ID: AR69-01
** Chief Sci:
** Station #: 021
** Site ID: OSNAP cal dip
# nquan = 14
# nvalues = 1318                        
# units = specified
# name 0 = scan: Scan Count
# name 1 = timeS: Time, Elapsed [seconds]
# name 2 = prDM: Pressure, Digiquartz [db]
# name 3 = depSM: Depth [salt water, m]
# name 4 = t090C: Temperature [ITS-90, deg C]
# name 5 = t190C: Temperature, 2 [ITS-90, deg C]
# name 6 = c0mS/cm: Conductivity [mS/cm]
# name 7 = c1mS/cm: Conductivity, 2 [mS/cm]
# name 8 = sbeox0V: Oxygen raw, SBE 43 [V]
# name 9 = latitude: Latitude [deg]
# name 10 = longitude: Longitude [deg]
# name 11 = v7: Voltage 7
# name 12 = nbin: number of scans per bin
# name 13 = flag: flag
# span 0 =        329,      68447       
# span 1 =     13.687,   2851.901       
# span 2 =      6.000,   2640.000       
# span 3 =      5.943,   2598.826       
# span 4 =     1.6272,     7.6109       
# span 5 =     1.6229,     7.6104       
# span 6 =  31.472639,  35.637400       
# span 7 =  31.467935,  35.638995       
# span 8 =     1.8388,     2.8376       
# span 9 =   59.79900,   59.80364       
# span 10 =  -39.80898,  -39.80636      
# span 11 =     4.9560,     4.9573      
# span 12 =         20,        135      
# span 13 = 0.0000e+00, 0.0000e+00      
# interval = decibars: 2                
# start_time = Jul 08 2022 18:44:49 [NMEA time, first data scan]
# bad_flag = -9.990e-29
*END*
[from data line 723]
      36840   1534.978   1452.000   1433.338     3.4794     3.4792  32.651619  32.652242     2.0708   59.80067  -39.80744     4.9567         62 0.0000e+00
      36896   1537.303   1454.000   1435.305     3.4794     3.4792  32.652814  32.653467     2.0703   59.80068  -39.80744     4.9568         45 0.0000e+00
      36934   1538.868   1456.000   1437.273     3.4791     3.4789  32.653653  32.654419     2.0696   59.80068  -39.80744     4.9566         36 0.0000e+00
      36985   1541.010   1458.000   1439.240     3.4789     3.4787  32.654772  32.655333     2.0684   59.80069  -39.80745     4.9566         70 0.0000e+00
      37042   1543.360   1460.000   1441.208     3.4791     3.4789  32.656000  32.656660     2.0669   59.80070  -39.80745     4.9566         33 0.0000e+00
      37071   1544.569   1462.000   1443.175     3.4783     3.4782  32.656347  32.657140     2.0663   59.80070  -39.80746     4.9568         31 0.0000e+00
      37114   1546.377   1464.000   1445.143     3.4777     3.4775  32.657079  32.657796     2.0655   59.80070  -39.80747     4.9567         61 0.0000e+00
      37176   1548.939   1466.000   1447.110     3.4774     3.4772  32.657801  32.658445     2.0639   59.80071  -39.80748     4.9567         54 0.0000e+00
      37230   1551.207   1468.000   1449.077     3.4772     3.4769  32.658552  32.659227     2.0628   59.80072  -39.80750     4.9566         55 0.0000e+00
      37277   1553.167   1470.000   1451.045     3.4767     3.4766  32.659203  32.659952     2.0622   59.80072  -39.80750     4.9566         38 0.0000e+00
      37311   1554.596   1472.000   1453.012     3.4769     3.4768  32.660252  32.660929     2.0614   59.80072  -39.80750     4.9566         34 0.0000e+00
      37356   1556.438   1474.000   1454.980     3.4759     3.4758  32.660957  32.661703     2.0605   59.80072  -39.80750     4.9566         61 0.0000e+00
      37417   1559.012   1476.000   1456.947     3.4758     3.4757  32.661883  32.662642     2.0595   59.80074  -39.80752     4.9567         49 0.0000e+00
      37459   1560.752   1478.000   1458.914     3.4760     3.4758  32.662931  32.663630     2.0588   59.80074  -39.80752     4.9566         44 0.0000e+00
      37515   1563.084   1480.000   1460.881     3.4762     3.4759  32.663848  32.664534     2.0579   59.80075  -39.80753     4.9566         60 0.0000e+00
      37559   1564.929   1482.000   1462.849     3.4760     3.4759  32.664650  32.665427     2.0576   59.80076  -39.80754     4.9566         31 0.0000e+00
      37590   1566.189   1484.000   1464.816     3.4760     3.4759  32.665500  32.666292     2.0569   59.80076  -39.80754     4.9567         34 0.0000e+00
      37647   1568.594   1486.000   1466.783     3.4760     3.4759  32.666223  32.666974     2.0562   59.80076  -39.80754     4.9566         75 0.0000e+00
      37700   1570.785   1488.000   1468.750     3.4746     3.4743  32.666093  32.666800     2.0556   59.80076  -39.80754     4.9566         37 0.0000e+00
      37756   1573.128   1490.000   1470.718     3.4736     3.4734  32.666158  32.666760     2.0545   59.80078  -39.80756     4.9567         70 0.0000e+00
      37806   1575.221   1492.000   1472.684     3.4732     3.4731  32.666841  32.667566     2.0537   59.80078  -39.80755     4.9565         32 0.0000e+00
      37837   1576.507   1494.000   1474.652     3.4728     3.4726  32.667445  32.668104     2.0535   59.80078  -39.80754     4.9566         32 0.0000e+00
      37874   1578.056   1496.000   1476.619     3.4726     3.4725  32.668058  32.668754     2.0527   59.80078  -39.80755     4.9566         44 0.0000e+00
      37938   1580.708   1498.000   1478.586     3.4727     3.4725  32.668945  32.669594     2.0519   59.80080  -39.80756     4.9566         80 0.0000e+00
      38000   1583.292   1500.000   1480.553     3.4724     3.4722  32.669668  32.670388     2.0514   59.80082  -39.80756     4.9567         40 0.0000e+00
      38035   1584.729   1502.000   1482.520     3.4716     3.4715  32.669967  32.670738     2.0511   59.80082  -39.80756     4.9567         33 0.0000e+00
      38068   1586.124   1504.000   1484.487     3.4708     3.4706  32.670165  32.671034     2.0508   59.80082  -39.80756     4.9567         36 0.0000e+00
      38122   1588.385   1506.000   1486.454     3.4704     3.4702  32.670783  32.671424     2.0495   59.80082  -39.80756     4.9567         78 0.0000e+00
      38190   1591.202   1508.000   1488.421     3.4672     3.4669  32.669257  32.669958     2.0480   59.80084  -39.80756     4.9567         46 0.0000e+00
      38230   1592.868   1510.000   1490.388     3.4654     3.4652  32.668898  32.669603     2.0475   59.80084  -39.80756     4.9567         38 0.0000e+00
      38267   1594.398   1512.000   1492.355     3.4651     3.4650  32.669641  32.670393     2.0470   59.80084  -39.80756     4.9567         36 0.0000e+00
      38305   1596.015   1514.000   1494.322     3.4655     3.4653  32.670631  32.671490     2.0464   59.80084  -39.80756     4.9567         46 0.0000e+00
      38376   1598.939   1516.000   1496.289     3.4659     3.4657  32.672055  32.672607     2.0446   59.80086  -39.80756     4.9567         75 0.0000e+00
      38421   1600.847   1518.000   1498.256     3.4658     3.4656  32.673087  32.673831     2.0435   59.80086  -39.80756     4.9566         31 0.0000e+00
      38455   1602.230   1520.000   1500.223     3.4658     3.4657  32.674337  32.675061     2.0428   59.80086  -39.80756     4.9566         38 0.0000e+00
      38505   1604.314   1522.000   1502.190     3.4664     3.4663  32.675936  32.676554     2.0417   59.80088  -39.80756     4.9566         59 0.0000e+00
      38554   1606.379   1524.000   1504.156     3.4671     3.4669  32.677606  32.678225     2.0411   59.80088  -39.80756     4.9566         40 0.0000e+00
      38598   1608.202   1526.000   1506.123     3.4672     3.4671  32.678526  32.679255     2.0407   59.80088  -39.80756     4.9566         56 0.0000e+00
      38660   1610.789   1528.000   1508.090     3.4672     3.4671  32.679381  32.680059     2.0400   59.80090  -39.80756     4.9566         51 0.0000e+00
      38698   1612.367   1530.000   1510.057     3.4673     3.4671  32.680391  32.681061     2.0394   59.80090  -39.80756     4.9565         37 0.0000e+00
      38750   1614.558   1532.000   1512.024     3.4665     3.4663  32.680602  32.681192     2.0386   59.80090  -39.80757     4.9566         66 0.0000e+00
      38802   1616.699   1534.000   1513.990     3.4657     3.4657  32.680781  32.681692     2.0381   59.80092  -39.80758     4.9567         34 0.0000e+00
      38834   1618.059   1536.000   1515.957     3.4652     3.4652  32.681305  32.682047     2.0378   59.80092  -39.80758     4.9567         35 0.0000e+00
      38884   1620.129   1538.000   1517.924     3.4643     3.4640  32.681325  32.681959     2.0372   59.80092  -39.80758     4.9567         69 0.0000e+00
      38945   1622.670   1540.000   1519.891     3.4627     3.4625  32.680909  32.681736     2.0363   59.80093  -39.80758     4.9567         42 0.0000e+00
      38981   1624.184   1542.000   1521.857     3.4600     3.4599  32.679430  32.680260     2.0355   59.80093  -39.80758     4.9566         37 0.0000e+00
      39029   1626.166   1544.000   1523.824     3.4596     3.4594  32.679904  32.680613     2.0353   59.80094  -39.80758     4.9566         60 0.0000e+00
      39081   1628.346   1546.000   1525.791     3.4596     3.4593  32.680773  32.681474     2.0353   59.80094  -39.80758     4.9566         38 0.0000e+00
      39120   1629.967   1548.000   1527.757     3.4597     3.4594  32.681694  32.682386     2.0346   59.80094  -39.80759     4.9567         50 0.0000e+00
      39190   1632.860   1550.000   1529.724     3.4598     3.4595  32.682591  32.683281     2.0334   59.80096  -39.80760     4.9567         62 0.0000e+00
      39226   1634.374   1552.000   1531.691     3.4596     3.4595  32.683429  32.684158     2.0332   59.80096  -39.80760     4.9567         31 0.0000e+00
      39260   1635.783   1554.000   1533.657     3.4593     3.4592  32.684045  32.684749     2.0331   59.80096  -39.80760     4.9567         41 0.0000e+00
      39328   1638.619   1556.000   1535.624     3.4584     3.4582  32.684100  32.684761     2.0319   59.80097  -39.80760     4.9567         78 0.0000e+00
      39378   1640.702   1558.000   1537.590     3.4581     3.4580  32.684944  32.685640     2.0315   59.80098  -39.80760     4.9567         32 0.0000e+00
      39407   1641.919   1560.000   1539.557     3.4580     3.4579  32.685658  32.686487     2.0310   59.80098  -39.80760     4.9567         30 0.0000e+00
      39446   1643.530   1562.000   1541.523     3.4571     3.4570  32.685826  32.686570     2.0303   59.80098  -39.80760     4.9567         57 0.0000e+00
      39517   1646.493   1564.000   1543.489     3.4566     3.4564  32.686364  32.686968     2.0291   59.80099  -39.80760     4.9567         57 0.0000e+00
      39558   1648.201   1566.000   1545.456     3.4565     3.4563  32.687126  32.687787     2.0285   59.80100  -39.80760     4.9566         47 0.0000e+00
      39612   1650.455   1568.000   1547.423     3.4567     3.4565  32.688055  32.688764     2.0281   59.80100  -39.80762     4.9566         50 0.0000e+00
      39649   1651.993   1570.000   1549.389     3.4565     3.4564  32.688883  32.689540     2.0279   59.80100  -39.80762     4.9567         30 0.0000e+00
      39685   1653.481   1572.000   1551.356     3.4557     3.4555  32.689018  32.689744     2.0275   59.80100  -39.80761     4.9567         48 0.0000e+00
      39773   1657.147   1574.000   1553.322     3.4556     3.4554  32.689825  32.690420     2.0258   59.80102  -39.80762     4.9567         42 0.0000e+00
      39798   1658.226   1576.000   1555.288     3.4527     3.4525  32.688213  32.689109     2.0256   59.80102  -39.80762     4.9567         29 0.0000e+00
      39832   1659.609   1578.000   1557.255     3.4498     3.4496  32.686734  32.687551     2.0253   59.80102  -39.80762     4.9567         40 0.0000e+00
      39879   1661.604   1580.000   1559.221     3.4462     3.4459  32.684322  32.685055     2.0247   59.80102  -39.80762     4.9566         50 0.0000e+00
      39929   1663.681   1582.000   1561.187     3.4440     3.4438  32.683493  32.684176     2.0235   59.80103  -39.80762     4.9566         61 0.0000e+00
      40004   1666.805   1584.000   1563.154     3.4435     3.4433  32.683985  32.684582     2.0218   59.80104  -39.80762     4.9567         58 0.0000e+00
      40037   1668.170   1586.000   1565.120     3.4434     3.4433  32.684860  32.685750     2.0221   59.80104  -39.80762     4.9566         28 0.0000e+00
      40064   1669.285   1588.000   1567.086     3.4429     3.4428  32.685438  32.686257     2.0221   59.80104  -39.80762     4.9566         28 0.0000e+00
      40115   1671.426   1590.000   1569.052     3.4422     3.4420  32.685589  32.686287     2.0214   59.80105  -39.80763     4.9566         56 0.0000e+00
      40203   1675.085   1592.000   1571.019     3.4419     3.4417  32.686246  32.686975     2.0200   59.80106  -39.80764     4.9566         35 0.0000e+00
      40230   1676.199   1594.000   1572.985     3.4417     3.4415  32.687000  32.687794     2.0199   59.80106  -39.80763     4.9567         28 0.0000e+00
      40257   1677.351   1596.000   1574.951     3.4413     3.4412  32.687609  32.688425     2.0195   59.80106  -39.80762     4.9566         29 0.0000e+00
      40303   1679.263   1598.000   1576.917     3.4384     3.4382  32.685947  32.686692     2.0186   59.80107  -39.80764     4.9567         66 0.0000e+00
      40373   1682.178   1600.000   1578.884     3.4368     3.4369  32.685559  32.686468     2.0175   59.80108  -39.80764     4.9566         44 0.0000e+00
      40411   1683.730   1602.000   1580.850     3.4356     3.4356  32.685548  32.686348     2.0169   59.80108  -39.80764     4.9566         36 0.0000e+00
      40449   1685.342   1604.000   1582.816     3.4344     3.4343  32.685669  32.686412     2.0156   59.80108  -39.80764     4.9566         44 0.0000e+00
      40505   1687.683   1606.000   1584.782     3.4344     3.4342  32.686663  32.687281     2.0143   59.80109  -39.80764     4.9567         62 0.0000e+00
      40553   1689.677   1608.000   1586.748     3.4344     3.4343  32.687894  32.688566     2.0140   59.80110  -39.80764     4.9567         35 0.0000e+00
      40586   1691.052   1610.000   1588.714     3.4346     3.4345  32.689337  32.690000     2.0137   59.80110  -39.80766     4.9567         36 0.0000e+00
      40654   1693.865   1612.000   1590.680     3.4350     3.4348  32.690619  32.691334     2.0122   59.80111  -39.80766     4.9567         59 0.0000e+00
      40710   1696.189   1614.000   1592.646     3.4348     3.4347  32.691575  32.692376     2.0117   59.80112  -39.80766     4.9567         29 0.0000e+00
      40738   1697.385   1616.000   1594.612     3.4344     3.4343  32.692203  32.692980     2.0114   59.80112  -39.80766     4.9566         31 0.0000e+00
      40781   1699.146   1618.000   1596.578     3.4339     3.4337  32.692576  32.693217     2.0106   59.80112  -39.80767     4.9566         57 0.0000e+00
      40836   1701.456   1620.000   1598.544     3.4326     3.4324  32.692116  32.692798     2.0100   59.80112  -39.80766     4.9566         46 0.0000e+00
      40880   1703.283   1622.000   1600.510     3.4271     3.4267  32.687877  32.688549     2.0095   59.80112  -39.80768     4.9567         46 0.0000e+00
      40933   1705.505   1624.000   1602.476     3.4245     3.4243  32.686359  32.687080     2.0087   59.80113  -39.80768     4.9565         63 0.0000e+00
      40990   1707.882   1626.000   1604.442     3.4233     3.4232  32.686421  32.687086     2.0085   59.80114  -39.80768     4.9566         41 0.0000e+00
      41023   1709.242   1628.000   1606.408     3.4234     3.4234  32.687377  32.688208     2.0082   59.80114  -39.80768     4.9566         31 0.0000e+00
      41064   1710.940   1630.000   1608.374     3.4220     3.4220  32.687041  32.687912     2.0076   59.80114  -39.80768     4.9566         54 0.0000e+00
      41142   1714.194   1632.000   1610.340     3.4205     3.4201  32.686425  32.686987     2.0061   59.80116  -39.80768     4.9566         45 0.0000e+00
      41174   1715.537   1634.000   1612.305     3.4207     3.4201  32.687542  32.687733     2.0059   59.80116  -39.80768     4.9566         35 0.0000e+00
      41214   1717.191   1636.000   1614.271     3.4180     3.4179  32.685476  32.686287     2.0057   59.80116  -39.80769     4.9567         45 0.0000e+00
      41261   1719.160   1638.000   1616.237     3.4161     3.4159  32.684634  32.685222     2.0055   59.80116  -39.80770     4.9566         48 0.0000e+00
      41309   1721.148   1640.000   1618.203     3.4159     3.4157  32.685511  32.686148     2.0048   59.80116  -39.80770     4.9567         52 0.0000e+00
      41368   1723.609   1642.000   1620.169     3.4156     3.4154  32.686276  32.686870     2.0042   59.80118  -39.80770     4.9566         56 0.0000e+00
      41410   1725.371   1644.000   1622.134     3.4149     3.4148  32.686560  32.687366     2.0042   59.80118  -39.80770     4.9567         33 0.0000e+00
      41443   1726.738   1646.000   1624.100     3.4135     3.4136  32.686157  32.687109     2.0038   59.80118  -39.80770     4.9567         36 0.0000e+00
      41500   1729.143   1648.000   1626.066     3.4118     3.4117  32.685297  32.686042     2.0028   59.80118  -39.80770     4.9565         78 0.0000e+00
      41560   1731.641   1650.000   1628.031     3.4101     3.4100  32.684487  32.685286     2.0017   59.80120  -39.80770     4.9565         39 0.0000e+00
      41596   1733.104   1652.000   1629.997     3.4109     3.4110  32.686608  32.687207     2.0015   59.80120  -39.80770     4.9567         34 0.0000e+00
      41632   1734.643   1654.000   1631.963     3.4119     3.4118  32.688764  32.689410     2.0012   59.80120  -39.80770     4.9566         43 0.0000e+00
