Example_Files/SBE_Processing_Files/Processed_SBE_cast_files/downcasts/dar69-01_018.cnv
* Sea-Bird SBE 9 Data File:
* FileName = D:\data\ar69-01_018.hex
* Software Version Seasave V 7.26.7.107
* Temperature SN = 4491
* Conductivity SN = 3009
* Number of Bytes Per Scan = 44
* Number of Voltage Words = 5
* Number of Scans Averaged by the Deck Unit = 1
* NMEA Latitude = 59 56.25 N
* NMEA Longitude = 041 08.20 W
* NMEA UTC (Time) = Jul 05 2022  14:07:42
** Cruise ID: AR69-01
** Chief Sci:
** Station #: 018
** Site ID: M1 OSNAP microcats + optodes (post cal dip)
# nquan = 14
# nvalues = 1008                        
# units = specified
# name 0 = scan: Scan Count
# name 1 = timeS: Time, Elapsed [seconds]
# name 2 = prDM: Pressure, Digiquartz [db]
# name 3 = depSM: Depth [salt water, m]
# name 4 = t090C: Temperature [ITS-90, deg C]
# name 5 = t190C: Temperature, 2 [ITS-90, deg C]
# name 6 = c0mS/cm: Conductivity [mS/cm]
# name 7 = c1mS/cm: Conductivity, 2 [mS/cm]
# name 8 = sbeox0V: Oxygen raw, SBE 43 [V]
# name 9 = latitude: Latitude [deg]
# name 10 = longitude: Longitude [deg]
# name 11 = v7: Voltage 7
# name 12 = nbin: number of scans per bin
# name 13 = flag: flag
# span 0 =        329,      61440       
# span 1 =     13.660,   2559.974       
# span 2 =     16.000,   2030.000       
# span 3 =     15.848,   2001.162       
# span 4 =     2.1924,     7.6828       
# span 5 =     2.1920,     7.6998       
# span 6 =  31.729162,  35.789856       
# span 7 =  31.729895,  35.803429       
# span 8 =     1.9427,     2.8327       
# span 9 =   59.93653,   59.93764       
# span 10 =  -41.14766,  -41.13672      
# span 11 =     4.9560,     4.9573      
# span 12 =         16,        120      
# span 13 = 0.0000e+00, 0.0000e+00      
# interval = decibars: 2                
# start_time = Jul 05 2022 14:07:43 [NMEA time, first data scan]
# bad_flag = -9.990e-29
*END*
[from data line 104]
       7982    332.561    224.000    221.769     4.6344     4.6340  33.147324  33.148913     2.4249   59.93754  -41.13678     4.9573         47 0.0000e+00
       8033    334.649    226.000    223.748     4.6301     4.6299  33.144216  33.145802     2.4246   59.93756  -41.13680     4.9573         54 0.0000e+00
       8088    336.942    228.000    225.727     4.6255     4.6254  33.140576  33.142515     2.4236   59.93755  -41.13680     4.9573         52 0.0000e+00
       8136    338.971    230.000    227.706     4.6155     4.6148  33.131688  33.132894     2.4230   59.93754  -41.13680     4.9573         47 0.0000e+00
       8181    340.838    232.000    229.685     4.6139     4.6123  33.131137  33.131250     2.4217   59.93755  -41.13680     4.9573         42 0.0000e+00
       8220    342.458    234.000    231.664     4.6112     4.6109  33.129344  33.130916     2.4222   59.93754  -41.13680     4.9573         39 0.0000e+00
       8276    344.788    236.000    233.643     4.6083     4.6080  33.127338  33.128954     2.4223   59.93755  -41.13680     4.9573         76 0.0000e+00
       8340    347.453    238.000    235.621     4.6033     4.6023  33.123312  33.124458     2.4204   59.93756  -41.13680     4.9573         39 0.0000e+00
       8371    348.751    240.000    237.600     4.5976     4.5974  33.118978  33.120593     2.4202   59.93754  -41.13680     4.9573         32 0.0000e+00
       8413    350.492    242.000    239.579     4.5950     4.5945  33.117298  33.118642     2.4209   59.93755  -41.13680     4.9573         53 0.0000e+00
       8463    352.569    244.000    241.558     4.5940     4.5939  33.117263  33.118850     2.4199   59.93756  -41.13680     4.9573         42 0.0000e+00
       8508    354.454    246.000    243.537     4.5933     4.5929  33.117623  33.118983     2.4195   59.93756  -41.13680     4.9573         56 0.0000e+00
       8571    357.086    248.000    245.516     4.5934     4.5931  33.118687  33.120094     2.4186   59.93756  -41.13680     4.9573         59 0.0000e+00
       8618    359.040    250.000    247.494     4.5937     4.5931  33.119939  33.121170     2.4178   59.93756  -41.13680     4.9573         39 0.0000e+00
       8655    360.589    252.000    249.473     4.5918     4.5914  33.119255  33.120848     2.4172   59.93756  -41.13680     4.9573         38 0.0000e+00
       8699    362.433    254.000    251.452     4.5825     4.5823  33.111497  33.113267     2.4171   59.93756  -41.13680     4.9573         54 0.0000e+00
       8761    364.994    256.000    253.431     4.5787     4.5785  33.108891  33.110364     2.4173   59.93756  -41.13680     4.9573         60 0.0000e+00
       8807    366.932    258.000    255.409     4.5691     4.5700  33.100149  33.103703     2.4168   59.93756  -41.13680     4.9573         36 0.0000e+00
       8843    368.416    260.000    257.388     4.5517     4.5523  33.084688  33.087178     2.4164   59.93756  -41.13680     4.9573         38 0.0000e+00
       8889    370.342    262.000    259.367     4.5507     4.5502  33.084555  33.085948     2.4162   59.93756  -41.13680     4.9573         56 0.0000e+00
       8945    372.646    264.000    261.345     4.5490     4.5485  33.083645  33.084939     2.4155   59.93756  -41.13680     4.9573         52 0.0000e+00
       8999    374.929    266.000    263.324     4.5469     4.5461  33.082558  33.083461     2.4139   59.93756  -41.13681     4.9573         56 0.0000e+00
       9046    376.889    268.000    265.302     4.5430     4.5442  33.079730  33.082791     2.4127   59.93756  -41.13680     4.9573         38 0.0000e+00
       9083    378.424    270.000    267.281     4.5422     4.5423  33.080254  33.081769     2.4119   59.93756  -41.13680     4.9573         38 0.0000e+00
       9131    380.413    272.000    269.260     4.5423     4.5420  33.080973  33.082426     2.4107   59.93756  -41.13680     4.9573         62 0.0000e+00
       9196    383.112    274.000    271.238     4.5414     4.5408  33.080935  33.081992     2.4102   59.93756  -41.13682     4.9573         55 0.0000e+00
       9240    384.941    276.000    273.217     4.5418     4.5412  33.082411  33.083346     2.4087   59.93756  -41.13682     4.9573         40 0.0000e+00
       9279    386.565    278.000    275.195     4.5412     4.5411  33.082762  33.084398     2.4081   59.93756  -41.13682     4.9573         39 0.0000e+00
       9317    388.186    280.000    277.173     4.5391     4.5391  33.081367  33.083266     2.4082   59.93756  -41.13682     4.9573         39 0.0000e+00
       9371    390.404    282.000    279.152     4.5357     4.5360  33.078949  33.081030     2.4090   59.93757  -41.13682     4.9573         75 0.0000e+00
       9441    393.340    284.000    281.131     4.5380     4.5374  33.082218  33.083330     2.4099   59.93758  -41.13682     4.9573         47 0.0000e+00
       9475    394.745    286.000    283.109     4.5371     4.5370  33.082455  33.083886     2.4097   59.93758  -41.13683     4.9573         31 0.0000e+00
       9507    396.088    288.000    285.087     4.5360     4.5356  33.083092  33.084368     2.4084   59.93758  -41.13682     4.9573         35 0.0000e+00
       9557    398.150    290.000    287.066     4.5322     4.5322  33.080413  33.082317     2.4076   59.93758  -41.13682     4.9573         70 0.0000e+00
       9632    401.286    292.000    289.044     4.5186     4.5179  33.068127  33.069555     2.4073   59.93758  -41.13683     4.9573         59 0.0000e+00
       9671    402.910    294.000    291.022     4.5137     4.5128  33.064869  33.065682     2.4070   59.93758  -41.13684     4.9573         32 0.0000e+00
       9703    404.263    296.000    293.001     4.5122     4.5117  33.064302  33.065847     2.4060   59.93758  -41.13684     4.9573         35 0.0000e+00
       9745    405.989    298.000    294.979     4.5057     4.5051  33.058915  33.060091     2.4054   59.93758  -41.13684     4.9573         49 0.0000e+00
       9804    408.458    300.000    296.957     4.5055     4.5055  33.059884  33.061452     2.4037   59.93758  -41.13684     4.9573         72 0.0000e+00
       9869    411.174    302.000    298.936     4.5051     4.5048  33.060556  33.061913     2.4019   59.93758  -41.13685     4.9573         44 0.0000e+00
       9900    412.467    304.000    300.914     4.5005     4.5008  33.057010  33.059397     2.4011   59.93758  -41.13686     4.9573         28 0.0000e+00
       9931    413.754    306.000    302.892     4.4962     4.4960  33.053703  33.055367     2.4008   59.93758  -41.13684     4.9573         37 0.0000e+00
       9989    416.161    308.000    304.870     4.4963     4.4957  33.054884  33.055879     2.4026   59.93758  -41.13685     4.9573         74 0.0000e+00
      10049    418.679    310.000    306.848     4.4999     4.4992  33.060134  33.060633     2.4048   59.93758  -41.13686     4.9573         44 0.0000e+00
      10090    420.374    312.000    308.827     4.5058     4.5055  33.067950  33.069419     2.4078   59.93758  -41.13686     4.9573         42 0.0000e+00
      10138    422.361    314.000    310.805     4.5002     4.5000  33.064051  33.065524     2.4089   59.93758  -41.13686     4.9573         53 0.0000e+00
      10187    424.419    316.000    312.783     4.4981     4.4978  33.063389  33.064940     2.4104   59.93758  -41.13686     4.9573         44 0.0000e+00
      10231    426.244    318.000    314.761     4.4933     4.4928  33.059816  33.061182     2.4123   59.93760  -41.13686     4.9573         46 0.0000e+00
      10278    428.199    320.000    316.739     4.4927     4.4922  33.060189  33.061414     2.4143   59.93759  -41.13687     4.9573         46 0.0000e+00
      10325    430.163    322.000    318.717     4.4871     4.4869  33.055548  33.057410     2.4149   59.93760  -41.13686     4.9573         52 0.0000e+00
      10379    432.413    324.000    320.695     4.4780     4.4778  33.047941  33.049516     2.4146   59.93760  -41.13687     4.9573         48 0.0000e+00
      10421    434.148    326.000    322.673     4.4716     4.4712  33.042852  33.044451     2.4142   59.93759  -41.13688     4.9573         40 0.0000e+00
      10466    436.035    328.000    324.651     4.4659     4.4657  33.038357  33.039916     2.4154   59.93760  -41.13688     4.9573         53 0.0000e+00
      10523    438.426    330.000    326.630     4.4633     4.4631  33.036775  33.038325     2.4154   59.93760  -41.13688     4.9573         56 0.0000e+00
      10571    440.418    332.000    328.607     4.4592     4.4589  33.034020  33.035473     2.4153   59.93760  -41.13688     4.9573         42 0.0000e+00
      10614    442.190    334.000    330.585     4.4555     4.4549  33.031541  33.032742     2.4150   59.93760  -41.13688     4.9573         46 0.0000e+00
      10662    444.198    336.000    332.563     4.4523     4.4520  33.029622  33.031126     2.4144   59.93760  -41.13688     4.9573         48 0.0000e+00
      10708    446.126    338.000    334.541     4.4489     4.4487  33.027394  33.028866     2.4137   59.93760  -41.13688     4.9573         47 0.0000e+00
      10760    448.279    340.000    336.519     4.4453     4.4451  33.024955  33.026510     2.4130   59.93760  -41.13690     4.9573         53 0.0000e+00
      10807    450.241    342.000    338.497     4.4392     4.4392  33.020128  33.021871     2.4118   59.93760  -41.13690     4.9573         42 0.0000e+00
      10848    451.938    344.000    340.475     4.4362     4.4359  33.018198  33.019751     2.4108   59.93760  -41.13690     4.9573         42 0.0000e+00
      10898    454.057    346.000    342.453     4.4293     4.4288  33.012581  33.014023     2.4095   59.93760  -41.13690     4.9573         58 0.0000e+00
      10952    456.274    348.000    344.431     4.4237     4.4233  33.008228  33.009598     2.4077   59.93760  -41.13690     4.9573         48 0.0000e+00
      11000    458.287    350.000    346.408     4.4217     4.4213  33.007541  33.008876     2.4055   59.93760  -41.13691     4.9573         49 0.0000e+00
      11047    460.254    352.000    348.386     4.4190     4.4188  33.006364  33.007962     2.4045   59.93760  -41.13692     4.9573         44 0.0000e+00
      11090    462.032    354.000    350.364     4.4145     4.4143  33.003057  33.004860     2.4039   59.93760  -41.13692     4.9573         43 0.0000e+00
      11139    464.100    356.000    352.342     4.4067     4.4063  32.996889  32.998397     2.4013   59.93760  -41.13692     4.9573         58 0.0000e+00
      11195    466.404    358.000    354.319     4.3986     4.3985  32.990259  32.992210     2.3984   59.93760  -41.13692     4.9573         47 0.0000e+00
      11236    468.144    360.000    356.297     4.3870     4.3869  32.980442  32.982178     2.3972   59.93760  -41.13692     4.9573         41 0.0000e+00
      11280    469.962    362.000    358.275     4.3765     4.3759  32.971378  32.973154     2.3957   59.93760  -41.13692     4.9573         47 0.0000e+00
      11330    472.033    364.000    360.253     4.3579     4.3572  32.955009  32.956481     2.3938   59.93760  -41.13692     4.9573         51 0.0000e+00
      11383    474.251    366.000    362.230     4.3441     4.3437  32.943345  32.944808     2.3925   59.93760  -41.13693     4.9573         54 0.0000e+00
      11432    476.281    368.000    364.208     4.3396     4.3395  32.940202  32.941820     2.3925   59.93760  -41.13694     4.9573         43 0.0000e+00
      11472    477.971    370.000    366.185     4.3364     4.3361  32.938417  32.940027     2.3916   59.93760  -41.13694     4.9573         39 0.0000e+00
      11517    479.818    372.000    368.163     4.3333     4.3328  32.936470  32.937808     2.3903   59.93760  -41.13694     4.9573         56 0.0000e+00
      11577    482.334    374.000    370.141     4.3304     4.3301  32.935139  32.936519     2.3875   59.93760  -41.13694     4.9573         52 0.0000e+00
      11622    484.196    376.000    372.118     4.3236     4.3234  32.930120  32.931984     2.3845   59.93760  -41.13694     4.9573         47 0.0000e+00
      11672    486.272    378.000    374.096     4.3088     4.3091  32.917535  32.919799     2.3818   59.93760  -41.13694     4.9573         47 0.0000e+00
      11713    488.008    380.000    376.073     4.2996     4.2994  32.909965  32.911894     2.3796   59.93760  -41.13694     4.9573         40 0.0000e+00
      11757    489.840    382.000    378.051     4.2940     4.2936  32.906038  32.907468     2.3770   59.93760  -41.13695     4.9573         49 0.0000e+00
      11808    491.976    384.000    380.028     4.2898     4.2902  32.903735  32.905767     2.3744   59.93760  -41.13694     4.9573         52 0.0000e+00
      11859    494.074    386.000    382.006     4.2882     4.2871  32.903552  32.904173     2.3717   59.93760  -41.13695     4.9573         48 0.0000e+00
      11906    496.045    388.000    383.983     4.2894     4.2892  32.906335  32.907429     2.3684   59.93760  -41.13696     4.9573         46 0.0000e+00
      11952    497.965    390.000    385.961     4.2927     4.2927  32.910919  32.912612     2.3667   59.93760  -41.13696     4.9573         49 0.0000e+00
      12004    500.123    392.000    387.938     4.2836     4.2835  32.903563  32.905627     2.3648   59.93760  -41.13696     4.9573         50 0.0000e+00
      12049    501.995    394.000    389.916     4.2739     4.2736  32.895903  32.897249     2.3620   59.93760  -41.13696     4.9573         44 0.0000e+00
      12102    504.217    396.000    391.893     4.2740     4.2739  32.897340  32.898927     2.3597   59.93760  -41.13696     4.9573         62 0.0000e+00
      12154    506.388    398.000    393.870     4.2721     4.2717  32.896523  32.897859     2.3585   59.93760  -41.13696     4.9573         38 0.0000e+00
      12189    507.816    400.000    395.848     4.2689     4.2687  32.894672  32.896156     2.3569   59.93760  -41.13696     4.9573         36 0.0000e+00
      12237    509.853    402.000    397.825     4.2677     4.2674  32.894904  32.896219     2.3545   59.93760  -41.13696     4.9573         64 0.0000e+00
      12297    512.330    404.000    399.802     4.2644     4.2643  32.893118  32.894777     2.3538   59.93761  -41.13697     4.9573         46 0.0000e+00
      12336    513.960    406.000    401.780     4.2534     4.2533  32.883443  32.886349     2.3555   59.93762  -41.13698     4.9573         37 0.0000e+00
      12376    515.633    408.000    403.757     4.2227     4.2219  32.854554  32.855851     2.3558   59.93760  -41.13697     4.9573         46 0.0000e+00
      12434    518.034    410.000    405.734     4.2203     4.2198  32.853485  32.854412     2.3540   59.93760  -41.13696     4.9573         66 0.0000e+00
      12492    520.446    412.000    407.711     4.2280     4.2273  32.862434  32.863211     2.3512   59.93762  -41.13698     4.9573         47 0.0000e+00
      12532    522.127    414.000    409.688     4.2343     4.2333  32.869593  32.870130     2.3508   59.93762  -41.13698     4.9573         37 0.0000e+00
      12570    523.713    416.000    411.666     4.2345     4.2347  32.870650  32.872462     2.3509   59.93762  -41.13697     4.9573         41 0.0000e+00
      12622    525.870    418.000    413.643     4.2369     4.2361  32.873930  32.874708     2.3507   59.93762  -41.13697     4.9573         64 0.0000e+00
      12682    528.363    420.000    415.620     4.2250     4.2247  32.862863  32.864779     2.3515   59.93762  -41.13698     4.9573         47 0.0000e+00
      12722    530.039    422.000    417.597     4.2126     4.2135  32.851809  32.855121     2.3527   59.93762  -41.13699     4.9573         39 0.0000e+00
      12764    531.796    424.000    419.574     4.2004     4.2002  32.841020  32.842749     2.3535   59.93762  -41.13698     4.9573         47 0.0000e+00
      12814    533.872    426.000    421.551     4.1842     4.1849  32.826117  32.829176     2.3527   59.93762  -41.13698     4.9573         52 0.0000e+00
