Example_Files/SBE_Processing_Files/Processed_SBE_cast_files/downcasts/dar69-01_021.cnv
* Sea-Bird SBE 9 Data File:
* FileName = D:\data\ar69-01_021.hex
* Software Version Seasave V 7.26.7.107
* Temperature SN = 4491
* Conductivity SN = 3009
* Number of Bytes Per Scan = 44
* Number of Voltage Words = 5
* Number of Scans Averaged by the Deck Unit = 1
* NMEA Latitude = 59 47.95 N
* NMEA Longitude = 039 48.39 W
* NMEA UTC (Time) = Jul 08 2022  18:44:49
** Cruise ID: AR69-01
** Chief Sci:
** Station #: 021
** Site ID: OSNAP cal dip
# nquan = 14
# nvalues = 1318                        
# units = specified
# name 0 = scan: Scan Count
# name 1 = timeS: Time, Elapsed [seconds]
# name 2 = prDM: Pressure, Digiquartz [db]
# name 3 = depSM: Depth [salt water, m]
# name 4 = t090C: Temperature [ITS-90, deg C]
# name 5 = t190C: Temperature, 2 [ITS-90, deg C]
# name 6 = c0mS/cm: Conductivity [mS/cm]
# name 7 = c1mS/cm: Conductivity, 2 [mS/cm]
# name 8 = sbeox0V: Oxygen raw, SBE 43 [V]
# name 9 = latitude: Latitude [deg]
# name 10 = longitude: Longitude [deg]
# name 11 = v7: Voltage 7
# name 12 = nbin: number of scans per bin
# name 13 = flag: flag
# span 0 =        329,      68447       
# span 1 =     13.687,   2851.901       
# span 2 =      6.000,   2640.000       
# span 3 =      5.943,   2598.826       
# span 4 =     1.6272,     7.6109       
# span 5 =     1.6229,     7.6104       
# span 6 =  31.472639,  35.637400       
# span 7 =  31.467935,  35.638995       
# span 8 =     1.8388,     2.8376       
# span 9 =   59.79900,   59.80364       
# span 10 =  -39.80898,  -39.80636      
# span 11 =     4.9560,     4.9573      
# span 12 =         20,        135      
# span 13 = 0.0000e+00, 0.0000e+00      
# interval = decibars: 2                
# start_time = Jul 08 2022 18:44:49 [NMEA time, first data scan]
# bad_flag = -9.990e-29
*END*
[from data line 1239]
      61266   2552.702   2484.000   2446.145     2.4306     2.4304  32.134356  32.134758     1.8448   59.80296  -39.80860     4.9560         48 0.0000e+00
      61320   2554.938   2486.000   2448.103     2.4162     2.4173  32.120940  32.122650     1.8453   59.80297  -39.80860     4.9560         60 0.0000e+00
      61370   2557.040   2488.000   2450.061     2.4070     2.4073  32.113415  32.114189     1.8461   59.80298  -39.80860     4.9560         37 0.0000e+00
      61403   2558.420   2490.000   2452.019     2.4010     2.4016  32.108867  32.110054     1.8460   59.80298  -39.80860     4.9560         34 0.0000e+00
      61453   2560.499   2492.000   2453.978     2.4042     2.4043  32.113551  32.113787     1.8452   59.80298  -39.80860     4.9560         71 0.0000e+00
      61515   2563.068   2494.000   2455.936     2.4104     2.4109  32.121344  32.121966     1.8437   59.80300  -39.80861     4.9560         40 0.0000e+00
      61549   2564.484   2496.000   2457.894     2.4004     2.4006  32.112576  32.113778     1.8433   59.80300  -39.80862     4.9560         36 0.0000e+00
      61599   2566.598   2498.000   2459.852     2.3861     2.3863  32.099926  32.100794     1.8427   59.80300  -39.80862     4.9560         65 0.0000e+00
      61652   2568.783   2500.000   2461.810     2.3716     2.3718  32.087074  32.087915     1.8427   59.80300  -39.80862     4.9560         35 0.0000e+00
      61685   2570.153   2502.000   2463.768     2.3632     2.3634  32.079895  32.080832     1.8429   59.80300  -39.80862     4.9560         36 0.0000e+00
      61738   2572.386   2504.000   2465.726     2.3502     2.3502  32.068502  32.069058     1.8429   59.80301  -39.80862     4.9560         71 0.0000e+00
      61797   2574.827   2506.000   2467.684     2.3416     2.3418  32.061398  32.062056     1.8431   59.80302  -39.80864     4.9560         43 0.0000e+00
      61838   2576.551   2508.000   2469.642     2.3238     2.3237  32.045459  32.046458     1.8436   59.80302  -39.80863     4.9560         42 0.0000e+00
      61880   2578.278   2510.000   2471.599     2.3091     2.3100  32.032631  32.034243     1.8442   59.80302  -39.80862     4.9560         41 0.0000e+00
      61929   2580.347   2512.000   2473.557     2.3007     2.3007  32.025642  32.026209     1.8445   59.80303  -39.80863     4.9560         69 0.0000e+00
      62003   2583.413   2514.000   2475.515     2.2923     2.2921  32.018496  32.018734     1.8446   59.80304  -39.80864     4.9560         49 0.0000e+00
      62033   2584.676   2516.000   2477.473     2.2909     2.2913  32.018135  32.018895     1.8451   59.80304  -39.80864     4.9560         29 0.0000e+00
      62063   2585.917   2518.000   2479.431     2.2788     2.2786  32.007288  32.008392     1.8454   59.80304  -39.80864     4.9560         33 0.0000e+00
      62124   2588.453   2520.000   2481.389     2.2643     2.2621  31.995035  31.993624     1.8450   59.80305  -39.80864     4.9560         60 0.0000e+00
      62185   2591.009   2522.000   2483.347     2.2559     2.2558  31.988071  31.989146     1.8455   59.80306  -39.80864     4.9560         28 0.0000e+00
      62212   2592.108   2524.000   2485.304     2.2385     2.2386  31.973035  31.974230     1.8460   59.80306  -39.80864     4.9560         29 0.0000e+00
      62258   2594.062   2526.000   2487.262     2.2240     2.2224  31.960410  31.959639     1.8461   59.80306  -39.80864     4.9560         55 0.0000e+00
      62336   2597.306   2528.000   2489.220     2.2193     2.2185  31.957012  31.956595     1.8465   59.80308  -39.80864     4.9560         34 0.0000e+00
      62363   2598.403   2530.000   2491.178     2.2142     2.2140  31.952811  31.953647     1.8471   59.80308  -39.80864     4.9560         27 0.0000e+00
      62395   2599.739   2532.000   2493.135     2.2022     2.2027  31.942509  31.943517     1.8471   59.80308  -39.80864     4.9560         42 0.0000e+00
      62480   2603.305   2534.000   2495.093     2.1990     2.1988  31.940303  31.940731     1.8481   59.80310  -39.80864     4.9560         47 0.0000e+00
      62514   2604.715   2536.000   2497.051     2.1877     2.1880  31.930563  31.931867     1.8488   59.80310  -39.80866     4.9560         28 0.0000e+00
      62565   2606.813   2538.000   2499.008     2.1795     2.1794  31.923841  31.924506     1.8488   59.80310  -39.80866     4.9560         46 0.0000e+00
      62669   2611.155   2540.000   2500.966     2.1700     2.1691  31.915671  31.916056     1.8489   59.80310  -39.80867     4.9560         35 0.0000e+00
      62761   2614.996   2542.000   2502.924     2.1579     2.1591  31.905675  31.907231     1.8493   59.80311  -39.80868     4.9560         56 0.0000e+00
      62873   2619.649   2544.000   2504.881     2.1563     2.1563  31.905018  31.905401     1.8496   59.80313  -39.80869     4.9560         59 0.0000e+00
      62943   2622.579   2546.000   2506.839     2.1444     2.1443  31.894698  31.895320     1.8501   59.80314  -39.80870     4.9560         53 0.0000e+00
      63057   2627.343   2548.000   2508.797     2.1346     2.1360  31.886898  31.888672     1.8506   59.80314  -39.80870     4.9560         56 0.0000e+00
      63146   2631.055   2550.000   2510.754     2.1257     2.1248  31.879884  31.879429     1.8504   59.80316  -39.80871     4.9560         66 0.0000e+00
      63240   2634.938   2552.000   2512.712     2.1176     2.1181  31.874154  31.874967     1.8496   59.80317  -39.80872     4.9560         71 0.0000e+00
      63339   2639.064   2554.000   2514.669     2.1115     2.1119  31.869864  31.870638     1.8482   59.80318  -39.80872     4.9560         63 0.0000e+00
      63429   2642.828   2556.000   2516.627     2.0953     2.0953  31.854154  31.855576     1.8510   59.80318  -39.80872     4.9560         98 0.0000e+00
      63522   2646.729   2558.000   2518.584     2.0334     2.0336  31.794856  31.795764     1.8585   59.80320  -39.80872     4.9560         74 0.0000e+00
      63623   2650.914   2560.000   2520.542     2.0244     2.0245  31.787364  31.787881     1.8636   59.80320  -39.80872     4.9560         49 0.0000e+00
      63723   2655.099   2562.000   2522.499     2.0220     2.0228  31.786047  31.787094     1.8656   59.80321  -39.80873     4.9560         68 0.0000e+00
      63793   2658.012   2564.000   2524.457     2.0182     2.0191  31.783544  31.784776     1.8667   59.80322  -39.80872     4.9560         47 0.0000e+00
      63916   2663.124   2566.000   2526.414     2.0165     2.0171  31.782799  31.783855     1.8667   59.80323  -39.80872     4.9560         45 0.0000e+00
      63974   2665.527   2568.000   2528.371     2.0107     2.0105  31.778461  31.778553     1.8667   59.80324  -39.80872     4.9560         46 0.0000e+00
      64102   2670.859   2570.000   2530.329     2.0109     2.0106  31.779361  31.779305     1.8667   59.80326  -39.80874     4.9560         80 0.0000e+00
      64195   2674.749   2572.000   2532.286     2.0093     2.0101  31.778589  31.779534     1.8665   59.80326  -39.80874     4.9560         74 0.0000e+00
      64285   2678.480   2574.000   2534.244     2.0088     2.0082  31.779029  31.778612     1.8663   59.80327  -39.80874     4.9560         76 0.0000e+00
      64385   2682.681   2576.000   2536.201     2.0103     2.0104  31.782553  31.782558     1.8653   59.80328  -39.80874     4.9560         46 0.0000e+00
      64467   2686.064   2578.000   2538.158     2.0134     2.0142  31.786648  31.787573     1.8637   59.80329  -39.80874     4.9560         78 0.0000e+00
      64575   2690.601   2580.000   2540.115     2.0178     2.0184  31.792499  31.793204     1.8597   59.80330  -39.80875     4.9560         86 0.0000e+00
      64663   2694.267   2582.000   2542.073     2.0224     2.0228  31.800246  31.800720     1.8540   59.80330  -39.80875     4.9560         67 0.0000e+00
      64753   2697.993   2584.000   2544.030     2.0191     2.0197  31.799034  31.799641     1.8497   59.80332  -39.80876     4.9560        114 0.0000e+00
      64861   2702.495   2586.000   2545.987     2.0179     2.0189  31.798761  31.799853     1.8464   59.80332  -39.80877     4.9560         91 0.0000e+00
      64944   2705.964   2588.000   2547.944     2.0128     2.0132  31.795274  31.795713     1.8450   59.80333  -39.80878     4.9560         73 0.0000e+00
      65050   2710.391   2590.000   2549.902     2.0146     2.0149  31.798089  31.798550     1.8432   59.80334  -39.80878     4.9560         68 0.0000e+00
      65122   2713.355   2592.000   2551.859     1.9944     1.9950  31.780781  31.782497     1.8430   59.80334  -39.80878     4.9560         39 0.0000e+00
      65229   2717.815   2594.000   2553.816     1.9896     1.9895  31.777574  31.778179     1.8414   59.80335  -39.80879     4.9560         44 0.0000e+00
      65300   2720.781   2596.000   2555.773     1.9530     1.9526  31.745472  31.747153     1.8408   59.80336  -39.80880     4.9560         43 0.0000e+00
      65441   2726.655   2598.000   2557.731     1.9579     1.9547  31.751213  31.749184     1.8388   59.80338  -39.80880     4.9560         75 0.0000e+00
      65503   2729.252   2600.000   2559.688     1.8972     1.8976  31.696337  31.698608     1.8403   59.80338  -39.80880     4.9560         61 0.0000e+00
      65623   2734.248   2602.000   2561.645     1.8788     1.8702  31.679844  31.674846     1.8423   59.80338  -39.80882     4.9560         45 0.0000e+00
      65702   2737.561   2604.000   2563.602     1.8480     1.8427  31.652157  31.648269     1.8449   59.80339  -39.80882     4.9560         72 0.0000e+00
      65806   2741.870   2606.000   2565.559     1.8227     1.8204  31.629328  31.628928     1.8469   59.80340  -39.80882     4.9560         51 0.0000e+00
      65886   2745.196   2608.000   2567.516     1.8028     1.8030  31.613060  31.613439     1.8489   59.80341  -39.80882     4.9560         78 0.0000e+00
      65986   2749.360   2610.000   2569.473     1.7931     1.7925  31.605292  31.605353     1.8504   59.80342  -39.80882     4.9560         68 0.0000e+00
      66093   2753.832   2612.000   2571.430     1.7886     1.7882  31.602275  31.602466     1.8506   59.80342  -39.80882     4.9560         39 0.0000e+00
      66174   2757.191   2614.000   2573.387     1.7865     1.7867  31.601505  31.601723     1.8506   59.80343  -39.80882     4.9560         72 0.0000e+00
      66267   2761.081   2616.000   2575.344     1.7785     1.7786  31.595095  31.595568     1.8506   59.80344  -39.80882     4.9560         62 0.0000e+00
      66382   2765.857   2618.000   2577.301     1.7747     1.7729  31.592360  31.591462     1.8504   59.80345  -39.80882     4.9560         67 0.0000e+00
      66446   2768.545   2620.000   2579.258     1.7571     1.7569  31.577345  31.577517     1.8507   59.80346  -39.80883     4.9560         53 0.0000e+00
      66558   2773.220   2622.000   2581.215     1.7545     1.7541  31.575740  31.575653     1.8513   59.80346  -39.80884     4.9560         66 0.0000e+00
      66658   2777.365   2624.000   2583.171     1.7482     1.7483  31.570840  31.571175     1.8515   59.80348  -39.80884     4.9560         68 0.0000e+00
      66742   2780.887   2626.000   2585.128     1.7424     1.7434  31.566583  31.567796     1.8513   59.80348  -39.80886     4.9560         95 0.0000e+00
      66848   2785.291   2628.000   2587.085     1.7270     1.7269  31.553801  31.554065     1.8510   59.80349  -39.80886     4.9560         63 0.0000e+00
      66930   2788.709   2630.000   2589.042     1.7177     1.7181  31.546276  31.547544     1.8510   59.80350  -39.80886     4.9560         32 0.0000e+00
      67009   2792.003   2632.000   2590.999     1.7094     1.7098  31.539997  31.541172     1.8506   59.80351  -39.80888     4.9560         48 0.0000e+00
      67107   2796.098   2634.000   2592.956     1.6769     1.6769  31.512389  31.514006     1.8507   59.80352  -39.80890     4.9560         49 0.0000e+00
      67242   2801.700   2636.000   2594.912     1.6641     1.6645  31.502414  31.503727     1.8504   59.80354  -39.80892     4.9560         83 0.0000e+00
      67514   2813.041   2638.000   2596.869     1.6524     1.6493  31.493001  31.491196     1.8512   59.80355  -39.80893     4.9560         92 0.0000e+00
      68447   2851.901   2640.000   2598.826     1.6272     1.6229  31.472639  31.467935     1.8517   59.80364  -39.80898     4.9560         20 0.0000e+00
