Example_Files/SBE_Processing_Files/Processed_SBE_cast_files/downcasts/dar69-01_019.cnv
* Sea-Bird SBE 9 Data File:
* FileName = D:\data\ar69-01_019.hex
* Software Version Seasave V 7.26.7.107
* Temperature SN = 4491
* Conductivity SN = 3009
* Number of Bytes Per Scan = 44
* Number of Voltage Words = 5
* Number of Scans Averaged by the Deck Unit = 1
* NMEA Latitude = 59 46.49 N
* NMEA Longitude = 039 54.39 W
* NMEA UTC (Time) = Jul 05 2022  21:23:04
** Cruise ID: AR69-01
** Chief Sci:
** Station #: 019
** Site ID: FLMA
# nquan = 14
# nvalues = 1313                        
# units = specified
# name 0 = scan: Scan Count
# name 1 = timeS: Time, Elapsed [seconds]
# name 2 = prDM: Pressure, Digiquartz [db]
# name 3 = depSM: Depth [salt water, m]
# name 4 = t090C: Temperature [ITS-90, deg C]
# name 5 = t190C: Temperature, 2 [ITS-90, deg C]
# name 6 = c0mS/cm: Conductivity [mS/cm]
# name 7 = c1mS/cm: Conductivity, 2 [mS/cm]
# name 8 = sbeox0V: Oxygen raw, SBE 43 [V]
# name 9 = latitude: Latitude [deg]
# name 10 = longitude: Longitude [deg]
# name 11 = v7: Voltage 7
# name 12 = nbin: number of scans per bin
# name 13 = flag: flag
# span 0 =       1033,      69011       
# span 1 =     42.987,   2875.412       
# span 2 =      4.000,   2628.000       
# span 3 =      3.962,   2587.091       
# span 4 =     1.9471,     7.6443       
# span 5 =     1.9437,     7.6403       
# span 6 =  31.749217,  35.645356       
# span 7 =  31.746680,  35.646693       
# span 8 =     1.8368,     2.8533       
# span 9 =   59.77486,   59.77490       
# span 10 =  -39.90656,  -39.90650      
# span 11 =     4.9560,     4.9573      
# span 12 =          1,        119      
# span 13 = 0.0000e+00, 0.0000e+00      
# interval = decibars: 2                
# start_time = Jul 05 2022 21:23:05 [NMEA time, first data scan]
# bad_flag = -9.990e-29
*END*
[from data line 517]
      28207   1175.242   1038.000   1025.669     3.4028     3.4024  32.377787  32.378837     2.2219   59.77488  -39.90655     4.9564         45 0.0000e+00
      28252   1177.104   1040.000   1027.640     3.4035     3.4029  32.379329  32.380271     2.2213   59.77488  -39.90655     4.9563         44 0.0000e+00
      28301   1179.162   1042.000   1029.612     3.4043     3.4039  32.381017  32.382157     2.2205   59.77488  -39.90654     4.9565         55 0.0000e+00
      28351   1181.270   1044.000   1031.583     3.4043     3.4038  32.381929  32.382983     2.2195   59.77488  -39.90654     4.9564         44 0.0000e+00
      28393   1183.003   1046.000   1033.554     3.4048     3.4043  32.383469  32.384507     2.2192   59.77488  -39.90656     4.9565         43 0.0000e+00
      28439   1184.928   1048.000   1035.525     3.4044     3.4039  32.383990  32.385005     2.2188   59.77488  -39.90654     4.9563         47 0.0000e+00
      28490   1187.024   1050.000   1037.496     3.4044     3.4040  32.385025  32.386044     2.2176   59.77488  -39.90654     4.9564         61 0.0000e+00
      28553   1189.655   1052.000   1039.468     3.4049     3.4045  32.386440  32.387446     2.2166   59.77488  -39.90654     4.9563         48 0.0000e+00
      28587   1191.094   1054.000   1041.439     3.4054     3.4050  32.387975  32.389015     2.2168   59.77488  -39.90654     4.9565         31 0.0000e+00
      28622   1192.560   1056.000   1043.410     3.4052     3.4049  32.388587  32.389776     2.2170   59.77488  -39.90654     4.9564         45 0.0000e+00
      28686   1195.194   1058.000   1045.382     3.4049     3.4044  32.389103  32.390021     2.2162   59.77488  -39.90653     4.9563         70 0.0000e+00
      28742   1197.535   1060.000   1047.353     3.4047     3.4042  32.389832  32.390854     2.2146   59.77488  -39.90654     4.9563         44 0.0000e+00
      28778   1199.046   1062.000   1049.324     3.4055     3.4051  32.391755  32.392788     2.2141   59.77488  -39.90655     4.9563         32 0.0000e+00
      28811   1200.404   1064.000   1051.295     3.4056     3.4052  32.392626  32.393819     2.2138   59.77488  -39.90654     4.9563         36 0.0000e+00
      28868   1202.784   1066.000   1053.266     3.4052     3.4047  32.393072  32.394093     2.2134   59.77488  -39.90653     4.9564         82 0.0000e+00
      28935   1205.585   1068.000   1055.237     3.4046     3.4041  32.393473  32.394521     2.2131   59.77488  -39.90654     4.9564         39 0.0000e+00
      28966   1206.892   1070.000   1057.208     3.4037     3.4033  32.393514  32.394571     2.2131   59.77488  -39.90654     4.9565         32 0.0000e+00
      29001   1208.330   1072.000   1059.179     3.4034     3.4029  32.394099  32.395029     2.2130   59.77488  -39.90654     4.9565         40 0.0000e+00
      29060   1210.781   1074.000   1061.150     3.4041     3.4037  32.395559  32.396744     2.2119   59.77488  -39.90653     4.9564         73 0.0000e+00
      29120   1213.275   1076.000   1063.121     3.4031     3.4026  32.395838  32.396808     2.2110   59.77488  -39.90652     4.9563         45 0.0000e+00
      29160   1214.964   1078.000   1065.093     3.4029     3.4025  32.396533  32.397575     2.2107   59.77488  -39.90654     4.9565         38 0.0000e+00
      29196   1216.475   1080.000   1067.063     3.4029     3.4025  32.397490  32.398505     2.2102   59.77488  -39.90654     4.9564         36 0.0000e+00
      29246   1218.555   1082.000   1069.034     3.4035     3.4030  32.398770  32.399757     2.2094   59.77489  -39.90654     4.9564         74 0.0000e+00
      29311   1221.257   1084.000   1071.005     3.4036     3.4031  32.399885  32.400857     2.2089   59.77488  -39.90652     4.9565         39 0.0000e+00
      29344   1222.612   1086.000   1072.976     3.4032     3.4028  32.400547  32.401702     2.2087   59.77488  -39.90654     4.9565         34 0.0000e+00
      29387   1224.416   1088.000   1074.947     3.4029     3.4024  32.401207  32.402129     2.2083   59.77488  -39.90654     4.9565         54 0.0000e+00
      29441   1226.651   1090.000   1076.918     3.4029     3.4024  32.402064  32.403045     2.2081   59.77488  -39.90654     4.9564         49 0.0000e+00
      29488   1228.614   1092.000   1078.889     3.4028     3.4023  32.402804  32.403866     2.2070   59.77488  -39.90654     4.9564         45 0.0000e+00
      29532   1230.466   1094.000   1080.860     3.4031     3.4027  32.404153  32.405174     2.2061   59.77488  -39.90654     4.9565         47 0.0000e+00
      29582   1232.546   1096.000   1082.830     3.4034     3.4029  32.405361  32.406364     2.2058   59.77488  -39.90654     4.9564         51 0.0000e+00
      29633   1234.648   1098.000   1084.801     3.4037     3.4032  32.406562  32.407564     2.2054   59.77488  -39.90653     4.9563         55 0.0000e+00
      29690   1237.046   1100.000   1086.772     3.4042     3.4037  32.407867  32.408853     2.2049   59.77488  -39.90653     4.9562         47 0.0000e+00
      29725   1238.483   1102.000   1088.743     3.4043     3.4039  32.409085  32.410087     2.2044   59.77488  -39.90654     4.9564         30 0.0000e+00
      29760   1239.969   1104.000   1090.714     3.4046     3.4042  32.410166  32.411189     2.2035   59.77488  -39.90654     4.9564         47 0.0000e+00
      29821   1242.519   1106.000   1092.684     3.4050     3.4045  32.411469  32.412413     2.2026   59.77488  -39.90652     4.9560         62 0.0000e+00
      29874   1244.689   1108.000   1094.655     3.4053     3.4048  32.412836  32.413852     2.2018   59.77488  -39.90654     4.9560         48 0.0000e+00
      29915   1246.433   1110.000   1096.626     3.4056     3.4052  32.414046  32.415035     2.2012   59.77488  -39.90654     4.9563         36 0.0000e+00
      29953   1248.004   1112.000   1098.596     3.4060     3.4056  32.415443  32.416467     2.2006   59.77488  -39.90653     4.9565         46 0.0000e+00
      30018   1250.689   1114.000   1100.567     3.4067     3.4062  32.416929  32.417855     2.1999   59.77488  -39.90653     4.9564         63 0.0000e+00
      30058   1252.371   1116.000   1102.538     3.4071     3.4067  32.418383  32.419405     2.1996   59.77488  -39.90654     4.9565         33 0.0000e+00
      30103   1254.264   1118.000   1104.508     3.4076     3.4072  32.419759  32.420735     2.1988   59.77488  -39.90654     4.9564         66 0.0000e+00
      30164   1256.782   1120.000   1106.479     3.4081     3.4077  32.421325  32.422177     2.1981   59.77488  -39.90654     4.9563         39 0.0000e+00
      30196   1258.117   1122.000   1108.449     3.4090     3.4086  32.423109  32.424117     2.1977   59.77488  -39.90654     4.9563         34 0.0000e+00
      30243   1260.074   1124.000   1110.420     3.4098     3.4093  32.424733  32.425743     2.1967   59.77488  -39.90654     4.9564         63 0.0000e+00
      30299   1262.420   1126.000   1112.390     3.4100     3.4096  32.426000  32.426934     2.1953   59.77488  -39.90654     4.9563         42 0.0000e+00
      30338   1264.054   1128.000   1114.361     3.4105     3.4100  32.427293  32.428257     2.1950   59.77488  -39.90654     4.9563         42 0.0000e+00
      30385   1266.020   1130.000   1116.331     3.4108     3.4104  32.428504  32.429492     2.1950   59.77488  -39.90654     4.9563         49 0.0000e+00
      30431   1267.916   1132.000   1118.302     3.4110     3.4105  32.429524  32.430568     2.1947   59.77488  -39.90654     4.9564         46 0.0000e+00
      30486   1270.207   1134.000   1120.272     3.4113     3.4108  32.430610  32.431642     2.1938   59.77488  -39.90654     4.9562         58 0.0000e+00
      30534   1272.200   1136.000   1122.243     3.4121     3.4118  32.432657  32.433615     2.1928   59.77488  -39.90654     4.9563         40 0.0000e+00
      30576   1273.942   1138.000   1124.213     3.4130     3.4126  32.434489  32.435472     2.1917   59.77488  -39.90654     4.9564         48 0.0000e+00
      30632   1276.282   1140.000   1126.184     3.4138     3.4134  32.436194  32.437190     2.1909   59.77488  -39.90654     4.9564         54 0.0000e+00
      30673   1278.004   1142.000   1128.154     3.4147     3.4144  32.438041  32.439075     2.1908   59.77488  -39.90655     4.9564         35 0.0000e+00
      30714   1279.718   1144.000   1130.125     3.4149     3.4145  32.439050  32.440021     2.1903   59.77488  -39.90654     4.9564         55 0.0000e+00
      30773   1282.183   1146.000   1132.095     3.4152     3.4147  32.440254  32.441152     2.1895   59.77488  -39.90654     4.9564         47 0.0000e+00
      30810   1283.694   1148.000   1134.065     3.4168     3.4161  32.442926  32.443599     2.1888   59.77488  -39.90655     4.9563         37 0.0000e+00
      30862   1285.876   1150.000   1136.036     3.4183     3.4179  32.445224  32.446212     2.1876   59.77488  -39.90654     4.9563         64 0.0000e+00
      30914   1288.024   1152.000   1138.006     3.4199     3.4194  32.447925  32.448749     2.1864   59.77488  -39.90654     4.9566         38 0.0000e+00
      30951   1289.589   1154.000   1139.976     3.4230     3.4223  32.452195  32.452858     2.1858   59.77488  -39.90655     4.9563         42 0.0000e+00
      31003   1291.758   1156.000   1141.946     3.4243     3.4239  32.454369  32.455392     2.1850   59.77488  -39.90656     4.9563         58 0.0000e+00
      31053   1293.851   1158.000   1143.917     3.4251     3.4247  32.456340  32.457289     2.1839   59.77488  -39.90655     4.9564         44 0.0000e+00
      31100   1295.794   1160.000   1145.887     3.4259     3.4254  32.458011  32.458913     2.1829   59.77488  -39.90654     4.9564         49 0.0000e+00
      31146   1297.728   1162.000   1147.857     3.4267     3.4263  32.459892  32.460906     2.1819   59.77488  -39.90655     4.9564         42 0.0000e+00
      31188   1299.438   1164.000   1149.827     3.4276     3.4272  32.461714  32.462792     2.1813   59.77488  -39.90655     4.9563         44 0.0000e+00
      31243   1301.740   1166.000   1151.797     3.4285     3.4280  32.463784  32.464626     2.1798   59.77488  -39.90654     4.9563         63 0.0000e+00
      31294   1303.862   1168.000   1153.768     3.4292     3.4287  32.465445  32.466396     2.1792   59.77488  -39.90656     4.9564         37 0.0000e+00
      31327   1305.263   1170.000   1155.738     3.4294     3.4290  32.466477  32.467518     2.1791   59.77488  -39.90656     4.9563         36 0.0000e+00
      31379   1307.397   1172.000   1157.708     3.4298     3.4294  32.467737  32.468669     2.1780   59.77488  -39.90654     4.9563         66 0.0000e+00
      31435   1309.730   1174.000   1159.678     3.4299     3.4295  32.468833  32.469761     2.1767   59.77488  -39.90655     4.9564         43 0.0000e+00
      31476   1311.450   1176.000   1161.648     3.4302     3.4299  32.470057  32.471060     2.1764   59.77488  -39.90656     4.9563         41 0.0000e+00
      31518   1313.226   1178.000   1163.618     3.4304     3.4300  32.471053  32.472062     2.1759   59.77488  -39.90654     4.9563         47 0.0000e+00
      31576   1315.620   1180.000   1165.588     3.4303     3.4299  32.471890  32.472913     2.1750   59.77488  -39.90655     4.9563         63 0.0000e+00
      31627   1317.731   1182.000   1167.558     3.4299     3.4296  32.472599  32.473543     2.1746   59.77488  -39.90655     4.9563         38 0.0000e+00
      31661   1319.185   1184.000   1169.528     3.4300     3.4297  32.473694  32.474689     2.1740   59.77488  -39.90654     4.9564         36 0.0000e+00
      31714   1321.377   1186.000   1171.498     3.4307     3.4302  32.475129  32.476077     2.1733   59.77488  -39.90654     4.9565         65 0.0000e+00
      31763   1323.423   1188.000   1173.468     3.4312     3.4308  32.476874  32.477704     2.1733   59.77488  -39.90654     4.9564         35 0.0000e+00
      31800   1324.960   1190.000   1175.438     3.4320     3.4315  32.478463  32.479289     2.1727   59.77488  -39.90656     4.9564         42 0.0000e+00
      31852   1327.113   1192.000   1177.408     3.4329     3.4325  32.480423  32.481433     2.1717   59.77488  -39.90655     4.9563         56 0.0000e+00
      31902   1329.221   1194.000   1179.378     3.4332     3.4329  32.481699  32.482650     2.1710   59.77488  -39.90654     4.9563         49 0.0000e+00
      31953   1331.339   1196.000   1181.348     3.4336     3.4332  32.482798  32.483793     2.1700   59.77488  -39.90655     4.9563         49 0.0000e+00
      31998   1333.190   1198.000   1183.317     3.4339     3.4335  32.484164  32.485077     2.1694   59.77488  -39.90656     4.9564         41 0.0000e+00
      32040   1334.958   1200.000   1185.287     3.4340     3.4337  32.485176  32.486271     2.1683   59.77488  -39.90656     4.9564         46 0.0000e+00
      32093   1337.150   1202.000   1187.257     3.4346     3.4343  32.486622  32.487574     2.1673   59.77488  -39.90654     4.9563         58 0.0000e+00
      32144   1339.308   1204.000   1189.227     3.4352     3.4347  32.488157  32.488931     2.1665   59.77487  -39.90654     4.9564         44 0.0000e+00
      32185   1340.979   1206.000   1191.197     3.4368     3.4365  32.490819  32.491764     2.1661   59.77488  -39.90656     4.9562         38 0.0000e+00
      32226   1342.721   1208.000   1193.167     3.4376     3.4372  32.492543  32.493477     2.1654   59.77487  -39.90656     4.9563         48 0.0000e+00
      32280   1344.938   1210.000   1195.136     3.4380     3.4376  32.493764  32.494746     2.1649   59.77486  -39.90656     4.9564         53 0.0000e+00
      32325   1346.836   1212.000   1197.106     3.4378     3.4374  32.494649  32.495647     2.1641   59.77488  -39.90654     4.9564         42 0.0000e+00
      32373   1348.822   1214.000   1199.076     3.4376     3.4373  32.495427  32.496385     2.1636   59.77486  -39.90656     4.9563         55 0.0000e+00
      32427   1351.097   1216.000   1201.046     3.4378     3.4374  32.496405  32.497372     2.1626   59.77486  -39.90656     4.9563         49 0.0000e+00
      32473   1352.984   1218.000   1203.015     3.4378     3.4374  32.497340  32.498233     2.1621   59.77486  -39.90654     4.9562         44 0.0000e+00
      32517   1354.837   1220.000   1204.985     3.4379     3.4376  32.498226  32.499209     2.1614   59.77486  -39.90655     4.9564         45 0.0000e+00
      32562   1356.724   1222.000   1206.955     3.4382     3.4379  32.499458  32.500504     2.1606   59.77486  -39.90656     4.9563         46 0.0000e+00
      32610   1358.688   1224.000   1208.924     3.4388     3.4384  32.501134  32.501870     2.1597   59.77486  -39.90656     4.9560         49 0.0000e+00
      32663   1360.922   1226.000   1210.894     3.4408     3.4404  32.504110  32.504996     2.1587   59.77486  -39.90654     4.9560         56 0.0000e+00
      32712   1362.976   1228.000   1212.863     3.4418     3.4413  32.506241  32.507059     2.1578   59.77486  -39.90654     4.9563         42 0.0000e+00
      32753   1364.677   1230.000   1214.833     3.4420     3.4416  32.507282  32.508294     2.1576   59.77486  -39.90655     4.9563         42 0.0000e+00
      32796   1366.439   1232.000   1216.803     3.4423     3.4419  32.508477  32.509442     2.1575   59.77486  -39.90656     4.9563         43 0.0000e+00
      32845   1368.505   1234.000   1218.772     3.4424     3.4421  32.509393  32.510359     2.1570   59.77486  -39.90654     4.9560         59 0.0000e+00
      32904   1370.968   1236.000   1220.742     3.4426     3.4422  32.510393  32.511349     2.1563   59.77486  -39.90654     4.9562         52 0.0000e+00
      32949   1372.853   1238.000   1222.711     3.4428     3.4425  32.511581  32.512517     2.1555   59.77486  -39.90654     4.9563         42 0.0000e+00
      32991   1374.597   1240.000   1224.681     3.4440     3.4436  32.513905  32.514809     2.1547   59.77486  -39.90654     4.9563         42 0.0000e+00
