Example_Files/SBE_Processing_Files/Processed_SBE_cast_files/downcasts/dar69-01_022.cnv
* Sea-Bird SBE 9 Data File:
* FileName = D:\data\ar69-01_022.hex
* Software Version Seasave V 7.26.7.107
* Temperature SN = 4491
* Conductivity SN = 3009
* Number of Bytes Per Scan = 44
* Number of Voltage Words = 5
* Number of Scans Averaged by the Deck Unit = 1
* NMEA Latitude = 59 55.83 N
* NMEA Longitude = 039 28.98 W
* NMEA UTC (Time) = Jul 12 2022  09:36:48
** Cruise ID: AR69-01
** Chief Sci:
** Station #: 022
** Site ID: OOI cal dip - CTDMOs (SUMO area)
# nquan = 14
# nvalues = 1315                        
# units = specified
# name 0 = scan: Scan Count
# name 1 = timeS: Time, Elapsed [seconds]
# name 2 = prDM: Pressure, Digiquartz [db]
# name 3 = depSM: Depth [salt water, m]
# name 4 = t090C: Temperature [ITS-90, deg C]
# name 5 = t190C: Temperature, 2 [ITS-90, deg C]
# name 6 = c0mS/cm: Conductivity [mS/cm]
# name 7 = c1mS/cm: Conductivity, 2 [mS/cm]
# name 8 = sbeox0V: Oxygen raw, SBE 43 [V]
# name 9 = latitude: Latitude [deg]
# name 10 = longitude: Longitude [deg]
# name 11 = v7: Voltage 7
# name 12 = nbin: number of scans per bin
# name 13 = flag: flag
# span 0 =        -46,      79548       
# span 1 =     -1.959,   3314.449       
# span 2 =     12.000,   2640.000       
# span 3 =     11.887,   2598.799       
# span 4 =     1.7251,     7.7932       
# span 5 =     1.7246,     7.7927       
# span 6 =  31.555306,  35.815939       
# span 7 =  31.554647,  35.816923       
# span 8 =     1.8568,     2.8319       
# span 9 =   59.93050,   59.93056       
# span 10 =  -39.48300,  -39.48288      
# span 11 =     4.9560,     4.9573      
# span 12 =          4,        135      
# span 13 = 0.0000e+00, 0.0000e+00      
# interval = decibars: 2                
# start_time = Jul 12 2022 09:36:48 [NMEA time, first data scan]
# bad_flag = -9.990e-29
*END*
[from data line 723]
      37097   1545.666   1458.000   1439.225     3.4714     3.4710  32.650825  32.651190     2.0600   59.93054  -39.48294     4.9567         56 0.0000e+00
      37148   1547.785   1460.000   1441.193     3.4707     3.4704  32.651278  32.651719     2.0591   59.93054  -39.48294     4.9568         42 0.0000e+00
      37186   1549.393   1462.000   1443.160     3.4692     3.4690  32.651194  32.651627     2.0584   59.93054  -39.48294     4.9567         38 0.0000e+00
      37232   1551.278   1464.000   1445.128     3.4693     3.4690  32.652281  32.652630     2.0579   59.93054  -39.48295     4.9569         55 0.0000e+00
      37286   1553.555   1466.000   1447.095     3.4690     3.4688  32.653044  32.653486     2.0570   59.93054  -39.48296     4.9568         49 0.0000e+00
      37333   1555.510   1468.000   1449.062     3.4678     3.4676  32.652984  32.653469     2.0560   59.93054  -39.48295     4.9568         50 0.0000e+00
      37386   1557.713   1470.000   1451.030     3.4675     3.4672  32.653810  32.654087     2.0554   59.93054  -39.48295     4.9568         51 0.0000e+00
      37433   1559.667   1472.000   1452.997     3.4677     3.4675  32.654899  32.655287     2.0549   59.93054  -39.48296     4.9568         44 0.0000e+00
      37476   1561.450   1474.000   1454.965     3.4679     3.4677  32.655982  32.656342     2.0543   59.93054  -39.48296     4.9568         42 0.0000e+00
      37517   1563.159   1476.000   1456.932     3.4684     3.4682  32.657368  32.657710     2.0543   59.93054  -39.48296     4.9568         41 0.0000e+00
      37563   1565.084   1478.000   1458.899     3.4695     3.4693  32.659569  32.659859     2.0534   59.93054  -39.48296     4.9568         57 0.0000e+00
      37631   1567.900   1480.000   1460.866     3.4700     3.4697  32.660764  32.661089     2.0520   59.93054  -39.48296     4.9567         61 0.0000e+00
      37674   1569.696   1482.000   1462.833     3.4704     3.4702  32.662243  32.662658     2.0513   59.93054  -39.48296     4.9568         36 0.0000e+00
      37711   1571.238   1484.000   1464.801     3.4704     3.4702  32.663259  32.663697     2.0506   59.93054  -39.48296     4.9569         41 0.0000e+00
      37760   1573.296   1486.000   1466.768     3.4692     3.4689  32.662954  32.663241     2.0497   59.93054  -39.48298     4.9567         54 0.0000e+00
      37809   1575.313   1488.000   1468.735     3.4672     3.4670  32.661842  32.662407     2.0490   59.93054  -39.48298     4.9568         44 0.0000e+00
      37857   1577.325   1490.000   1470.702     3.4659     3.4657  32.661742  32.662156     2.0488   59.93054  -39.48298     4.9568         53 0.0000e+00
      37907   1579.398   1492.000   1472.669     3.4658     3.4656  32.662716  32.663165     2.0483   59.93054  -39.48298     4.9568         45 0.0000e+00
      37950   1581.193   1494.000   1474.636     3.4657     3.4654  32.663512  32.663900     2.0475   59.93054  -39.48298     4.9568         44 0.0000e+00
      38002   1583.393   1496.000   1476.603     3.4654     3.4651  32.664162  32.664498     2.0467   59.93054  -39.48298     4.9568         63 0.0000e+00
      38059   1585.764   1498.000   1478.571     3.4652     3.4651  32.664955  32.665350     2.0461   59.93054  -39.48298     4.9567         44 0.0000e+00
      38100   1587.443   1500.000   1480.538     3.4649     3.4648  32.665566  32.666014     2.0454   59.93054  -39.48298     4.9567         42 0.0000e+00
      38145   1589.353   1502.000   1482.505     3.4643     3.4641  32.666091  32.666497     2.0447   59.93054  -39.48298     4.9569         46 0.0000e+00
      38188   1591.107   1504.000   1484.472     3.4639     3.4638  32.666858  32.667224     2.0436   59.93054  -39.48298     4.9567         40 0.0000e+00
      38232   1592.940   1506.000   1486.439     3.4639     3.4637  32.667706  32.668108     2.0428   59.93054  -39.48298     4.9568         53 0.0000e+00
      38289   1595.346   1508.000   1488.406     3.4640     3.4638  32.668696  32.669016     2.0420   59.93054  -39.48300     4.9568         53 0.0000e+00
      38336   1597.296   1510.000   1490.373     3.4638     3.4637  32.669534  32.669927     2.0413   59.93054  -39.48298     4.9568         46 0.0000e+00
      38388   1599.462   1512.000   1492.339     3.4638     3.4636  32.670307  32.670666     2.0410   59.93054  -39.48298     4.9567         57 0.0000e+00
      38440   1601.618   1514.000   1494.307     3.4631     3.4629  32.670715  32.671097     2.0405   59.93054  -39.48298     4.9567         45 0.0000e+00
      38482   1603.382   1516.000   1496.273     3.4620     3.4619  32.670882  32.671402     2.0397   59.93054  -39.48298     4.9568         42 0.0000e+00
      38525   1605.179   1518.000   1498.240     3.4613     3.4610  32.671235  32.671590     2.0391   59.93054  -39.48298     4.9568         45 0.0000e+00
      38571   1607.083   1520.000   1500.207     3.4605     3.4604  32.671535  32.671915     2.0387   59.93054  -39.48298     4.9567         45 0.0000e+00
      38614   1608.882   1522.000   1502.174     3.4600     3.4598  32.671837  32.672255     2.0381   59.93054  -39.48298     4.9568         43 0.0000e+00
      38670   1611.224   1524.000   1504.141     3.4583     3.4581  32.671299  32.671710     2.0373   59.93054  -39.48297     4.9567         68 0.0000e+00
      38726   1613.554   1526.000   1506.108     3.4575     3.4574  32.671687  32.672079     2.0365   59.93054  -39.48298     4.9568         40 0.0000e+00
      38762   1615.033   1528.000   1508.074     3.4571     3.4571  32.672247  32.672681     2.0361   59.93053  -39.48297     4.9568         36 0.0000e+00
      38807   1616.913   1530.000   1510.041     3.4565     3.4563  32.672521  32.672948     2.0353   59.93054  -39.48296     4.9567         57 0.0000e+00
      38863   1619.258   1532.000   1512.008     3.4551     3.4549  32.672231  32.672585     2.0347   59.93054  -39.48297     4.9567         47 0.0000e+00
      38904   1620.977   1534.000   1513.975     3.4543     3.4540  32.672435  32.672810     2.0338   59.93054  -39.48298     4.9568         42 0.0000e+00
      38959   1623.240   1536.000   1515.942     3.4529     3.4527  32.672127  32.672528     2.0325   59.93054  -39.48296     4.9568         63 0.0000e+00
      39012   1625.445   1538.000   1517.908     3.4524     3.4522  32.672600  32.672969     2.0320   59.93054  -39.48296     4.9568         41 0.0000e+00
      39048   1626.968   1540.000   1519.875     3.4519     3.4517  32.672971  32.673489     2.0320   59.93054  -39.48296     4.9567         35 0.0000e+00
      39085   1628.515   1542.000   1521.842     3.4513     3.4511  32.673417  32.673712     2.0319   59.93054  -39.48296     4.9567         42 0.0000e+00
      39138   1630.695   1544.000   1523.808     3.4509     3.4507  32.673939  32.674174     2.0312   59.93054  -39.48296     4.9568         59 0.0000e+00
      39191   1632.922   1546.000   1525.775     3.4507     3.4506  32.674612  32.675011     2.0304   59.93054  -39.48296     4.9569         51 0.0000e+00
      39249   1635.330   1548.000   1527.742     3.4501     3.4499  32.674942  32.675338     2.0297   59.93054  -39.48295     4.9567         60 0.0000e+00
      39296   1637.296   1550.000   1529.708     3.4493     3.4492  32.675282  32.675644     2.0294   59.93054  -39.48296     4.9568         36 0.0000e+00
      39331   1638.745   1552.000   1531.675     3.4491     3.4490  32.675926  32.676345     2.0291   59.93054  -39.48296     4.9568         36 0.0000e+00
      39374   1640.544   1554.000   1533.641     3.4482     3.4481  32.676154  32.676501     2.0282   59.93054  -39.48296     4.9567         51 0.0000e+00
      39426   1642.729   1556.000   1535.608     3.4483     3.4481  32.677080  32.677364     2.0273   59.93054  -39.48295     4.9568         51 0.0000e+00
      39479   1644.906   1558.000   1537.574     3.4478     3.4477  32.677474  32.678016     2.0265   59.93054  -39.48296     4.9568         55 0.0000e+00
      39531   1647.094   1560.000   1539.541     3.4452     3.4451  32.676276  32.676638     2.0259   59.93054  -39.48296     4.9567         47 0.0000e+00
      39574   1648.894   1562.000   1541.507     3.4443     3.4442  32.676392  32.676775     2.0251   59.93054  -39.48295     4.9567         42 0.0000e+00
      39619   1650.737   1564.000   1543.474     3.4437     3.4436  32.676781  32.677178     2.0245   59.93054  -39.48295     4.9568         49 0.0000e+00
      39668   1652.798   1566.000   1545.440     3.4428     3.4427  32.676900  32.677298     2.0238   59.93054  -39.48296     4.9567         45 0.0000e+00
      39711   1654.604   1568.000   1547.407     3.4421     3.4420  32.677198  32.677623     2.0234   59.93054  -39.48296     4.9567         46 0.0000e+00
      39764   1656.793   1570.000   1549.373     3.4416     3.4414  32.677525  32.677918     2.0228   59.93054  -39.48296     4.9568         56 0.0000e+00
      39814   1658.871   1572.000   1551.339     3.4406     3.4406  32.677644  32.678144     2.0221   59.93054  -39.48296     4.9567         44 0.0000e+00
      39858   1660.726   1574.000   1553.306     3.4385     3.4384  32.676835  32.677249     2.0217   59.93054  -39.48296     4.9566         47 0.0000e+00
      39907   1662.731   1576.000   1555.272     3.4373     3.4373  32.676719  32.677181     2.0208   59.93054  -39.48297     4.9567         48 0.0000e+00
      39955   1664.762   1578.000   1557.239     3.4351     3.4350  32.675629  32.676101     2.0201   59.93054  -39.48297     4.9568         50 0.0000e+00
      40005   1666.824   1580.000   1559.205     3.4323     3.4321  32.673769  32.674270     2.0191   59.93053  -39.48296     4.9566         49 0.0000e+00
      40054   1668.885   1582.000   1561.171     3.4314     3.4312  32.674132  32.674365     2.0183   59.93054  -39.48297     4.9567         48 0.0000e+00
      40097   1670.651   1584.000   1563.137     3.4301     3.4300  32.673984  32.674479     2.0177   59.93054  -39.48298     4.9568         38 0.0000e+00
      40136   1672.312   1586.000   1565.104     3.4258     3.4258  32.670788  32.671511     2.0175   59.93054  -39.48298     4.9568         44 0.0000e+00
      40190   1674.556   1588.000   1567.070     3.4193     3.4192  32.665654  32.666124     2.0166   59.93053  -39.48298     4.9567         61 0.0000e+00
      40247   1676.918   1590.000   1569.036     3.4178     3.4175  32.665434  32.665613     2.0155   59.93052  -39.48298     4.9568         52 0.0000e+00
      40295   1678.902   1592.000   1571.002     3.4156     3.4155  32.664045  32.664562     2.0154   59.93052  -39.48298     4.9566         43 0.0000e+00
      40336   1680.611   1594.000   1572.969     3.4132     3.4131  32.662497  32.662940     2.0152   59.93052  -39.48298     4.9567         41 0.0000e+00
      40381   1682.488   1596.000   1574.935     3.4121     3.4121  32.662324  32.662699     2.0152   59.93052  -39.48298     4.9568         50 0.0000e+00
      40433   1684.647   1598.000   1576.901     3.4116     3.4114  32.662596  32.662967     2.0150   59.93052  -39.48298     4.9569         51 0.0000e+00
      40484   1686.779   1600.000   1578.867     3.4107     3.4105  32.662607  32.662977     2.0143   59.93052  -39.48298     4.9569         52 0.0000e+00
      40531   1688.748   1602.000   1580.833     3.4094     3.4094  32.662314  32.662798     2.0139   59.93052  -39.48299     4.9566         42 0.0000e+00
      40572   1690.439   1604.000   1582.799     3.4062     3.4061  32.660277  32.660752     2.0134   59.93052  -39.48298     4.9567         42 0.0000e+00
      40617   1692.352   1606.000   1584.765     3.4044     3.4043  32.659560  32.660008     2.0133   59.93052  -39.48298     4.9568         48 0.0000e+00
      40662   1694.205   1608.000   1586.732     3.4039     3.4039  32.660004  32.660413     2.0129   59.93052  -39.48298     4.9567         41 0.0000e+00
      40713   1696.340   1610.000   1588.698     3.4035     3.4034  32.660468  32.660827     2.0118   59.93052  -39.48298     4.9568         67 0.0000e+00
      40775   1698.928   1612.000   1590.664     3.4017     3.4017  32.659719  32.660190     2.0112   59.93052  -39.48298     4.9568         46 0.0000e+00
      40814   1700.562   1614.000   1592.629     3.4003     3.4002  32.659453  32.659867     2.0108   59.93053  -39.48298     4.9567         39 0.0000e+00
      40858   1702.363   1616.000   1594.595     3.4003     3.4002  32.660389  32.660760     2.0102   59.93053  -39.48298     4.9567         49 0.0000e+00
      40908   1704.463   1618.000   1596.562     3.4003     3.4002  32.661167  32.661522     2.0095   59.93052  -39.48297     4.9566         48 0.0000e+00
      40952   1706.299   1620.000   1598.527     3.3997     3.3996  32.661544  32.662093     2.0090   59.93052  -39.48296     4.9568         40 0.0000e+00
      40992   1707.958   1622.000   1600.493     3.3991     3.3990  32.662070  32.662439     2.0084   59.93054  -39.48297     4.9567         42 0.0000e+00
      41045   1710.171   1624.000   1602.459     3.3997     3.3996  32.663736  32.664194     2.0078   59.93054  -39.48298     4.9567         64 0.0000e+00
      41100   1712.464   1626.000   1604.425     3.3986     3.3987  32.663834  32.664302     2.0071   59.93052  -39.48296     4.9567         44 0.0000e+00
      41142   1714.214   1628.000   1606.391     3.3981     3.3981  32.664234  32.664620     2.0066   59.93054  -39.48296     4.9567         42 0.0000e+00
      41187   1716.071   1630.000   1608.357     3.3965     3.3964  32.663711  32.664084     2.0057   59.93054  -39.48296     4.9567         48 0.0000e+00
      41240   1718.279   1632.000   1610.323     3.3964     3.3962  32.665042  32.665250     2.0045   59.93054  -39.48296     4.9567         55 0.0000e+00
      41289   1720.316   1634.000   1612.288     3.3968     3.3967  32.666496  32.666921     2.0037   59.93054  -39.48296     4.9567         41 0.0000e+00
      41324   1721.804   1636.000   1614.254     3.3962     3.3962  32.666969  32.667365     2.0033   59.93054  -39.48296     4.9568         34 0.0000e+00
      41365   1723.501   1638.000   1616.220     3.3959     3.3958  32.667807  32.668146     2.0030   59.93054  -39.48296     4.9567         54 0.0000e+00
      41435   1726.428   1640.000   1618.186     3.3961     3.3960  32.669133  32.669367     2.0015   59.93054  -39.48296     4.9567         65 0.0000e+00
      41478   1728.218   1642.000   1620.152     3.3976     3.3975  32.671780  32.672155     2.0008   59.93054  -39.48296     4.9567         34 0.0000e+00
      41510   1729.555   1644.000   1622.118     3.3971     3.3971  32.672178  32.672699     2.0004   59.93054  -39.48296     4.9567         32 0.0000e+00
      41551   1731.239   1646.000   1624.083     3.3971     3.3969  32.673128  32.673451     1.9997   59.93054  -39.48296     4.9566         56 0.0000e+00
      41618   1734.040   1648.000   1626.049     3.3958     3.3956  32.672713  32.673073     1.9988   59.93054  -39.48296     4.9567         58 0.0000e+00
      41659   1735.741   1650.000   1628.015     3.3943     3.3943  32.672435  32.672832     1.9988   59.93054  -39.48296     4.9568         36 0.0000e+00
      41694   1737.202   1652.000   1629.980     3.3891     3.3892  32.668162  32.669007     1.9989   59.93054  -39.48296     4.9568         37 0.0000e+00
      41746   1739.370   1654.000   1631.946     3.3845     3.3841  32.664432  32.664594     1.9984   59.93054  -39.48296     4.9567         68 0.0000e+00
      41804   1741.794   1656.000   1633.912     3.3793     3.3795  32.660103  32.660976     1.9981   59.93054  -39.48296     4.9567         42 0.0000e+00
      41846   1743.545   1658.000   1635.877     3.3753     3.3752  32.656909  32.657498     1.9978   59.93054  -39.48295     4.9566         47 0.0000e+00
      41895   1745.568   1660.000   1637.843     3.3737     3.3735  32.656287  32.656690     1.9973   59.93054  -39.48296     4.9567         47 0.0000e+00
