Example_Files/SBE_Processing_Files/Processed_SBE_cast_files/downcasts/dar69-01_006.cnv
* Sea-Bird SBE 9 Data File:
* FileName = D:\data\ar69-01_006.hex
* Software Version Seasave V 7.26.7.107
* Temperature SN = 4491
* Conductivity SN = 3009
* Number of Bytes Per Scan = 44
* Number of Voltage Words = 5
* Number of Scans Averaged by the Deck Unit = 1
* NMEA Latitude = 53 37.21 N
* NMEA Longitude = 045 39.53 W
* NMEA UTC (Time) = Jun 26 2022  10:51:22
** Cruise ID: AR69-01
** Chief Sci:
** Station #: 006
** Site ID: Transit - acoustic release test
# nquan = 14
# nvalues = 1524                        
# units = specified
# name 0 = scan: Scan Count
# name 1 = timeS: Time, Elapsed [seconds]
# name 2 = prDM: Pressure, Digiquartz [db]
# name 3 = depSM: Depth [salt water, m]
# name 4 = t090C: Temperature [ITS-90, deg C]
# name 5 = t190C: Temperature, 2 [ITS-90, deg C]
# name 6 = c0mS/cm: Conductivity [mS/cm]
# name 7 = c1mS/cm: Conductivity, 2 [mS/cm]
# name 8 = sbeox0V: Oxygen raw, SBE 43 [V]
# name 9 = latitude: Latitude [deg]
# name 10 = longitude: Longitude [deg]
# name 11 = v7: Voltage 7
# name 12 = nbin: number of scans per bin
# name 13 = flag: flag
# span 0 =       1051,      88465       
# span 1 =     43.752,   3685.998       
# span 2 =      4.000,   3050.000       
# span 3 =      3.964,   3001.157       
# span 4 =     2.6753,     9.2181       
# span 5 =     2.6756,     9.2169       
# span 6 =  32.441566,  36.965802       
# span 7 =  32.444591,  36.968150       
# span 8 =     1.7247,     2.8890       
# span 9 =   53.62022,   53.62026       
# span 10 =  -45.65882,  -45.65874      
# span 11 =     4.9560,     4.9576      
# span 12 =         23,        109      
# span 13 = 0.0000e+00, 0.0000e+00      
# interval = decibars: 2                
# start_time = Jun 26 2022 10:51:22 [NMEA time, first data scan]
# bad_flag = -9.990e-29
*END*
[from data line 517]
      29166   1215.204   1038.000   1026.203     3.7687     3.7680  32.729677  32.731272     2.1756   53.62023  -45.65879     4.9567         65 0.0000e+00
      29223   1217.601   1040.000   1028.175     3.7658     3.7652  32.727838  32.729448     2.1751   53.62022  -45.65880     4.9568         45 0.0000e+00
      29263   1219.267   1042.000   1030.148     3.7600     3.7596  32.723063  32.724975     2.1753   53.62024  -45.65879     4.9567         38 0.0000e+00
      29300   1220.782   1044.000   1032.120     3.7551     3.7532  32.718875  32.719499     2.1761   53.62024  -45.65878     4.9568         35 0.0000e+00
      29348   1222.797   1046.000   1034.092     3.7451     3.7442  32.709742  32.711043     2.1763   53.62023  -45.65879     4.9567         66 0.0000e+00
      29428   1226.112   1048.000   1036.065     3.7388     3.7381  32.704244  32.705757     2.1758   53.62023  -45.65879     4.9567         46 0.0000e+00
      29457   1227.350   1050.000   1038.037     3.7366     3.7360  32.703060  32.704548     2.1760   53.62024  -45.65878     4.9567         28 0.0000e+00
      29486   1228.522   1052.000   1040.009     3.7335     3.7329  32.700889  32.702538     2.1762   53.62024  -45.65878     4.9567         30 0.0000e+00
      29530   1230.364   1054.000   1041.982     3.7289     3.7287  32.697122  32.699215     2.1768   53.62023  -45.65879     4.9567         66 0.0000e+00
      29597   1233.175   1056.000   1043.954     3.7116     3.7109  32.680788  32.682399     2.1783   53.62024  -45.65879     4.9566         54 0.0000e+00
      29643   1235.100   1058.000   1045.926     3.7055     3.7048  32.675513  32.676966     2.1787   53.62024  -45.65878     4.9567         44 0.0000e+00
      29688   1236.950   1060.000   1047.898     3.7041     3.7035  32.675085  32.676626     2.1789   53.62023  -45.65879     4.9567         45 0.0000e+00
      29734   1238.877   1062.000   1049.870     3.7013     3.7007  32.673250  32.674769     2.1788   53.62023  -45.65880     4.9567         47 0.0000e+00
      29780   1240.803   1064.000   1051.843     3.6977     3.6971  32.670706  32.672192     2.1784   53.62024  -45.65878     4.9567         44 0.0000e+00
      29823   1242.600   1066.000   1053.815     3.6959     3.6953  32.669992  32.671489     2.1777   53.62024  -45.65878     4.9567         45 0.0000e+00
      29873   1244.656   1068.000   1055.787     3.6942     3.6936  32.669295  32.670783     2.1777   53.62024  -45.65879     4.9567         54 0.0000e+00
      29929   1246.988   1070.000   1057.759     3.6930     3.6923  32.669053  32.670436     2.1778   53.62022  -45.65880     4.9567         53 0.0000e+00
      29974   1248.858   1072.000   1059.731     3.6916     3.6910  32.668590  32.669992     2.1778   53.62024  -45.65878     4.9567         38 0.0000e+00
      30008   1250.298   1074.000   1061.703     3.6911     3.6905  32.669108  32.670482     2.1781   53.62024  -45.65877     4.9566         33 0.0000e+00
      30043   1251.732   1076.000   1063.675     3.6898     3.6892  32.668617  32.670067     2.1779   53.62024  -45.65877     4.9568         41 0.0000e+00
      30142   1255.892   1078.000   1065.647     3.6893     3.6881  32.668869  32.669764     2.1768   53.62024  -45.65880     4.9567         50 0.0000e+00
      30174   1257.193   1080.000   1067.619     3.6842     3.6837  32.664981  32.666650     2.1770   53.62024  -45.65878     4.9566         25 0.0000e+00
      30198   1258.190   1082.000   1069.591     3.6833     3.6828  32.665012  32.666415     2.1772   53.62024  -45.65878     4.9565         25 0.0000e+00
      30229   1259.480   1084.000   1071.563     3.6832     3.6826  32.665725  32.667178     2.1772   53.62024  -45.65878     4.9566         43 0.0000e+00
      30328   1263.621   1086.000   1073.535     3.6839     3.6835  32.667234  32.668755     2.1761   53.62024  -45.65878     4.9567         49 0.0000e+00
      30358   1264.867   1088.000   1075.507     3.6829     3.6824  32.667420  32.668715     2.1755   53.62024  -45.65878     4.9568         32 0.0000e+00
      30391   1266.248   1090.000   1077.479     3.6827     3.6821  32.668021  32.669407     2.1748   53.62024  -45.65878     4.9567         36 0.0000e+00
      30437   1268.150   1092.000   1079.451     3.6820     3.6814  32.668194  32.669632     2.1741   53.62024  -45.65878     4.9567         57 0.0000e+00
      30491   1270.404   1094.000   1081.422     3.6812     3.6806  32.668469  32.669750     2.1736   53.62024  -45.65878     4.9567         45 0.0000e+00
      30531   1272.089   1096.000   1083.394     3.6840     3.6829  32.672383  32.673002     2.1728   53.62024  -45.65878     4.9567         43 0.0000e+00
      30591   1274.602   1098.000   1085.366     3.6856     3.6849  32.674900  32.676203     2.1724   53.62023  -45.65878     4.9567         68 0.0000e+00
      30641   1276.661   1100.000   1087.338     3.6781     3.6773  32.668227  32.669744     2.1728   53.62024  -45.65878     4.9567         36 0.0000e+00
      30678   1278.196   1102.000   1089.310     3.6727     3.6725  32.663572  32.665587     2.1729   53.62024  -45.65876     4.9566         39 0.0000e+00
      30721   1279.999   1104.000   1091.282     3.6706     3.6700  32.662296  32.663783     2.1726   53.62024  -45.65877     4.9567         49 0.0000e+00
      30785   1282.661   1106.000   1093.253     3.6704     3.6698  32.662921  32.664384     2.1725   53.62023  -45.65878     4.9567         71 0.0000e+00
      30836   1284.793   1108.000   1095.225     3.6699     3.6694  32.663316  32.664855     2.1729   53.62024  -45.65877     4.9566         34 0.0000e+00
      30866   1286.055   1110.000   1097.197     3.6642     3.6637  32.658451  32.660355     2.1733   53.62024  -45.65876     4.9566         30 0.0000e+00
      30900   1287.453   1112.000   1099.168     3.6588     3.6582  32.654082  32.655580     2.1732   53.62024  -45.65876     4.9567         42 0.0000e+00
      30982   1290.863   1114.000   1101.140     3.6593     3.6581  32.655300  32.656144     2.1721   53.62023  -45.65878     4.9567         56 0.0000e+00
      31026   1292.700   1116.000   1103.112     3.6588     3.6582  32.655971  32.657156     2.1707   53.62024  -45.65876     4.9567         30 0.0000e+00
      31054   1293.891   1118.000   1105.083     3.6710     3.6704  32.670144  32.670734     2.1697   53.62024  -45.65876     4.9568         30 0.0000e+00
      31092   1295.466   1120.000   1107.055     3.6710     3.6706  32.670678  32.672251     2.1689   53.62024  -45.65877     4.9567         52 0.0000e+00
      31175   1298.903   1122.000   1109.027     3.6658     3.6656  32.666183  32.668272     2.1683   53.62024  -45.65877     4.9567         56 0.0000e+00
      31212   1300.450   1124.000   1110.998     3.6574     3.6570  32.658822  32.660588     2.1692   53.62024  -45.65876     4.9567         34 0.0000e+00
      31246   1301.874   1126.000   1112.970     3.6538     3.6534  32.655986  32.657749     2.1695   53.62024  -45.65876     4.9567         37 0.0000e+00
      31294   1303.868   1128.000   1114.941     3.6516     3.6506  32.654598  32.655682     2.1694   53.62024  -45.65878     4.9566         61 0.0000e+00
      31353   1306.345   1130.000   1116.913     3.6461     3.6453  32.649916  32.651296     2.1695   53.62024  -45.65878     4.9567         48 0.0000e+00
      31394   1308.055   1132.000   1118.885     3.6430     3.6425  32.647776  32.649257     2.1697   53.62024  -45.65876     4.9566         41 0.0000e+00
      31443   1310.066   1134.000   1120.856     3.6371     3.6367  32.642780  32.644685     2.1703   53.62024  -45.65876     4.9566         55 0.0000e+00
      31491   1312.102   1136.000   1122.827     3.6283     3.6275  32.634899  32.636053     2.1702   53.62024  -45.65878     4.9567         40 0.0000e+00
      31530   1313.706   1138.000   1124.799     3.6330     3.6315  32.640935  32.640832     2.1694   53.62024  -45.65878     4.9566         41 0.0000e+00
      31578   1315.704   1140.000   1126.770     3.6379     3.6371  32.646851  32.648168     2.1689   53.62024  -45.65877     4.9567         54 0.0000e+00
      31639   1318.261   1142.000   1128.742     3.6316     3.6309  32.641329  32.642832     2.1691   53.62024  -45.65878     4.9568         68 0.0000e+00
      31697   1320.675   1144.000   1130.713     3.6242     3.6241  32.634747  32.636742     2.1689   53.62024  -45.65878     4.9567         42 0.0000e+00
      31731   1322.092   1146.000   1132.684     3.6222     3.6216  32.633508  32.634934     2.1688   53.62024  -45.65878     4.9568         31 0.0000e+00
      31763   1323.401   1148.000   1134.656     3.6238     3.6230  32.636333  32.637172     2.1684   53.62024  -45.65878     4.9567         34 0.0000e+00
      31816   1325.622   1150.000   1136.627     3.6266     3.6261  32.640078  32.641501     2.1677   53.62023  -45.65878     4.9567         79 0.0000e+00
      31886   1328.561   1152.000   1138.598     3.6255     3.6248  32.639931  32.641358     2.1674   53.62022  -45.65878     4.9568         47 0.0000e+00
      31924   1330.136   1154.000   1140.570     3.6243     3.6238  32.639767  32.641119     2.1673   53.62022  -45.65878     4.9568         34 0.0000e+00
      31957   1331.488   1156.000   1142.541     3.6250     3.6245  32.641445  32.642855     2.1669   53.62022  -45.65878     4.9567         33 0.0000e+00
      32006   1333.521   1158.000   1144.512     3.6278     3.6273  32.645142  32.646555     2.1657   53.62022  -45.65878     4.9567         75 0.0000e+00
      32075   1336.416   1160.000   1146.483     3.6272     3.6263  32.645561  32.646665     2.1650   53.62022  -45.65878     4.9567         41 0.0000e+00
      32108   1337.803   1162.000   1148.455     3.6236     3.6230  32.642888  32.644292     2.1647   53.62022  -45.65880     4.9567         35 0.0000e+00
      32153   1339.675   1164.000   1150.426     3.6226     3.6221  32.642715  32.644151     2.1643   53.62022  -45.65879     4.9568         56 0.0000e+00
      32206   1341.870   1166.000   1152.397     3.6224     3.6218  32.643485  32.644864     2.1643   53.62022  -45.65878     4.9567         43 0.0000e+00
      32248   1343.617   1168.000   1154.368     3.6226     3.6220  32.644550  32.645931     2.1641   53.62022  -45.65879     4.9567         47 0.0000e+00
      32304   1345.966   1170.000   1156.340     3.6224     3.6219  32.645281  32.646618     2.1637   53.62022  -45.65880     4.9567         61 0.0000e+00
      32354   1348.032   1172.000   1158.311     3.6213     3.6208  32.645086  32.646605     2.1629   53.62022  -45.65880     4.9568         38 0.0000e+00
      32388   1349.479   1174.000   1160.282     3.6207     3.6201  32.645534  32.646884     2.1624   53.62022  -45.65878     4.9567         34 0.0000e+00
      32428   1351.133   1176.000   1162.253     3.6234     3.6228  32.649199  32.650467     2.1621   53.62022  -45.65878     4.9567         49 0.0000e+00
      32485   1353.499   1178.000   1164.224     3.6254     3.6249  32.652143  32.653706     2.1611   53.62022  -45.65880     4.9567         58 0.0000e+00
      32540   1355.774   1180.000   1166.195     3.6226     3.6220  32.650191  32.651527     2.1594   53.62022  -45.65880     4.9566         54 0.0000e+00
      32592   1357.945   1182.000   1168.166     3.6330     3.6323  32.662233  32.662838     2.1579   53.62022  -45.65880     4.9566         47 0.0000e+00
      32632   1359.613   1184.000   1170.137     3.6406     3.6400  32.670938  32.672133     2.1575   53.62022  -45.65878     4.9567         35 0.0000e+00
      32665   1361.008   1186.000   1172.108     3.6409     3.6403  32.671956  32.673288     2.1569   53.62022  -45.65879     4.9567         36 0.0000e+00
      32728   1363.645   1188.000   1174.079     3.6411     3.6404  32.672833  32.674169     2.1560   53.62022  -45.65880     4.9567         68 0.0000e+00
      32787   1366.063   1190.000   1176.050     3.6361     3.6361  32.668741  32.670940     2.1560   53.62022  -45.65880     4.9565         33 0.0000e+00
      32817   1367.343   1192.000   1178.021     3.6317     3.6312  32.665196  32.666748     2.1563   53.62022  -45.65880     4.9567         32 0.0000e+00
      32855   1368.899   1194.000   1179.992     3.6243     3.6237  32.658423  32.660039     2.1567   53.62022  -45.65880     4.9567         48 0.0000e+00
      32918   1371.534   1196.000   1181.963     3.6234     3.6226  32.658609  32.659502     2.1557   53.62022  -45.65880     4.9567         62 0.0000e+00
      32966   1373.552   1198.000   1183.934     3.6282     3.6279  32.664599  32.666204     2.1550   53.62022  -45.65880     4.9567         47 0.0000e+00
      33012   1375.474   1200.000   1185.905     3.6271     3.6266  32.664565  32.665850     2.1546   53.62022  -45.65880     4.9568         41 0.0000e+00
      33047   1376.934   1202.000   1187.876     3.6262     3.6256  32.664407  32.665842     2.1542   53.62022  -45.65880     4.9568         32 0.0000e+00
      33102   1379.188   1204.000   1189.847     3.6238     3.6229  32.662796  32.663863     2.1536   53.62022  -45.65880     4.9566         56 0.0000e+00
      33169   1381.998   1206.000   1191.817     3.6237     3.6231  32.663700  32.664950     2.1539   53.62022  -45.65880     4.9567         29 0.0000e+00
      33197   1383.158   1208.000   1193.788     3.6202     3.6199  32.660882  32.662949     2.1541   53.62022  -45.65880     4.9567         32 0.0000e+00
      33245   1385.180   1210.000   1195.759     3.6116     3.6112  32.653007  32.654748     2.1546   53.62022  -45.65878     4.9567         66 0.0000e+00
      33298   1387.377   1212.000   1197.730     3.6051     3.6045  32.647434  32.648878     2.1547   53.62022  -45.65878     4.9566         35 0.0000e+00
      33332   1388.791   1214.000   1199.700     3.6007     3.6003  32.643901  32.645598     2.1544   53.62022  -45.65878     4.9566         37 0.0000e+00
      33386   1391.054   1216.000   1201.671     3.5988     3.5983  32.642722  32.644228     2.1543   53.62022  -45.65878     4.9567         71 0.0000e+00
      33446   1393.560   1218.000   1203.642     3.5971     3.5966  32.642028  32.643455     2.1545   53.62022  -45.65878     4.9567         46 0.0000e+00
      33489   1395.321   1220.000   1205.612     3.5964     3.5961  32.642256  32.644084     2.1550   53.62022  -45.65879     4.9567         40 0.0000e+00
      33527   1396.927   1222.000   1207.583     3.5884     3.5879  32.635255  32.636918     2.1556   53.62022  -45.65878     4.9567         37 0.0000e+00
      33568   1398.638   1224.000   1209.554     3.5861     3.5856  32.633824  32.635259     2.1553   53.62022  -45.65878     4.9567         52 0.0000e+00
      33638   1401.523   1226.000   1211.525     3.5855     3.5849  32.634004  32.635400     2.1543   53.62022  -45.65879     4.9566         65 0.0000e+00
      33681   1403.315   1228.000   1213.495     3.5843     3.5840  32.633799  32.635413     2.1542   53.62022  -45.65878     4.9567         37 0.0000e+00
      33722   1405.060   1230.000   1215.466     3.5817     3.5816  32.632062  32.633977     2.1538   53.62022  -45.65878     4.9567         49 0.0000e+00
      33775   1407.263   1232.000   1217.436     3.5787     3.5781  32.629913  32.631289     2.1537   53.62022  -45.65878     4.9566         49 0.0000e+00
      33815   1408.917   1234.000   1219.407     3.5780     3.5774  32.630106  32.631419     2.1539   53.62022  -45.65878     4.9566         34 0.0000e+00
      33850   1410.364   1236.000   1221.377     3.5792     3.5786  32.632351  32.633335     2.1535   53.62023  -45.65878     4.9567         38 0.0000e+00
      33917   1413.164   1238.000   1223.348     3.5846     3.5844  32.639083  32.640538     2.1514   53.62022  -45.65878     4.9566         64 0.0000e+00
      33975   1415.591   1240.000   1225.318     3.5918     3.5914  32.647671  32.648972     2.1499   53.62022  -45.65878     4.9566         29 0.0000e+00
