Example_Files/SBE_Processing_Files/Processed_SBE_cast_files/downcasts/dar69-01_022.cnv
* Sea-Bird SBE 9 Data File:
* FileName = D:\data\ar69-01_022.hex
* Software Version Seasave V 7.26.7.107
* Temperature SN = 4491
* Conductivity SN = 3009
* Number of Bytes Per Scan = 44
* Number of Voltage Words = 5
* Number of Scans Averaged by the Deck Unit = 1
* NMEA Latitude = 59 55.83 N
* NMEA Longitude = 039 28.98 W
* NMEA UTC (Time) = Jul 12 2022  09:36:48
** Cruise ID: AR69-01
** Chief Sci:
** Station #: 022
** Site ID: OOI cal dip - CTDMOs (SUMO area)
# nquan = 14
# nvalues = 1315                        
# units = specified
# name 0 = scan: Scan Count
# name 1 = timeS: Time, Elapsed [seconds]
# name 2 = prDM: Pressure, Digiquartz [db]
# name 3 = depSM: Depth [salt water, m]
# name 4 = t090C: Temperature [ITS-90, deg C]
# name 5 = t190C: Temperature, 2 [ITS-90, deg C]
# name 6 = c0mS/cm: Conductivity [mS/cm]
# name 7 = c1mS/cm: Conductivity, 2 [mS/cm]
# name 8 = sbeox0V: Oxygen raw, SBE 43 [V]
# name 9 = latitude: Latitude [deg]
# name 10 = longitude: Longitude [deg]
# name 11 = v7: Voltage 7
# name 12 = nbin: number of scans per bin
# name 13 = flag: flag
# span 0 =        -46,      79548       
# span 1 =     -1.959,   3314.449       
# span 2 =     12.000,   2640.000       
# span 3 =     11.887,   2598.799       
# span 4 =     1.7251,     7.7932       
# span 5 =     1.7246,     7.7927       
# span 6 =  31.555306,  35.815939       
# span 7 =  31.554647,  35.816923       
# span 8 =     1.8568,     2.8319       
# span 9 =   59.93050,   59.93056       
# span 10 =  -39.48300,  -39.48288      
# span 11 =     4.9560,     4.9573      
# span 12 =          4,        135      
# span 13 = 0.0000e+00, 0.0000e+00      
# interval = decibars: 2                
# start_time = Jul 12 2022 09:36:48 [NMEA time, first data scan]
# bad_flag = -9.990e-29
*END*
[from data line 1136]
      56669   2361.168   2284.000   2250.218     2.8149     2.8151  32.414396  32.414614     1.8631   59.93052  -39.48292     4.9566         47 0.0000e+00
      56710   2362.861   2286.000   2252.178     2.8124     2.8127  32.412977  32.413273     1.8629   59.93052  -39.48292     4.9567         39 0.0000e+00
      56758   2364.869   2288.000   2254.138     2.8111     2.8113  32.412506  32.412710     1.8626   59.93052  -39.48293     4.9566         63 0.0000e+00
      56823   2367.575   2290.000   2256.098     2.8093     2.8095  32.411680  32.411973     1.8623   59.93052  -39.48293     4.9566         51 0.0000e+00
      56861   2369.185   2292.000   2258.058     2.8090     2.8092  32.412542  32.412684     1.8617   59.93052  -39.48294     4.9566         36 0.0000e+00
      56899   2370.741   2294.000   2260.017     2.8084     2.8087  32.413046  32.413417     1.8612   59.93052  -39.48292     4.9566         41 0.0000e+00
      56951   2372.930   2296.000   2261.977     2.8069     2.8071  32.412689  32.412924     1.8602   59.93052  -39.48292     4.9566         61 0.0000e+00
      57003   2375.089   2298.000   2263.937     2.8047     2.8050  32.411658  32.411916     1.8596   59.93052  -39.48294     4.9567         40 0.0000e+00
      57038   2376.545   2300.000   2265.897     2.8029     2.8032  32.410793  32.411118     1.8596   59.93052  -39.48294     4.9566         34 0.0000e+00
      57082   2378.388   2302.000   2267.857     2.8008     2.8011  32.409405  32.409789     1.8592   59.93052  -39.48294     4.9567         63 0.0000e+00
      57152   2381.296   2304.000   2269.816     2.7972     2.7976  32.406826  32.407163     1.8583   59.93052  -39.48294     4.9567         55 0.0000e+00
      57192   2382.954   2306.000   2271.776     2.7961     2.7963  32.406552  32.406757     1.8582   59.93052  -39.48294     4.9567         37 0.0000e+00
      57231   2384.604   2308.000   2273.736     2.7951     2.7955  32.406344  32.406817     1.8580   59.93052  -39.48294     4.9566         43 0.0000e+00
      57278   2386.533   2310.000   2275.695     2.7908     2.7912  32.402943  32.403310     1.8580   59.93052  -39.48295     4.9566         50 0.0000e+00
      57331   2388.754   2312.000   2277.655     2.7817     2.7820  32.394973  32.395404     1.8578   59.93052  -39.48295     4.9565         55 0.0000e+00
      57381   2390.830   2314.000   2279.615     2.7765     2.7768  32.390785  32.391134     1.8576   59.93052  -39.48294     4.9565         43 0.0000e+00
      57420   2392.455   2316.000   2281.574     2.7742     2.7745  32.389226  32.389657     1.8579   59.93052  -39.48295     4.9566         37 0.0000e+00
      57462   2394.194   2318.000   2283.534     2.7636     2.7641  32.379334  32.380477     1.8586   59.93052  -39.48295     4.9566         50 0.0000e+00
      57522   2396.727   2320.000   2285.494     2.7455     2.7453  32.362299  32.362110     1.8598   59.93052  -39.48294     4.9566         60 0.0000e+00
      57567   2398.578   2322.000   2287.453     2.7388     2.7385  32.356365  32.356123     1.8611   59.93052  -39.48295     4.9566         35 0.0000e+00
      57602   2400.032   2324.000   2289.413     2.7347     2.7349  32.352980  32.353622     1.8617   59.93052  -39.48296     4.9566         38 0.0000e+00
      57657   2402.338   2326.000   2291.372     2.7295     2.7299  32.349212  32.349510     1.8616   59.93052  -39.48294     4.9567         79 0.0000e+00
      57726   2405.206   2328.000   2293.332     2.7294     2.7302  32.350199  32.351518     1.8613   59.93052  -39.48294     4.9566         44 0.0000e+00
      57761   2406.653   2330.000   2295.292     2.7205     2.7207  32.343352  32.343041     1.8610   59.93052  -39.48294     4.9566         32 0.0000e+00
      57793   2408.004   2332.000   2297.251     2.7264     2.7268  32.350312  32.350541     1.8604   59.93052  -39.48294     4.9566         34 0.0000e+00
      57837   2409.829   2334.000   2299.210     2.7305     2.7307  32.355423  32.355521     1.8593   59.93052  -39.48294     4.9566         58 0.0000e+00
      57899   2412.416   2336.000   2301.170     2.7313     2.7318  32.357316  32.357966     1.8579   59.93052  -39.48294     4.9565         54 0.0000e+00
      57942   2414.221   2338.000   2303.129     2.7227     2.7231  32.349634  32.350207     1.8578   59.93052  -39.48294     4.9566         39 0.0000e+00
      57984   2415.957   2340.000   2305.089     2.7082     2.7081  32.335909  32.336273     1.8580   59.93052  -39.48294     4.9565         50 0.0000e+00
      58045   2418.512   2342.000   2307.048     2.6948     2.6953  32.323226  32.323951     1.8594   59.93052  -39.48293     4.9567         59 0.0000e+00
      58087   2420.268   2344.000   2309.008     2.6718     2.6725  32.300895  32.302507     1.8612   59.93054  -39.48292     4.9566         33 0.0000e+00
      58121   2421.647   2346.000   2310.967     2.6576     2.6579  32.288119  32.288721     1.8623   59.93054  -39.48293     4.9566         35 0.0000e+00
      58168   2423.640   2348.000   2312.926     2.6537     2.6540  32.285470  32.285788     1.8633   59.93054  -39.48293     4.9567         70 0.0000e+00
      58243   2426.738   2350.000   2314.886     2.6509     2.6512  32.283636  32.283926     1.8635   59.93054  -39.48292     4.9566         55 0.0000e+00
      58280   2428.305   2352.000   2316.845     2.6491     2.6495  32.282920  32.283258     1.8638   59.93054  -39.48294     4.9565         33 0.0000e+00
      58315   2429.747   2354.000   2318.804     2.6439     2.6446  32.278509  32.279564     1.8640   59.93054  -39.48294     4.9566         38 0.0000e+00
      58361   2431.672   2356.000   2320.764     2.6266     2.6272  32.262585  32.263394     1.8644   59.93054  -39.48292     4.9566         56 0.0000e+00
      58417   2434.017   2358.000   2322.722     2.6204     2.6210  32.257381  32.258262     1.8653   59.93054  -39.48292     4.9566         50 0.0000e+00
      58459   2435.754   2360.000   2324.682     2.6083     2.6087  32.246815  32.247199     1.8661   59.93054  -39.48292     4.9566         37 0.0000e+00
      58499   2437.430   2362.000   2326.641     2.6029     2.6032  32.242730  32.243115     1.8663   59.93054  -39.48292     4.9566         47 0.0000e+00
      58560   2439.947   2364.000   2328.600     2.6007     2.6009  32.241697  32.241708     1.8662   59.93054  -39.48292     4.9566         63 0.0000e+00
      58607   2441.914   2366.000   2330.559     2.6037     2.6040  32.246092  32.246292     1.8652   59.93054  -39.48292     4.9566         37 0.0000e+00
      58646   2443.531   2368.000   2332.519     2.6106     2.6104  32.254684  32.253857     1.8637   59.93054  -39.48292     4.9566         45 0.0000e+00
      58700   2445.801   2370.000   2334.478     2.6188     2.6189  32.264571  32.264628     1.8617   59.93054  -39.48292     4.9566         58 0.0000e+00
      58748   2447.798   2372.000   2336.437     2.6181     2.6184  32.264989  32.265201     1.8600   59.93054  -39.48292     4.9566         41 0.0000e+00
      58791   2449.565   2374.000   2338.397     2.6186     2.6189  32.266492  32.266665     1.8585   59.93054  -39.48292     4.9565         46 0.0000e+00
      58842   2451.700   2376.000   2340.355     2.6182     2.6185  32.266896  32.267138     1.8571   59.93054  -39.48292     4.9566         53 0.0000e+00
      58888   2453.633   2378.000   2342.314     2.6105     2.6107  32.260254  32.260690     1.8568   59.93054  -39.48292     4.9566         40 0.0000e+00
      58926   2455.210   2380.000   2344.273     2.5987     2.5990  32.249374  32.249994     1.8573   59.93054  -39.48292     4.9565         38 0.0000e+00
      58971   2457.088   2382.000   2346.232     2.5837     2.5842  32.235137  32.236019     1.8581   59.93054  -39.48292     4.9566         56 0.0000e+00
      59035   2459.736   2384.000   2348.192     2.5714     2.5717  32.223760  32.224302     1.8601   59.93054  -39.48292     4.9565         59 0.0000e+00
      59080   2461.605   2386.000   2350.150     2.5576     2.5576  32.210628  32.210976     1.8617   59.93054  -39.48292     4.9564         37 0.0000e+00
      59119   2463.229   2388.000   2352.109     2.5538     2.5545  32.207660  32.208320     1.8619   59.93054  -39.48292     4.9565         45 0.0000e+00
      59175   2465.568   2390.000   2354.069     2.5531     2.5535  32.207624  32.208091     1.8632   59.93054  -39.48292     4.9564         61 0.0000e+00
      59224   2467.634   2392.000   2356.027     2.5142     2.5152  32.169298  32.172020     1.8660   59.93054  -39.48292     4.9564         39 0.0000e+00
      59262   2469.191   2394.000   2357.986     2.4936     2.4946  32.149706  32.151464     1.8688   59.93054  -39.48293     4.9565         39 0.0000e+00
      59304   2470.970   2396.000   2359.945     2.4654     2.4670  32.122252  32.125010     1.8726   59.93054  -39.48292     4.9566         47 0.0000e+00
      59357   2473.184   2398.000   2361.904     2.4317     2.4314  32.089573  32.089890     1.8772   59.93054  -39.48292     4.9566         60 0.0000e+00
      59417   2475.656   2400.000   2363.863     2.4196     2.4199  32.078378  32.079149     1.8816   59.93054  -39.48292     4.9564         52 0.0000e+00
      59460   2477.451   2402.000   2365.822     2.4045     2.4045  32.064335  32.064645     1.8840   59.93054  -39.48294     4.9563         39 0.0000e+00
      59500   2479.130   2404.000   2367.781     2.3982     2.3985  32.059011  32.059517     1.8858   59.93054  -39.48294     4.9566         43 0.0000e+00
      59546   2481.043   2406.000   2369.740     2.3957     2.3956  32.057475  32.057485     1.8876   59.93054  -39.48294     4.9566         47 0.0000e+00
      59594   2483.042   2408.000   2371.698     2.3908     2.3910  32.053632  32.053927     1.8884   59.93053  -39.48294     4.9566         50 0.0000e+00
      59649   2485.317   2410.000   2373.657     2.3897     2.3899  32.053976  32.054162     1.8885   59.93052  -39.48294     4.9565         57 0.0000e+00
      59700   2487.454   2412.000   2375.616     2.3883     2.3885  32.053973  32.054247     1.8883   59.93054  -39.48295     4.9565         45 0.0000e+00
      59742   2489.216   2414.000   2377.575     2.3875     2.3878  32.054534  32.054772     1.8880   59.93054  -39.48297     4.9565         42 0.0000e+00
      59787   2491.083   2416.000   2379.533     2.3872     2.3875  32.055179  32.055519     1.8876   59.93053  -39.48296     4.9564         47 0.0000e+00
      59836   2493.112   2418.000   2381.492     2.3861     2.3864  32.054982  32.055200     1.8874   59.93052  -39.48295     4.9563         50 0.0000e+00
      59887   2495.240   2420.000   2383.451     2.3851     2.3854  32.054977  32.055130     1.8868   59.93052  -39.48296     4.9565         53 0.0000e+00
      59937   2497.332   2422.000   2385.410     2.3846     2.3849  32.055311  32.055553     1.8860   59.93052  -39.48296     4.9565         44 0.0000e+00
      59976   2498.973   2424.000   2387.368     2.3782     2.3786  32.049816  32.050731     1.8860   59.93052  -39.48298     4.9564         38 0.0000e+00
      60017   2500.674   2426.000   2389.327     2.3645     2.3649  32.037692  32.038237     1.8865   59.93052  -39.48298     4.9565         47 0.0000e+00
      60077   2503.166   2428.000   2391.286     2.3622     2.3625  32.036394  32.036581     1.8868   59.93052  -39.48296     4.9565         66 0.0000e+00
      60132   2505.473   2430.000   2393.244     2.3614     2.3618  32.036500  32.036781     1.8869   59.93052  -39.48298     4.9566         44 0.0000e+00
      60173   2507.151   2432.000   2395.203     2.3583     2.3586  32.034476  32.034729     1.8868   59.93052  -39.48298     4.9567         40 0.0000e+00
      60215   2508.907   2434.000   2397.161     2.3579     2.3581  32.034815  32.035031     1.8868   59.93052  -39.48298     4.9565         46 0.0000e+00
      60264   2510.974   2436.000   2399.120     2.3574     2.3576  32.035184  32.035408     1.8866   59.93052  -39.48298     4.9565         53 0.0000e+00
      60316   2513.126   2438.000   2401.079     2.3547     2.3551  32.033548  32.033940     1.8864   59.93052  -39.48296     4.9565         47 0.0000e+00
      60360   2514.950   2440.000   2403.037     2.3528     2.3531  32.032730  32.033002     1.8860   59.93052  -39.48296     4.9564         43 0.0000e+00
      60405   2516.816   2442.000   2404.996     2.3515     2.3518  32.032423  32.032680     1.8856   59.93052  -39.48296     4.9565         47 0.0000e+00
      60453   2518.830   2444.000   2406.954     2.3496     2.3499  32.032052  32.032215     1.8844   59.93052  -39.48296     4.9564         49 0.0000e+00
      60503   2520.908   2446.000   2408.912     2.3512     2.3513  32.035883  32.035767     1.8819   59.93052  -39.48296     4.9565         49 0.0000e+00
      60548   2522.805   2448.000   2410.871     2.3577     2.3579  32.044470  32.044663     1.8797   59.93052  -39.48296     4.9565         43 0.0000e+00
      60592   2524.632   2450.000   2412.829     2.3478     2.3480  32.036262  32.036915     1.8787   59.93052  -39.48296     4.9565         48 0.0000e+00
      60647   2526.930   2452.000   2414.788     2.3310     2.3311  32.021090  32.021360     1.8781   59.93052  -39.48296     4.9564         59 0.0000e+00
      60700   2529.135   2454.000   2416.746     2.3236     2.3237  32.015142  32.015292     1.8769   59.93052  -39.48296     4.9563         45 0.0000e+00
      60742   2530.874   2456.000   2418.705     2.3250     2.3253  32.018627  32.018850     1.8754   59.93052  -39.48296     4.9565         41 0.0000e+00
      60785   2532.665   2458.000   2420.663     2.3215     2.3218  32.016487  32.016914     1.8743   59.93052  -39.48296     4.9564         45 0.0000e+00
      60830   2534.542   2460.000   2422.621     2.3140     2.3145  32.010556  32.011242     1.8735   59.93052  -39.48296     4.9564         45 0.0000e+00
      60875   2536.428   2462.000   2424.580     2.3021     2.3022  32.000947  32.001448     1.8727   59.93052  -39.48296     4.9564         46 0.0000e+00
      60928   2538.624   2464.000   2426.538     2.2937     2.2940  31.994130  31.994570     1.8718   59.93052  -39.48296     4.9565         61 0.0000e+00
      60983   2540.931   2466.000   2428.496     2.2853     2.2841  31.986934  31.986143     1.8723   59.93052  -39.48296     4.9564         43 0.0000e+00
      61021   2542.491   2468.000   2430.454     2.2676     2.2680  31.970673  31.971400     1.8734   59.93052  -39.48296     4.9565         38 0.0000e+00
      61068   2544.446   2470.000   2432.413     2.2464     2.2469  31.951434  31.952511     1.8745   59.93052  -39.48295     4.9564         58 0.0000e+00
      61124   2546.805   2472.000   2434.371     2.2355     2.2358  31.942390  31.942731     1.8755   59.93052  -39.48296     4.9565         46 0.0000e+00
      61163   2548.437   2474.000   2436.329     2.2325     2.2327  31.940588  31.940830     1.8762   59.93052  -39.48296     4.9564         38 0.0000e+00
      61203   2550.092   2476.000   2438.287     2.2309     2.2312  31.939982  31.940314     1.8767   59.93052  -39.48296     4.9565         45 0.0000e+00
      61266   2552.696   2478.000   2440.246     2.2266     2.2273  31.936841  31.937594     1.8763   59.93052  -39.48296     4.9565         76 0.0000e+00
      61325   2555.153   2480.000   2442.204     2.2179     2.2186  31.929918  31.931042     1.8756   59.93052  -39.48296     4.9565         39 0.0000e+00
      61358   2556.541   2482.000   2444.162     2.2088     2.2092  31.922644  31.923227     1.8757   59.93052  -39.48296     4.9565         31 0.0000e+00
      61392   2557.952   2484.000   2446.120     2.1925     2.1922  31.908305  31.908753     1.8757   59.93052  -39.48296     4.9564         38 0.0000e+00
      61439   2559.899   2486.000   2448.078     2.1779     2.1761  31.895603  31.894168     1.8761   59.93052  -39.48296     4.9564         56 0.0000e+00
