Example_Files/SBE_Processing_Files/Processed_SBE_cast_files/downcasts/dar69-01_023.cnv
* Sea-Bird SBE 9 Data File:
* FileName = D:\data\ar69-01_023.hex
* Software Version Seasave V 7.26.7.107
* Temperature SN = 4491
* Conductivity SN = 3009
* Number of Bytes Per Scan = 44
* Number of Voltage Words = 5
* Number of Scans Averaged by the Deck Unit = 1
* NMEA Latitude = 61 38.10 N
* NMEA Longitude = 032 53.76 W
* NMEA UTC (Time) = Jul 13 2022  09:38:05
** Cruise ID: AR69-01
** Chief Sci:
** Station #: 023
** Site ID: LADCP test
# nquan = 14
# nvalues = 505                         
# units = specified
# name 0 = scan: Scan Count
# name 1 = timeS: Time, Elapsed [seconds]
# name 2 = prDM: Pressure, Digiquartz [db]
# name 3 = depSM: Depth [salt water, m]
# name 4 = t090C: Temperature [ITS-90, deg C]
# name 5 = t190C: Temperature, 2 [ITS-90, deg C]
# name 6 = c0mS/cm: Conductivity [mS/cm]
# name 7 = c1mS/cm: Conductivity, 2 [mS/cm]
# name 8 = sbeox0V: Oxygen raw, SBE 43 [V]
# name 9 = latitude: Latitude [deg]
# name 10 = longitude: Longitude [deg]
# name 11 = v7: Voltage 7
# name 12 = nbin: number of scans per bin
# name 13 = flag: flag
# span 0 =        136,      30182       
# span 1 =      5.608,   1257.548       
# span 2 =      4.000,   1012.000       
# span 3 =      3.961,    999.893       
# span 4 =     3.4795,     9.4997       
# span 5 =     3.4789,     9.4993       
# span 6 =  32.421691,  37.470495       
# span 7 =  32.420877,  37.471445       
# span 8 =     2.2136,     2.7862       
# span 9 =   61.63377,   61.63505       
# span 10 =  -32.89598,  -32.89377      
# span 11 =     4.9568,     4.9573      
# span 12 =          1,        157      
# span 13 = 0.0000e+00, 0.0000e+00      
# interval = decibars: 2                
# start_time = Jul 13 2022 09:38:05 [NMEA time, first data scan]
# bad_flag = -9.990e-29
*END*
        136      5.608      4.000      3.961     9.4975     9.4993  37.462590  37.465299     2.7842   61.63505  -32.89593     4.9573          1 0.0000e+00
        324     13.463      6.000      5.943     9.4997     9.4989  37.464953  37.465999     2.7856   61.63503  -32.89595     4.9573         80 0.0000e+00
        481     20.003      8.000      7.923     9.4991     9.4985  37.465357  37.466685     2.7837   61.63503  -32.89594     4.9573         82 0.0000e+00
        609     25.332     10.000      9.904     9.4979     9.4968  37.465055  37.465906     2.7820   61.63504  -32.89594     4.9573        104 0.0000e+00
        719     29.922     12.000     11.885     9.4934     9.4932  37.461682  37.463399     2.7815   61.63503  -32.89594     4.9573         82 0.0000e+00
        829     34.519     14.000     13.866     9.4940     9.4933  37.463170  37.464432     2.7820   61.63502  -32.89594     4.9573         78 0.0000e+00
        924     38.457     16.000     15.847     9.4953     9.4940  37.465423  37.466025     2.7815   61.63503  -32.89594     4.9573        105 0.0000e+00
       1025     42.653     18.000     17.827     9.4956     9.4941  37.466615  37.467090     2.7798   61.63502  -32.89594     4.9573        105 0.0000e+00
       1116     46.464     20.000     19.808     9.4969     9.4964  37.468834  37.470077     2.7790   61.63502  -32.89594     4.9573         79 0.0000e+00
       1209     50.342     22.000     21.789     9.4978     9.4967  37.470495  37.471445     2.7783   61.63502  -32.89594     4.9573         94 0.0000e+00
       1290     53.729     24.000     23.769     9.4325     9.4341  37.409835  37.415397     2.7833   61.63502  -32.89594     4.9573         85 0.0000e+00
       1388     57.778     26.000     25.750     9.1721     9.1825  37.167048  37.183269     2.7862   61.63502  -32.89594     4.9573         92 0.0000e+00
       1462     60.877     28.000     27.731     9.0003     9.0038  37.008659  37.018912     2.7777   61.63502  -32.89594     4.9573         71 0.0000e+00
       1562     65.048     30.000     29.711     8.5003     8.5112  36.549220  36.569281     2.7696   61.63502  -32.89594     4.9573        106 0.0000e+00
       1644     68.449     32.000     31.692     8.0893     8.0908  36.172314  36.180403     2.7628   61.63502  -32.89594     4.9573         83 0.0000e+00
       1735     72.261     34.000     33.672     7.8343     7.8381  35.940335  35.950093     2.7569   61.63502  -32.89594     4.9573         82 0.0000e+00
       1827     76.067     36.000     35.653     7.5892     7.5916  35.718013  35.726485     2.7403   61.63502  -32.89592     4.9573        101 0.0000e+00
       1914     79.710     38.000     37.633     7.3224     7.3257  35.474627  35.483366     2.7238   61.63502  -32.89592     4.9573         96 0.0000e+00
       2016     83.975     40.000     39.614     7.1283     7.1279  35.298394  35.303407     2.7082   61.63502  -32.89592     4.9573         75 0.0000e+00
       2089     87.017     42.000     41.594     7.0187     7.0189  35.200642  35.204297     2.6974   61.63502  -32.89592     4.9573        101 0.0000e+00
       2193     91.338     44.000     43.575     6.8562     6.8553  35.052641  35.058377     2.6870   61.63502  -32.89592     4.9573         79 0.0000e+00
       2278     94.870     46.000     45.555     6.7062     6.7066  34.917965  34.921339     2.6765   61.63502  -32.89592     4.9573        109 0.0000e+00
       2373     98.818     48.000     47.536     6.5751     6.5736  34.799904  34.803837     2.6594   61.63502  -32.89592     4.9573         72 0.0000e+00
       2450    102.037     50.000     49.516     6.3273     6.3267  34.576193  34.580797     2.6523   61.63502  -32.89592     4.9573         93 0.0000e+00
       2555    106.415     52.000     51.497     6.2435     6.2424  34.503062  34.505044     2.6456   61.63502  -32.89592     4.9573        107 0.0000e+00
       2644    110.133     54.000     53.477     6.1908     6.1889  34.457534  34.458240     2.6407   61.63502  -32.89593     4.9573         71 0.0000e+00
       2729    113.651     56.000     55.457     6.1523     6.1521  34.424361  34.426720     2.6352   61.63502  -32.89593     4.9573        108 0.0000e+00
       2826    117.690     58.000     57.438     6.1119     6.1113  34.389308  34.391753     2.6307   61.63502  -32.89593     4.9573         77 0.0000e+00
       2913    121.332     60.000     59.418     6.0767     6.0753  34.358904  34.359984     2.6274   61.63502  -32.89594     4.9573        112 0.0000e+00
       3015    125.566     62.000     61.398     6.0293     6.0284  34.317137  34.319009     2.6205   61.63502  -32.89594     4.9573         77 0.0000e+00
       3093    128.816     64.000     63.379     5.9774     5.9755  34.271139  34.272381     2.6162   61.63502  -32.89594     4.9573         81 0.0000e+00
       3191    132.914     66.000     65.359     5.9304     5.9298  34.230351  34.232082     2.6123   61.63502  -32.89594     4.9573        112 0.0000e+00
       3278    136.528     68.000     67.339     5.9064     5.9064  34.210089  34.212745     2.6054   61.63502  -32.89594     4.9573         78 0.0000e+00
       3382    140.857     70.000     69.319     5.8221     5.8232  34.136973  34.140999     2.5955   61.63502  -32.89593     4.9573        100 0.0000e+00
       3469    144.497     72.000     71.300     5.7736     5.7727  34.095888  34.097947     2.5890   61.63502  -32.89593     4.9573         92 0.0000e+00
       3571    148.737     74.000     73.280     5.7345     5.7309  34.063111  34.062353     2.5848   61.63503  -32.89593     4.9573         78 0.0000e+00
       3676    153.113     76.000     75.260     5.7059     5.7055  34.039356  34.042667     2.5775   61.63503  -32.89592     4.9573         49 0.0000e+00
       3775    157.269     78.000     77.240     5.6547     5.6524  33.996842  33.997383     2.5716   61.63504  -32.89592     4.9573         70 0.0000e+00
       3887    161.926     80.000     79.220     5.5993     5.5980  33.949800  33.951408     2.5645   61.63502  -32.89592     4.9573         53 0.0000e+00
       3976    165.629     82.000     81.200     5.5820     5.5793  33.936203  33.937016     2.5601   61.63504  -32.89593     4.9573         75 0.0000e+00
       4080    169.953     84.000     83.180     5.5343     5.5338  33.895682  33.899780     2.5531   61.63504  -32.89592     4.9573         43 0.0000e+00
       4157    173.170     86.000     85.160     5.4669     5.4701  33.839133  33.843854     2.5507   61.63504  -32.89594     4.9573         71 0.0000e+00
       4286    178.544     88.000     87.140     5.4387     5.4396  33.814390  33.819095     2.5451   61.63504  -32.89594     4.9573         48 0.0000e+00
       4348    181.110     90.000     89.120     5.3968     5.3952  33.777760  33.779272     2.5411   61.63504  -32.89593     4.9573         66 0.0000e+00
       4471    186.259     92.000     91.100     5.3448     5.3469  33.731000  33.736268     2.5311   61.63504  -32.89594     4.9573         76 0.0000e+00
       4548    189.442     94.000     93.081     5.3042     5.3038  33.696467  33.698430     2.5274   61.63504  -32.89592     4.9573         93 0.0000e+00
       4644    193.442     96.000     95.061     5.2838     5.2832  33.679942  33.681843     2.5241   61.63503  -32.89592     4.9573         72 0.0000e+00
       4745    197.671     98.000     97.040     5.2549     5.2572  33.655776  33.660085     2.5178   61.63504  -32.89594     4.9573         81 0.0000e+00
       4831    201.254    100.000     99.020     5.1836     5.1838  33.590268  33.593367     2.5172   61.63503  -32.89592     4.9573        103 0.0000e+00
       4948    206.106    102.000    101.000     5.1435     5.1504  33.554196  33.562255     2.5173   61.63503  -32.89593     4.9573         91 0.0000e+00
       5247    218.564    104.000    102.980     5.1264     5.1246  33.541371  33.541517     2.5139   61.63503  -32.89594     4.9573         70 0.0000e+00
       5504    229.301    106.000    104.960     5.1478     5.1472  33.568615  33.569297     2.5097   61.63502  -32.89595     4.9573         74 0.0000e+00
       5579    232.414    108.000    106.940     5.1588     5.1578  33.581946  33.582448     2.5068   61.63502  -32.89594     4.9573         58 0.0000e+00
       5633    234.654    110.000    108.920     5.1564     5.1555  33.582030  33.583295     2.5043   61.63502  -32.89594     4.9573         49 0.0000e+00
       5676    236.469    112.000    110.900     5.1386     5.1381  33.565568  33.567600     2.5024   61.63502  -32.89595     4.9573         42 0.0000e+00
       5726    238.538    114.000    112.880     5.1155     5.1150  33.544191  33.546108     2.5008   61.63502  -32.89596     4.9573         60 0.0000e+00
       5782    240.866    116.000    114.859     5.0772     5.0772  33.507711  33.511025     2.4999   61.63502  -32.89596     4.9573         44 0.0000e+00
       5820    242.464    118.000    116.839     5.0519     5.0517  33.484670  33.486911     2.4993   61.63501  -32.89596     4.9573         39 0.0000e+00
       5869    244.481    120.000    118.819     5.0355     5.0350  33.470496  33.472234     2.4983   61.63502  -32.89594     4.9573         60 0.0000e+00
       5927    246.936    122.000    120.799     5.0137     5.0128  33.450941  33.452548     2.4959   61.63502  -32.89596     4.9573         48 0.0000e+00
       5967    248.586    124.000    122.778     5.0043     5.0036  33.443005  33.444414     2.4956   61.63502  -32.89597     4.9573         38 0.0000e+00
       6010    250.379    126.000    124.758     4.9895     4.9882  33.429369  33.430545     2.4952   61.63502  -32.89596     4.9573         48 0.0000e+00
       6057    252.316    128.000    126.738     4.9693     4.9683  33.410852  33.412084     2.4950   61.63502  -32.89596     4.9573         43 0.0000e+00
       6100    254.143    130.000    128.717     4.9629     4.9624  33.406168  33.407475     2.4939   61.63502  -32.89596     4.9573         49 0.0000e+00
       6157    256.498    132.000    130.697     4.9589     4.9581  33.403593  33.404722     2.4926   61.63502  -32.89596     4.9573         59 0.0000e+00
       6206    258.559    134.000    132.676     4.9476     4.9474  33.393523  33.395966     2.4948   61.63502  -32.89594     4.9573         41 0.0000e+00
       6248    260.303    136.000    134.656     4.8803     4.8801  33.328508  33.332867     2.4954   61.63502  -32.89596     4.9573         45 0.0000e+00
       6297    262.354    138.000    136.636     4.8485     4.8478  33.299612  33.300743     2.4933   61.63502  -32.89596     4.9573         51 0.0000e+00
       6348    264.444    140.000    138.615     4.8444     4.8437  33.297971  33.299046     2.4882   61.63502  -32.89593     4.9573         52 0.0000e+00
       6400    266.628    142.000    140.595     4.8416     4.8410  33.297439  33.298611     2.4853   61.63502  -32.89594     4.9573         47 0.0000e+00
       6438    268.218    144.000    142.574     4.8305     4.8298  33.288436  33.290098     2.4846   61.63502  -32.89596     4.9573         33 0.0000e+00
       6472    269.633    146.000    144.554     4.8178     4.8172  33.277617  33.279104     2.4846   61.63503  -32.89595     4.9573         38 0.0000e+00
       6534    272.199    148.000    146.533     4.7733     4.7734  33.235700  33.238779     2.4811   61.63503  -32.89593     4.9573         84 0.0000e+00
       6599    274.908    150.000    148.513     4.7444     4.7442  33.211833  33.213148     2.4701   61.63502  -32.89593     4.9573         38 0.0000e+00
       6630    276.216    152.000    150.492     4.7558     4.7551  33.226288  33.226974     2.4633   61.63503  -32.89594     4.9573         31 0.0000e+00
       6664    277.642    154.000    152.471     4.7608     4.7601  33.233414  33.234435     2.4574   61.63504  -32.89593     4.9573         41 0.0000e+00
       6725    280.162    156.000    154.451     4.7546     4.7539  33.229389  33.230433     2.4491   61.63503  -32.89592     4.9573         73 0.0000e+00
       6782    282.551    158.000    156.430     4.7469     4.7464  33.223073  33.224554     2.4382   61.63503  -32.89592     4.9573         43 0.0000e+00
       6823    284.245    160.000    158.410     4.7383     4.7375  33.217232  33.217198     2.4301   61.63504  -32.89592     4.9573         41 0.0000e+00
       6866    286.024    162.000    160.389     4.7643     4.7638  33.246647  33.247751     2.4247   61.63504  -32.89592     4.9573         44 0.0000e+00
       6909    287.849    164.000    162.368     4.7619     4.7613  33.245510  33.246745     2.4210   61.63503  -32.89593     4.9573         44 0.0000e+00
       6956    289.812    166.000    164.348     4.7551     4.7543  33.240776  33.241815     2.4191   61.63503  -32.89592     4.9573         52 0.0000e+00
       7014    292.203    168.000    166.327     4.7485     4.7474  33.235356  33.236233     2.4179   61.63504  -32.89593     4.9573         59 0.0000e+00
       7065    294.337    170.000    168.306     4.7367     4.7359  33.224792  33.225814     2.4180   61.63504  -32.89594     4.9573         41 0.0000e+00
       7101    295.835    172.000    170.285     4.7320     4.7309  33.221035  33.222101     2.4198   61.63504  -32.89594     4.9573         35 0.0000e+00
       7141    297.494    174.000    172.265     4.6988     4.6978  33.188901  33.190947     2.4219   61.63504  -32.89594     4.9573         48 0.0000e+00
       7201    300.015    176.000    174.244     4.6699     4.6695  33.161439  33.163356     2.4253   61.63503  -32.89592     4.9573         67 0.0000e+00
       7259    302.401    178.000    176.223     4.6451     4.6447  33.137802  33.139886     2.4306   61.63502  -32.89594     4.9573         46 0.0000e+00
       7301    304.150    180.000    178.202     4.6270     4.6263  33.120610  33.122342     2.4331   61.63504  -32.89594     4.9573         43 0.0000e+00
       7346    306.042    182.000    180.182     4.6016     4.6009  33.096312  33.098135     2.4359   61.63504  -32.89594     4.9573         45 0.0000e+00
       7387    307.747    184.000    182.161     4.5860     4.5852  33.081865  33.083213     2.4369   61.63503  -32.89594     4.9573         39 0.0000e+00
       7433    309.659    186.000    184.140     4.5770     4.5763  33.074154  33.075303     2.4387   61.63502  -32.89594     4.9573         56 0.0000e+00
       7491    312.072    188.000    186.119     4.5579     4.5569  33.056443  33.058104     2.4440   61.63502  -32.89593     4.9573         51 0.0000e+00
       7532    313.776    190.000    188.098     4.5267     4.5263  33.027049  33.029347     2.4467   61.63502  -32.89594     4.9573         36 0.0000e+00
       7573    315.482    192.000    190.077     4.5106     4.5100  33.013265  33.014638     2.4479   61.63504  -32.89595     4.9573         50 0.0000e+00
       7634    318.026    194.000    192.056     4.5034     4.5028  33.007373  33.008728     2.4492   61.63502  -32.89593     4.9573         64 0.0000e+00
       7685    320.173    196.000    194.035     4.4957     4.4951  33.000961  33.002276     2.4502   61.63502  -32.89594     4.9573         41 0.0000e+00
       7723    321.762    198.000    196.014     4.4892     4.4886  32.995523  32.996959     2.4508   61.63502  -32.89594     4.9573         38 0.0000e+00
       7767    323.600    200.000    197.993     4.4811     4.4803  32.988885  32.989728     2.4505   61.63504  -32.89594     4.9573         53 0.0000e+00
       7825    326.003    202.000    199.972     4.4757     4.4753  32.984638  32.986235     2.4502   61.63502  -32.89594     4.9573         54 0.0000e+00
       7869    327.815    204.000    201.951     4.4669     4.4662  32.977578  32.978628     2.4503   61.63502  -32.89594     4.9573         37 0.0000e+00
       7905    329.327    206.000    203.930     4.4658     4.4652  32.977738  32.978710     2.4495   61.63502  -32.89594     4.9573         39 0.0000e+00
       7958    331.559    208.000    205.909     4.4632     4.4627  32.976373  32.977632     2.4504   61.63502  -32.89594     4.9573         68 0.0000e+00
