Example_Files/SBE_Processing_Files/Processed_SBE_cast_files/downcasts/dar69-01_019.cnv
* Sea-Bird SBE 9 Data File:
* FileName = D:\data\ar69-01_019.hex
* Software Version Seasave V 7.26.7.107
* Temperature SN = 4491
* Conductivity SN = 3009
* Number of Bytes Per Scan = 44
* Number of Voltage Words = 5
* Number of Scans Averaged by the Deck Unit = 1
* NMEA Latitude = 59 46.49 N
* NMEA Longitude = 039 54.39 W
* NMEA UTC (Time) = Jul 05 2022  21:23:04
** Cruise ID: AR69-01
** Chief Sci:
** Station #: 019
** Site ID: FLMA
# nquan = 14
# nvalues = 1313                        
# units = specified
# name 0 = scan: Scan Count
# name 1 = timeS: Time, Elapsed [seconds]
# name 2 = prDM: Pressure, Digiquartz [db]
# name 3 = depSM: Depth [salt water, m]
# name 4 = t090C: Temperature [ITS-90, deg C]
# name 5 = t190C: Temperature, 2 [ITS-90, deg C]
# name 6 = c0mS/cm: Conductivity [mS/cm]
# name 7 = c1mS/cm: Conductivity, 2 [mS/cm]
# name 8 = sbeox0V: Oxygen raw, SBE 43 [V]
# name 9 = latitude: Latitude [deg]
# name 10 = longitude: Longitude [deg]
# name 11 = v7: Voltage 7
# name 12 = nbin: number of scans per bin
# name 13 = flag: flag
# span 0 =       1033,      69011       
# span 1 =     42.987,   2875.412       
# span 2 =      4.000,   2628.000       
# span 3 =      3.962,   2587.091       
# span 4 =     1.9471,     7.6443       
# span 5 =     1.9437,     7.6403       
# span 6 =  31.749217,  35.645356       
# span 7 =  31.746680,  35.646693       
# span 8 =     1.8368,     2.8533       
# span 9 =   59.77486,   59.77490       
# span 10 =  -39.90656,  -39.90650      
# span 11 =     4.9560,     4.9573      
# span 12 =          1,        119      
# span 13 = 0.0000e+00, 0.0000e+00      
# interval = decibars: 2                
# start_time = Jul 05 2022 21:23:05 [NMEA time, first data scan]
# bad_flag = -9.990e-29
*END*
       1033     42.987      4.000      3.962     7.6443     7.6403  35.645356  35.646693     2.8525   59.77488  -39.90652     4.9568          1 0.0000e+00
       1116     46.456      6.000      5.944     7.6272     7.6195  35.632985  35.630062     2.8517   59.77488  -39.90652     4.9572         85 0.0000e+00
       1214     50.535      8.000      7.925     7.5479     7.5557  35.570110  35.580565     2.8533   59.77488  -39.90652     4.9573         97 0.0000e+00
       1292     53.788     10.000      9.906     7.4793     7.4738  35.514576  35.512902     2.8517   59.77488  -39.90652     4.9573         72 0.0000e+00
       1374     57.211     12.000     11.887     7.4473     7.4358  35.489719  35.480524     2.8409   59.77488  -39.90652     4.9573        102 0.0000e+00
       1469     61.175     14.000     13.868     7.1466     7.1780  35.220153  35.262634     2.8366   59.77488  -39.90652     4.9573         68 0.0000e+00
       1548     64.444     16.000     15.849     6.9351     6.9381  35.037177  35.044908     2.8362   59.77488  -39.90652     4.9573        110 0.0000e+00
       1651     68.742     18.000     17.830     6.8346     6.8341  34.951064  34.953902     2.8357   59.77488  -39.90652     4.9573         69 0.0000e+00
       1717     71.487     20.000     19.811     6.8200     6.8195  34.941005  34.943093     2.8322   59.77488  -39.90653     4.9573         91 0.0000e+00
       1819     75.736     22.000     21.792     6.7909     6.7904  34.918240  34.920665     2.8274   59.77488  -39.90652     4.9573         96 0.0000e+00
       1894     78.858     24.000     23.773     6.7027     6.7025  34.842748  34.846437     2.8246   59.77488  -39.90654     4.9573         59 0.0000e+00
       1979     82.434     26.000     25.754     6.6539     6.6550  34.801247  34.805247     2.8208   59.77488  -39.90653     4.9573        110 0.0000e+00
       2071     86.266     28.000     27.735     6.6289     6.6290  34.780638  34.783301     2.8135   59.77488  -39.90653     4.9573         77 0.0000e+00
       2172     90.470     30.000     29.715     6.5852     6.5847  34.742680  34.745350     2.8042   59.77488  -39.90653     4.9573        111 0.0000e+00
       2266     94.374     32.000     31.696     6.5317     6.5315  34.696223  34.698854     2.8015   59.77488  -39.90653     4.9573         70 0.0000e+00
       2342     97.538     34.000     33.677     6.4964     6.4960  34.667643  34.669573     2.8016   59.77488  -39.90653     4.9573         89 0.0000e+00
       2457    102.326     36.000     35.658     6.4515     6.4516  34.629523  34.633569     2.7789   59.77488  -39.90652     4.9573         61 0.0000e+00
       2516    104.774     38.000     37.639     6.3772     6.3774  34.563420  34.567960     2.7597   59.77488  -39.90654     4.9573         70 0.0000e+00
       2617    108.999     40.000     39.620     6.1921     6.1932  34.395481  34.403617     2.7092   59.77488  -39.90652     4.9573        105 0.0000e+00
       2703    112.566     42.000     41.600     5.7847     5.7859  34.027504  34.039136     2.6727   59.77488  -39.90654     4.9573         81 0.0000e+00
       2788    116.107     44.000     43.581     5.4239     5.4257  33.709443  33.719355     2.6577   59.77488  -39.90652     4.9573         97 0.0000e+00
       2877    119.841     46.000     45.562     5.2065     5.2070  33.520692  33.527348     2.6475   59.77488  -39.90652     4.9573         89 0.0000e+00
       2967    123.566     48.000     47.543     5.0576     5.0571  33.394234  33.397318     2.6421   59.77489  -39.90652     4.9573         68 0.0000e+00
       3050    127.062     50.000     49.523     5.0198     5.0190  33.362253  33.364327     2.6395   59.77488  -39.90653     4.9573        112 0.0000e+00
       3152    131.291     52.000     51.504     4.9885     4.9880  33.336470  33.339200     2.6375   59.77488  -39.90652     4.9573         75 0.0000e+00
       3217    133.994     54.000     53.485     4.9579     4.9580  33.310479  33.312787     2.6367   59.77489  -39.90653     4.9573         64 0.0000e+00
       3329    138.655     56.000     55.465     4.9361     4.9369  33.291267  33.295976     2.6307   59.77488  -39.90652     4.9573         65 0.0000e+00
       3401    141.687     58.000     57.446     4.7657     4.7655  33.141485  33.146308     2.6299   59.77489  -39.90652     4.9573        104 0.0000e+00
       3497    145.663     60.000     59.427     4.6743     4.6742  33.063025  33.065895     2.6286   59.77489  -39.90652     4.9573         71 0.0000e+00
       3575    148.912     62.000     61.407     4.6537     4.6524  33.046465  33.047933     2.6241   59.77488  -39.90652     4.9573         88 0.0000e+00
       3673    152.984     64.000     63.388     4.5844     4.5818  32.987186  32.988801     2.6163   59.77489  -39.90652     4.9573        100 0.0000e+00
       3752    156.302     66.000     65.369     4.5337     4.5331  32.945353  32.947138     2.6120   59.77488  -39.90652     4.9573         68 0.0000e+00
       3847    160.268     68.000     67.349     4.5220     4.5214  32.936856  32.938577     2.6099   59.77490  -39.90652     4.9573         93 0.0000e+00
       3930    163.701     70.000     69.330     4.5122     4.5117  32.930130  32.931909     2.6084   59.77488  -39.90652     4.9573         59 0.0000e+00
       4019    167.396     72.000     71.310     4.5082     4.5078  32.928353  32.930123     2.6044   59.77489  -39.90652     4.9573         83 0.0000e+00
       4109    171.161     74.000     73.290     4.4856     4.4851  32.910984  32.913172     2.5973   59.77489  -39.90652     4.9573         61 0.0000e+00
       4190    174.539     76.000     75.271     4.4592     4.4587  32.890018  32.892008     2.5921   59.77489  -39.90651     4.9573        102 0.0000e+00
       4287    178.572     78.000     77.251     4.4461     4.4456  32.880506  32.882085     2.5888   59.77489  -39.90652     4.9573         80 0.0000e+00
       4370    182.044     80.000     79.232     4.4412     4.4407  32.878098  32.879925     2.5827   59.77488  -39.90651     4.9573         98 0.0000e+00
       4457    185.671     82.000     81.212     4.4162     4.4156  32.859600  32.861341     2.5744   59.77490  -39.90652     4.9573         79 0.0000e+00
       4547    189.410     84.000     83.193     4.4036     4.4031  32.850634  32.852315     2.5691   59.77488  -39.90652     4.9573         82 0.0000e+00
       4637    193.182     86.000     85.173     4.3967     4.3961  32.845783  32.847443     2.5664   59.77488  -39.90652     4.9573        100 0.0000e+00
       4719    196.587     88.000     87.153     4.3928     4.3923  32.843735  32.845403     2.5634   59.77488  -39.90652     4.9573         81 0.0000e+00
       4810    200.376     90.000     89.134     4.3793     4.3782  32.832884  32.834223     2.5592   59.77488  -39.90652     4.9573         94 0.0000e+00
       4901    204.163     92.000     91.114     4.3363     4.3363  32.794660  32.798102     2.5533   59.77488  -39.90652     4.9573         82 0.0000e+00
       4981    207.514     94.000     93.094     4.2921     4.2926  32.757021  32.759788     2.5514   59.77488  -39.90652     4.9573         86 0.0000e+00
       5080    211.625     96.000     95.074     4.2806     4.2801  32.747862  32.749520     2.5475   59.77488  -39.90652     4.9573         95 0.0000e+00
       5154    214.692     98.000     97.055     4.2671     4.2666  32.737629  32.739671     2.5445   59.77488  -39.90652     4.9573         74 0.0000e+00
       5258    219.036    100.000     99.035     4.2572     4.2567  32.730048  32.731709     2.5418   59.77488  -39.90652     4.9573         85 0.0000e+00
       5329    221.997    102.000    101.015     4.2458     4.2454  32.720616  32.722728     2.5420   59.77488  -39.90652     4.9573         67 0.0000e+00
       5645    235.187    104.000    102.995     4.2261     4.2256  32.703657  32.706001     2.5398   59.77488  -39.90653     4.9573         86 0.0000e+00
       5975    248.921    106.000    104.976     4.2126     4.2122  32.692930  32.694683     2.5346   59.77488  -39.90652     4.9573         75 0.0000e+00
       6051    252.094    108.000    106.956     4.2077     4.2072  32.689618  32.691505     2.5317   59.77488  -39.90652     4.9573         56 0.0000e+00
       6106    254.391    110.000    108.936     4.1889     4.1884  32.673474  32.675325     2.5300   59.77488  -39.90653     4.9573         53 0.0000e+00
       6153    256.348    112.000    110.916     4.1824     4.1822  32.668626  32.670365     2.5286   59.77488  -39.90654     4.9573         42 0.0000e+00
       6194    258.059    114.000    112.896     4.1833     4.1828  32.670567  32.672018     2.5276   59.77488  -39.90653     4.9573         43 0.0000e+00
       6245    260.176    116.000    114.876     4.1816     4.1814  32.669946  32.671737     2.5264   59.77488  -39.90652     4.9573         61 0.0000e+00
       6306    262.720    118.000    116.856     4.1756     4.1757  32.665291  32.667483     2.5253   59.77488  -39.90652     4.9573         53 0.0000e+00
       6349    264.496    120.000    118.836     4.1701     4.1691  32.661216  32.662196     2.5251   59.77488  -39.90654     4.9573         35 0.0000e+00
       6384    265.941    122.000    120.816     4.1692     4.1696  32.661371  32.663721     2.5252   59.77488  -39.90654     4.9573         38 0.0000e+00
       6441    268.325    124.000    122.796     4.1612     4.1609  32.654567  32.656499     2.5256   59.77488  -39.90653     4.9573         74 0.0000e+00
       6498    270.695    126.000    124.776     4.1531     4.1527  32.648027  32.649540     2.5258   59.77488  -39.90652     4.9573         38 0.0000e+00
       6534    272.227    128.000    126.756     4.1495     4.1493  32.645281  32.647212     2.5256   59.77488  -39.90653     4.9573         40 0.0000e+00
       6579    274.084    130.000    128.736     4.1421     4.1418  32.639130  32.640870     2.5247   59.77488  -39.90654     4.9573         47 0.0000e+00
       6627    276.085    132.000    130.716     4.1384     4.1381  32.636684  32.638320     2.5248   59.77488  -39.90652     4.9573         48 0.0000e+00
       6675    278.070    134.000    132.696     4.1325     4.1317  32.631983  32.633568     2.5265   59.77488  -39.90654     4.9573         49 0.0000e+00
       6727    280.235    136.000    134.676     4.1151     4.1149  32.616380  32.618521     2.5279   59.77487  -39.90654     4.9573         52 0.0000e+00
       6776    282.291    138.000    136.656     4.1052     4.1046  32.607624  32.609348     2.5289   59.77487  -39.90652     4.9573         49 0.0000e+00
       6824    284.308    140.000    138.635     4.0945     4.0942  32.598242  32.600203     2.5296   59.77488  -39.90653     4.9573         46 0.0000e+00
       6867    286.092    142.000    140.615     4.0808     4.0805  32.586030  32.588384     2.5294   59.77487  -39.90654     4.9573         42 0.0000e+00
       6915    288.063    144.000    142.595     4.0657     4.0654  32.573577  32.575497     2.5285   59.77488  -39.90653     4.9573         56 0.0000e+00
       6970    290.363    146.000    144.575     4.0559     4.0555  32.565508  32.567360     2.5268   59.77488  -39.90653     4.9573         46 0.0000e+00
       7009    291.998    148.000    146.555     4.0503     4.0499  32.561918  32.563523     2.5260   59.77488  -39.90654     4.9573         38 0.0000e+00
       7053    293.820    150.000    148.534     4.0432     4.0428  32.556538  32.558326     2.5248   59.77488  -39.90653     4.9573         52 0.0000e+00
       7109    296.153    152.000    150.514     4.0349     4.0345  32.550036  32.551641     2.5227   59.77488  -39.90652     4.9573         53 0.0000e+00
       7156    298.141    154.000    152.494     4.0318     4.0316  32.548312  32.550352     2.5219   59.77488  -39.90654     4.9573         46 0.0000e+00
       7202    300.032    156.000    154.473     4.0232     4.0228  32.541594  32.543505     2.5204   59.77488  -39.90654     4.9573         45 0.0000e+00
       7246    301.895    158.000    156.453     4.0102     4.0098  32.531185  32.533013     2.5194   59.77488  -39.90653     4.9573         45 0.0000e+00
       7297    304.003    160.000    158.433     3.9984     3.9979  32.521256  32.522993     2.5182   59.77488  -39.90653     4.9573         55 0.0000e+00
       7349    306.146    162.000    160.412     3.9935     3.9930  32.517676  32.519315     2.5166   59.77488  -39.90654     4.9573         47 0.0000e+00
       7397    308.147    164.000    162.392     3.9852     3.9849  32.511047  32.512794     2.5154   59.77488  -39.90654     4.9573         52 0.0000e+00
       7445    310.178    166.000    164.372     3.9790     3.9790  32.506697  32.508587     2.5148   59.77488  -39.90654     4.9573         41 0.0000e+00
       7485    311.829    168.000    166.351     3.9787     3.9781  32.507385  32.508804     2.5138   59.77488  -39.90654     4.9573         43 0.0000e+00
       7536    313.969    170.000    168.331     3.9781     3.9776  32.507814  32.509297     2.5126   59.77488  -39.90653     4.9573         55 0.0000e+00
       7586    316.047    172.000    170.310     3.9743     3.9738  32.505343  32.506863     2.5119   59.77488  -39.90652     4.9573         46 0.0000e+00
       7630    317.895    174.000    172.290     3.9705     3.9702  32.502789  32.504579     2.5114   59.77488  -39.90654     4.9573         43 0.0000e+00
       7674    319.688    176.000    174.270     3.9638     3.9635  32.497420  32.499216     2.5108   59.77488  -39.90654     4.9573         46 0.0000e+00
       7730    322.052    178.000    176.249     3.9569     3.9563  32.492027  32.493459     2.5105   59.77488  -39.90653     4.9573         66 0.0000e+00
       7785    324.351    180.000    178.228     3.9523     3.9519  32.488767  32.490351     2.5106   59.77488  -39.90653     4.9573         40 0.0000e+00
       7820    325.795    182.000    180.208     3.9505     3.9500  32.488040  32.489578     2.5105   59.77487  -39.90654     4.9573         35 0.0000e+00
       7868    327.780    184.000    182.187     3.9492     3.9488  32.487816  32.489260     2.5098   59.77488  -39.90653     4.9573         61 0.0000e+00
       7924    330.119    186.000    184.167     3.9485     3.9480  32.488120  32.489626     2.5084   59.77488  -39.90652     4.9573         45 0.0000e+00
       7967    331.923    188.000    186.146     3.9466     3.9463  32.487354  32.488918     2.5069   59.77488  -39.90654     4.9573         46 0.0000e+00
       8013    333.843    190.000    188.125     3.9431     3.9427  32.484984  32.486644     2.5059   59.77488  -39.90654     4.9573         45 0.0000e+00
       8059    335.741    192.000    190.105     3.9343     3.9340  32.477593  32.479552     2.5060   59.77488  -39.90653     4.9573         48 0.0000e+00
       8110    337.893    194.000    192.084     3.9240     3.9236  32.469174  32.470687     2.5057   59.77488  -39.90652     4.9573         53 0.0000e+00
       8159    339.931    196.000    194.063     3.9227     3.9222  32.469044  32.470492     2.5029   59.77488  -39.90654     4.9573         43 0.0000e+00
       8200    341.617    198.000    196.043     3.9211     3.9207  32.468715  32.470325     2.4985   59.77488  -39.90654     4.9573         42 0.0000e+00
       8249    343.659    200.000    198.022     3.9218     3.9211  32.471450  32.472453     2.4936   59.77488  -39.90652     4.9573         57 0.0000e+00
       8304    345.973    202.000    200.001     3.9234     3.9229  32.474415  32.475756     2.4885   59.77488  -39.90654     4.9573         49 0.0000e+00
       8349    347.835    204.000    201.980     3.9173     3.9170  32.470178  32.471951     2.4844   59.77488  -39.90653     4.9573         44 0.0000e+00
       8396    349.802    206.000    203.960     3.9165     3.9160  32.470650  32.471982     2.4823   59.77488  -39.90652     4.9573         50 0.0000e+00
       8443    351.730    208.000    205.939     3.9154     3.9149  32.470733  32.472133     2.4817   59.77488  -39.90654     4.9573         40 0.0000e+00
