Example_Files/SBE_Processing_Files/Processed_SBE_cast_files/downcasts/dar69-01_022.cnv
* Sea-Bird SBE 9 Data File:
* FileName = D:\data\ar69-01_022.hex
* Software Version Seasave V 7.26.7.107
* Temperature SN = 4491
* Conductivity SN = 3009
* Number of Bytes Per Scan = 44
* Number of Voltage Words = 5
* Number of Scans Averaged by the Deck Unit = 1
* NMEA Latitude = 59 55.83 N
* NMEA Longitude = 039 28.98 W
* NMEA UTC (Time) = Jul 12 2022  09:36:48
** Cruise ID: AR69-01
** Chief Sci:
** Station #: 022
** Site ID: OOI cal dip - CTDMOs (SUMO area)
# nquan = 14
# nvalues = 1315                        
# units = specified
# name 0 = scan: Scan Count
# name 1 = timeS: Time, Elapsed [seconds]
# name 2 = prDM: Pressure, Digiquartz [db]
# name 3 = depSM: Depth [salt water, m]
# name 4 = t090C: Temperature [ITS-90, deg C]
# name 5 = t190C: Temperature, 2 [ITS-90, deg C]
# name 6 = c0mS/cm: Conductivity [mS/cm]
# name 7 = c1mS/cm: Conductivity, 2 [mS/cm]
# name 8 = sbeox0V: Oxygen raw, SBE 43 [V]
# name 9 = latitude: Latitude [deg]
# name 10 = longitude: Longitude [deg]
# name 11 = v7: Voltage 7
# name 12 = nbin: number of scans per bin
# name 13 = flag: flag
# span 0 =        -46,      79548       
# span 1 =     -1.959,   3314.449       
# span 2 =     12.000,   2640.000       
# span 3 =     11.887,   2598.799       
# span 4 =     1.7251,     7.7932       
# span 5 =     1.7246,     7.7927       
# span 6 =  31.555306,  35.815939       
# span 7 =  31.554647,  35.816923       
# span 8 =     1.8568,     2.8319       
# span 9 =   59.93050,   59.93056       
# span 10 =  -39.48300,  -39.48288      
# span 11 =     4.9560,     4.9573      
# span 12 =          4,        135      
# span 13 = 0.0000e+00, 0.0000e+00      
# interval = decibars: 2                
# start_time = Jul 12 2022 09:36:48 [NMEA time, first data scan]
# bad_flag = -9.990e-29
*END*
[from data line 310]
      17483    728.398    632.000    625.091     3.5817     3.5813  32.362234  32.362792     2.3434   59.93053  -39.48297     4.9573         42 0.0000e+00
      17529    730.337    634.000    627.066     3.5839     3.5833  32.365389  32.365766     2.3421   59.93054  -39.48298     4.9573         49 0.0000e+00
      17582    732.562    636.000    629.041     3.5847     3.5843  32.367173  32.367809     2.3414   59.93054  -39.48297     4.9573         62 0.0000e+00
      17645    735.166    638.000    631.016     3.5835     3.5831  32.366821  32.367393     2.3407   59.93052  -39.48296     4.9573         53 0.0000e+00
      17687    736.907    640.000    632.991     3.5818     3.5816  32.366176  32.367046     2.3396   59.93052  -39.48296     4.9573         36 0.0000e+00
      17723    738.423    642.000    634.966     3.5829     3.5824  32.368290  32.368772     2.3381   59.93053  -39.48296     4.9573         39 0.0000e+00
      17768    740.298    644.000    636.941     3.5843     3.5838  32.370612  32.371077     2.3368   59.93054  -39.48296     4.9573         50 0.0000e+00
      17821    742.493    646.000    638.916     3.5840     3.5833  32.371178  32.371607     2.3355   59.93053  -39.48296     4.9573         55 0.0000e+00
      17874    744.695    648.000    640.891     3.5818     3.5815  32.370315  32.370956     2.3339   59.93053  -39.48296     4.9573         47 0.0000e+00
      17917    746.493    650.000    642.866     3.5820     3.5817  32.371562  32.372294     2.3324   59.93054  -39.48295     4.9573         44 0.0000e+00
      17966    748.540    652.000    644.841     3.5810     3.5807  32.371521  32.372335     2.3301   59.93054  -39.48296     4.9573         52 0.0000e+00
      18015    750.565    654.000    646.816     3.5823     3.5819  32.373938  32.374554     2.3275   59.93053  -39.48296     4.9573         46 0.0000e+00
      18060    752.454    656.000    648.791     3.5809     3.5809  32.373550  32.374553     2.3254   59.93054  -39.48294     4.9573         46 0.0000e+00
      18110    754.554    658.000    650.766     3.5790     3.5784  32.372613  32.373093     2.3228   59.93054  -39.48296     4.9573         55 0.0000e+00
      18163    756.731    660.000    652.741     3.5778     3.5775  32.372406  32.373264     2.3205   59.93054  -39.48295     4.9573         45 0.0000e+00
      18202    758.392    662.000    654.716     3.5714     3.5714  32.367015  32.368314     2.3191   59.93054  -39.48294     4.9573         39 0.0000e+00
      18247    760.246    664.000    656.691     3.5650     3.5645  32.361526  32.362251     2.3186   59.93054  -39.48295     4.9573         52 0.0000e+00
      18302    762.541    666.000    658.665     3.5630     3.5626  32.360545  32.361154     2.3178   59.93054  -39.48294     4.9573         53 0.0000e+00
      18349    764.500    668.000    660.640     3.5600     3.5598  32.358578  32.359378     2.3167   59.93054  -39.48294     4.9573         43 0.0000e+00
      18393    766.341    670.000    662.615     3.5567     3.5563  32.356189  32.357029     2.3155   59.93054  -39.48294     4.9573         45 0.0000e+00
      18440    768.279    672.000    664.590     3.5546     3.5545  32.355286  32.356148     2.3132   59.93054  -39.48294     4.9573         48 0.0000e+00
      18487    770.235    674.000    666.565     3.5567     3.5559  32.358558  32.358460     2.3107   59.93054  -39.48294     4.9573         46 0.0000e+00
      18534    772.227    676.000    668.539     3.5654     3.5648  32.368614  32.369049     2.3090   59.93054  -39.48294     4.9573         51 0.0000e+00
      18588    774.455    678.000    670.514     3.5668     3.5661  32.371086  32.371109     2.3063   59.93054  -39.48296     4.9573         53 0.0000e+00
      18638    776.559    680.000    672.489     3.5701     3.5696  32.375546  32.376026     2.3035   59.93054  -39.48294     4.9573         50 0.0000e+00
      18688    778.606    682.000    674.463     3.5662     3.5659  32.372610  32.373313     2.3021   59.93054  -39.48294     4.9573         45 0.0000e+00
      18727    780.255    684.000    676.438     3.5631     3.5627  32.370410  32.370996     2.3009   59.93054  -39.48296     4.9573         37 0.0000e+00
      18766    781.866    686.000    678.413     3.5643     3.5638  32.372622  32.373034     2.2993   59.93054  -39.48295     4.9573         43 0.0000e+00
      18819    784.079    688.000    680.387     3.5673     3.5678  32.376608  32.377902     2.2963   59.93054  -39.48294     4.9573         59 0.0000e+00
      18872    786.296    690.000    682.362     3.5728     3.5725  32.383321  32.383902     2.2943   59.93054  -39.48296     4.9573         48 0.0000e+00
      18921    788.349    692.000    684.337     3.5740     3.5730  32.385466  32.385530     2.2933   59.93054  -39.48296     4.9573         51 0.0000e+00
      18969    790.314    694.000    686.311     3.5736     3.5731  32.385969  32.386427     2.2924   59.93054  -39.48296     4.9573         42 0.0000e+00
      19008    791.945    696.000    688.286     3.5718     3.5715  32.385052  32.385947     2.2925   59.93054  -39.48296     4.9573         40 0.0000e+00
      19057    793.995    698.000    690.260     3.5597     3.5591  32.373746  32.374341     2.2932   59.93054  -39.48296     4.9573         57 0.0000e+00
      19112    796.289    700.000    692.235     3.5542     3.5538  32.369244  32.369949     2.2950   59.93052  -39.48296     4.9573         52 0.0000e+00
      19162    798.383    702.000    694.209     3.5510     3.5503  32.366998  32.367379     2.2954   59.93054  -39.48296     4.9573         48 0.0000e+00
      19206    800.218    704.000    696.184     3.5490     3.5487  32.366065  32.366688     2.2951   59.93052  -39.48296     4.9573         41 0.0000e+00
      19248    801.944    706.000    698.158     3.5493     3.5489  32.367151  32.367683     2.2941   59.93052  -39.48296     4.9573         44 0.0000e+00
      19296    803.938    708.000    700.132     3.5518     3.5514  32.370655  32.371189     2.2933   59.93053  -39.48296     4.9573         51 0.0000e+00
      19346    806.032    710.000    702.107     3.5521     3.5518  32.371944  32.372585     2.2927   59.93052  -39.48296     4.9573         49 0.0000e+00
      19395    808.101    712.000    704.081     3.5502     3.5496  32.370952  32.371322     2.2920   59.93052  -39.48296     4.9573         50 0.0000e+00
      19443    810.065    714.000    706.055     3.5487     3.5486  32.370289  32.371212     2.2910   59.93054  -39.48296     4.9573         44 0.0000e+00
      19489    811.998    716.000    708.030     3.5454     3.5450  32.368070  32.368671     2.2891   59.93053  -39.48296     4.9573         51 0.0000e+00
      19541    814.155    718.000    710.004     3.5448     3.5444  32.368601  32.369269     2.2879   59.93052  -39.48295     4.9573         48 0.0000e+00
      19586    816.037    720.000    711.979     3.5438     3.5435  32.368706  32.369271     2.2871   59.93052  -39.48295     4.9573         45 0.0000e+00
      19632    817.950    722.000    713.953     3.5437     3.5434  32.369549  32.370118     2.2865   59.93052  -39.48296     4.9573         46 0.0000e+00
      19677    819.833    724.000    715.927     3.5434     3.5430  32.370095  32.370774     2.2854   59.93053  -39.48295     4.9573         47 0.0000e+00
      19732    822.111    726.000    717.901     3.5373     3.5369  32.365249  32.365968     2.2845   59.93054  -39.48294     4.9573         59 0.0000e+00
      19781    824.167    728.000    719.876     3.5358     3.5355  32.364865  32.365596     2.2830   59.93054  -39.48296     4.9573         39 0.0000e+00
      19818    825.715    730.000    721.850     3.5361     3.5357  32.366135  32.366657     2.2813   59.93054  -39.48296     4.9573         39 0.0000e+00
      19868    827.775    732.000    723.824     3.5361     3.5357  32.367224  32.367754     2.2798   59.93053  -39.48294     4.9573         59 0.0000e+00
      19919    829.916    734.000    725.798     3.5387     3.5383  32.370987  32.371456     2.2788   59.93052  -39.48294     4.9573         40 0.0000e+00
      19960    831.626    736.000    727.772     3.5410     3.5407  32.374287  32.374919     2.2778   59.93052  -39.48294     4.9573         50 0.0000e+00
      20027    834.400    738.000    729.747     3.5416     3.5412  32.375777  32.376193     2.2773   59.93054  -39.48294     4.9573         65 0.0000e+00
      20070    836.224    740.000    731.721     3.5431     3.5427  32.378154  32.378760     2.2761   59.93054  -39.48294     4.9573         35 0.0000e+00
      20106    837.718    742.000    733.695     3.5434     3.5433  32.379565  32.380153     2.2749   59.93054  -39.48294     4.9573         40 0.0000e+00
      20155    839.749    744.000    735.669     3.5525     3.5521  32.389816  32.390238     2.2733   59.93052  -39.48294     4.9573         54 0.0000e+00
      20205    841.825    746.000    737.643     3.5527     3.5524  32.390955  32.391639     2.2722   59.93052  -39.48294     4.9573         47 0.0000e+00
      20253    843.826    748.000    739.617     3.5514     3.5512  32.390638  32.391474     2.2715   59.93054  -39.48294     4.9573         47 0.0000e+00
      20297    845.665    750.000    741.591     3.5510     3.5507  32.391282  32.391927     2.2707   59.93054  -39.48296     4.9573         44 0.0000e+00
      20347    847.754    752.000    743.565     3.5474     3.5474  32.388488  32.389667     2.2708   59.93054  -39.48295     4.9573         56 0.0000e+00
      20402    850.059    754.000    745.539     3.5288     3.5296  32.370731  32.373119     2.2709   59.93052  -39.48294     4.9573         52 0.0000e+00
      20450    852.051    756.000    747.513     3.5223     3.5220  32.365156  32.365874     2.2714   59.93052  -39.48295     4.9573         44 0.0000e+00
      20490    853.706    758.000    749.487     3.5198     3.5195  32.363557  32.364316     2.2720   59.93052  -39.48296     4.9573         36 0.0000e+00
      20529    855.326    760.000    751.461     3.5169     3.5163  32.361604  32.362166     2.2723   59.93052  -39.48296     4.9573         47 0.0000e+00
      20596    858.138    762.000    753.435     3.5176     3.5171  32.363300  32.363631     2.2707   59.93054  -39.48296     4.9573         77 0.0000e+00
      20651    860.424    764.000    755.409     3.5185     3.5181  32.365262  32.365794     2.2702   59.93053  -39.48296     4.9573         36 0.0000e+00
      20683    861.753    766.000    757.383     3.5183     3.5181  32.366146  32.366930     2.2702   59.93052  -39.48296     4.9573         31 0.0000e+00
      20721    863.328    768.000    759.357     3.5159     3.5153  32.364565  32.365077     2.2701   59.93052  -39.48296     4.9573         51 0.0000e+00
      20783    865.936    770.000    761.330     3.5120     3.5116  32.361562  32.362150     2.2706   59.93052  -39.48296     4.9573         58 0.0000e+00
      20827    867.744    772.000    763.304     3.5066     3.5063  32.357144  32.357987     2.2708   59.93052  -39.48296     4.9573         38 0.0000e+00
      20868    869.463    774.000    765.278     3.5040     3.5037  32.355425  32.356238     2.2708   59.93053  -39.48298     4.9573         49 0.0000e+00
      20929    871.987    776.000    767.252     3.5008     3.5003  32.353112  32.353796     2.2712   59.93053  -39.48296     4.9573         64 0.0000e+00
      20980    874.142    778.000    769.226     3.4933     3.4925  32.346629  32.347045     2.2711   59.93052  -39.48296     4.9573         42 0.0000e+00
      21021    875.823    780.000    771.199     3.4867     3.4867  32.340981  32.342124     2.2714   59.93052  -39.48296     4.9573         40 0.0000e+00
      21060    877.474    782.000    773.173     3.4817     3.4814  32.336963  32.337859     2.2719   59.93052  -39.48296     4.9573         40 0.0000e+00
      21109    879.491    784.000    775.147     3.4798     3.4792  32.336026  32.336408     2.2715   59.93052  -39.48296     4.9573         66 0.0000e+00
      21176    882.274    786.000    777.120     3.4789     3.4785  32.336121  32.336671     2.2710   59.93052  -39.48297     4.9573         48 0.0000e+00
      21213    883.813    788.000    779.094     3.4766     3.4762  32.334800  32.335461     2.2712   59.93052  -39.48298     4.9573         36 0.0000e+00
      21252    885.458    790.000    781.068     3.4745     3.4741  32.333707  32.334273     2.2716   59.93052  -39.48296     4.9573         47 0.0000e+00
      21305    887.676    792.000    783.041     3.4729     3.4725  32.333045  32.333729     2.2719   59.93052  -39.48296     4.9573         53 0.0000e+00
      21351    889.577    794.000    785.015     3.4724     3.4719  32.333502  32.334034     2.2714   59.93052  -39.48296     4.9573         41 0.0000e+00
      21394    891.378    796.000    786.989     3.4717     3.4713  32.333775  32.334262     2.2709   59.93052  -39.48296     4.9573         48 0.0000e+00
      21453    893.823    798.000    788.962     3.4707     3.4702  32.333700  32.334150     2.2701   59.93052  -39.48296     4.9573         63 0.0000e+00
      21505    896.000    800.000    790.936     3.4697     3.4693  32.333725  32.334342     2.2698   59.93052  -39.48296     4.9573         43 0.0000e+00
      21546    897.705    802.000    792.909     3.4692     3.4688  32.334098  32.334746     2.2696   59.93052  -39.48296     4.9573         40 0.0000e+00
      21587    899.419    804.000    794.883     3.4678     3.4673  32.333675  32.334272     2.2696   59.93052  -39.48296     4.9573         44 0.0000e+00
      21636    901.460    806.000    796.856     3.4663     3.4659  32.333154  32.333705     2.2691   59.93052  -39.48296     4.9573         54 0.0000e+00
      21690    903.701    808.000    798.830     3.4656     3.4652  32.333395  32.333921     2.2682   59.93052  -39.48296     4.9573         53 0.0000e+00
      21738    905.716    810.000    800.804     3.4654     3.4649  32.334061  32.334549     2.2678   59.93052  -39.48296     4.9573         42 0.0000e+00
      21778    907.370    812.000    802.777     3.4653     3.4650  32.334915  32.335513     2.2673   59.93052  -39.48296     4.9573         40 0.0000e+00
      21830    909.524    814.000    804.750     3.4650     3.4646  32.335417  32.336011     2.2664   59.93052  -39.48295     4.9573         66 0.0000e+00
      21891    912.065    816.000    806.724     3.4629     3.4624  32.334484  32.334999     2.2659   59.93052  -39.48296     4.9573         46 0.0000e+00
      21927    913.591    818.000    808.697     3.4629     3.4623  32.335610  32.336034     2.2662   59.93052  -39.48296     4.9573         33 0.0000e+00
      21962    915.026    820.000    810.671     3.4605     3.4602  32.334214  32.334858     2.2661   59.93052  -39.48296     4.9573         40 0.0000e+00
      22025    917.664    822.000    812.644     3.4606     3.4602  32.335088  32.335710     2.2652   59.93052  -39.48296     4.9573         80 0.0000e+00
      22088    920.273    824.000    814.617     3.4607     3.4601  32.336296  32.336632     2.2645   59.93052  -39.48295     4.9573         41 0.0000e+00
      22120    921.620    826.000    816.590     3.4607     3.4602  32.337124  32.337637     2.2647   59.93052  -39.48296     4.9573         31 0.0000e+00
      22153    923.008    828.000    818.564     3.4607     3.4605  32.338117  32.339010     2.2646   59.93052  -39.48294     4.9573         39 0.0000e+00
      22210    925.359    830.000    820.537     3.4583     3.4580  32.336528  32.337333     2.2641   59.93052  -39.48296     4.9573         69 0.0000e+00
      22267    927.756    832.000    822.510     3.4582     3.4578  32.337329  32.338030     2.2636   59.93052  -39.48296     4.9573         44 0.0000e+00
      22307    929.428    834.000    824.484     3.4549     3.4546  32.335129  32.335886     2.2638   59.93052  -39.48296     4.9573         39 0.0000e+00
