Example_Files/SBE_Processing_Files/Processed_SBE_cast_files/downcasts/dar69-01_017.cnv
* Sea-Bird SBE 9 Data File:
* FileName = D:\data\ar69-01_017.hex
* Software Version Seasave V 7.26.7.107
* Temperature SN = 4491
* Conductivity SN = 3009
* Number of Bytes Per Scan = 44
* Number of Voltage Words = 5
* Number of Scans Averaged by the Deck Unit = 1
* NMEA Latitude = 59 54.25 N
* NMEA Longitude = 041 05.54 W
* NMEA UTC (Time) = Jul 05 2022  07:22:52
** Cruise ID: AR69-01
** Chief Sci:
** Station #: 017
** Site ID: M1 OSNAP acoustic releases
# nquan = 14
# nvalues = 1056                        
# units = specified
# name 0 = scan: Scan Count
# name 1 = timeS: Time, Elapsed [seconds]
# name 2 = prDM: Pressure, Digiquartz [db]
# name 3 = depSM: Depth [salt water, m]
# name 4 = t090C: Temperature [ITS-90, deg C]
# name 5 = t190C: Temperature, 2 [ITS-90, deg C]
# name 6 = c0mS/cm: Conductivity [mS/cm]
# name 7 = c1mS/cm: Conductivity, 2 [mS/cm]
# name 8 = sbeox0V: Oxygen raw, SBE 43 [V]
# name 9 = latitude: Latitude [deg]
# name 10 = longitude: Longitude [deg]
# name 11 = v7: Voltage 7
# name 12 = nbin: number of scans per bin
# name 13 = flag: flag
# span 0 =        159,      70007       
# span 1 =      6.592,   2916.911       
# span 2 =      4.000,   2114.000       
# span 3 =      3.962,   2083.564       
# span 4 =     1.7825,     8.1628       
# span 5 =     1.7833,     8.1621       
# span 6 =  31.398280,  36.236317       
# span 7 =  31.399753,  36.238283       
# span 8 =     1.9560,     2.8135       
# span 9 =   59.90412,   59.90414       
# span 10 =  -41.09234,  -41.09229      
# span 11 =     4.9560,     4.9573      
# span 12 =          1,        118      
# span 13 = 0.0000e+00, 0.0000e+00      
# interval = decibars: 2                
# start_time = Jul 05 2022 07:22:52 [NMEA time, first data scan]
# bad_flag = -9.990e-29
*END*
[from data line 413]
      21582    899.188    830.000    820.539     3.7497     3.7490  32.612020  32.613157     2.2373   59.90414  -41.09232     4.9573         38 0.0000e+00
      21625    901.014    832.000    822.512     3.7488     3.7485  32.612106  32.613492     2.2366   59.90414  -41.09232     4.9573         56 0.0000e+00
      21689    903.669    834.000    824.485     3.7492     3.7482  32.613251  32.614111     2.2358   59.90414  -41.09232     4.9573         54 0.0000e+00
      21727    905.253    836.000    826.459     3.7485     3.7477  32.613730  32.614751     2.2354   59.90414  -41.09232     4.9573         33 0.0000e+00
      21763    906.758    838.000    828.432     3.7469     3.7463  32.613208  32.614339     2.2350   59.90414  -41.09232     4.9573         43 0.0000e+00
      21823    909.240    840.000    830.405     3.7468     3.7460  32.613854  32.614889     2.2346   59.90414  -41.09232     4.9573         69 0.0000e+00
      21878    911.536    842.000    832.378     3.7451     3.7445  32.613418  32.614533     2.2343   59.90414  -41.09232     4.9573         41 0.0000e+00
      21915    913.096    844.000    834.351     3.7418     3.7413  32.611555  32.613156     2.2342   59.90414  -41.09234     4.9573         38 0.0000e+00
      21957    914.852    846.000    836.324     3.7371     3.7365  32.608404  32.609660     2.2334   59.90414  -41.09233     4.9573         47 0.0000e+00
      22011    917.079    848.000    838.297     3.7351     3.7345  32.607367  32.608726     2.2318   59.90414  -41.09232     4.9573         63 0.0000e+00
      22071    919.590    850.000    840.271     3.7304     3.7297  32.604200  32.605355     2.2306   59.90414  -41.09232     4.9573         47 0.0000e+00
      22111    921.242    852.000    842.244     3.7296     3.7290  32.604510  32.605773     2.2303   59.90414  -41.09234     4.9573         40 0.0000e+00
      22155    923.082    854.000    844.217     3.7294     3.7289  32.605287  32.606500     2.2299   59.90414  -41.09232     4.9573         48 0.0000e+00
      22203    925.079    856.000    846.190     3.7288     3.7283  32.605646  32.606818     2.2288   59.90414  -41.09232     4.9573         48 0.0000e+00
      22255    927.249    858.000    848.163     3.7288     3.7282  32.606470  32.607613     2.2281   59.90414  -41.09232     4.9573         53 0.0000e+00
      22300    929.108    860.000    850.136     3.7277     3.7271  32.606355  32.607583     2.2277   59.90414  -41.09232     4.9573         37 0.0000e+00
      22339    930.755    862.000    852.109     3.7257     3.7251  32.605420  32.606666     2.2269   59.90414  -41.09232     4.9573         48 0.0000e+00
      22403    933.417    864.000    854.082     3.7245     3.7239  32.605155  32.606296     2.2267   59.90414  -41.09232     4.9571         67 0.0000e+00
      22453    935.511    866.000    856.055     3.7231     3.7226  32.604901  32.606171     2.2261   59.90414  -41.09232     4.9570         39 0.0000e+00
      22490    937.050    868.000    858.027     3.7228     3.7222  32.605706  32.606864     2.2258   59.90414  -41.09232     4.9570         38 0.0000e+00
      22533    938.828    870.000    860.001     3.7206     3.7199  32.604562  32.605719     2.2254   59.90414  -41.09232     4.9570         51 0.0000e+00
      22596    941.441    872.000    861.973     3.7179     3.7172  32.602782  32.603970     2.2254   59.90414  -41.09232     4.9571         65 0.0000e+00
      22646    943.522    874.000    863.946     3.7098     3.7093  32.596606  32.597802     2.2255   59.90414  -41.09232     4.9573         37 0.0000e+00
      22681    944.984    876.000    865.919     3.7086     3.7081  32.596589  32.597930     2.2251   59.90414  -41.09232     4.9573         38 0.0000e+00
      22728    946.962    878.000    867.892     3.7071     3.7063  32.596000  32.597087     2.2241   59.90414  -41.09233     4.9573         59 0.0000e+00
      22786    949.378    880.000    869.865     3.7049     3.7043  32.594981  32.596213     2.2238   59.90414  -41.09232     4.9573         48 0.0000e+00
      22826    951.047    882.000    871.838     3.7049     3.7044  32.595943  32.597221     2.2231   59.90412  -41.09232     4.9571         39 0.0000e+00
      22874    953.030    884.000    873.810     3.7044     3.7037  32.596321  32.597475     2.2230   59.90414  -41.09232     4.9570         55 0.0000e+00
      22924    955.122    886.000    875.783     3.7021     3.7017  32.595157  32.596560     2.2230   59.90414  -41.09232     4.9569         45 0.0000e+00
      22979    957.427    888.000    877.756     3.7006     3.6997  32.594626  32.595473     2.2224   59.90414  -41.09232     4.9570         67 0.0000e+00
      23034    959.695    890.000    879.728     3.6979     3.6975  32.592913  32.594436     2.2222   59.90414  -41.09232     4.9571         36 0.0000e+00
      23064    960.960    892.000    881.701     3.6967     3.6963  32.592903  32.594375     2.2220   59.90412  -41.09232     4.9570         31 0.0000e+00
      23111    962.912    894.000    883.674     3.6945     3.6939  32.591639  32.592831     2.2214   59.90413  -41.09232     4.9570         72 0.0000e+00
      23181    965.843    896.000    885.647     3.6916     3.6905  32.589961  32.590797     2.2205   59.90414  -41.09233     4.9570         47 0.0000e+00
      23216    967.310    898.000    887.619     3.6885     3.6879  32.588027  32.589355     2.2198   59.90414  -41.09233     4.9573         33 0.0000e+00
      23250    968.717    900.000    889.592     3.6865     3.6859  32.587162  32.588405     2.2194   59.90414  -41.09232     4.9573         37 0.0000e+00
      23300    970.780    902.000    891.565     3.6840     3.6832  32.585692  32.586660     2.2191   59.90414  -41.09232     4.9573         64 0.0000e+00
      23361    973.346    904.000    893.537     3.6810     3.6803  32.583928  32.584981     2.2188   59.90414  -41.09232     4.9573         53 0.0000e+00
      23410    975.364    906.000    895.510     3.6803     3.6797  32.584178  32.585279     2.2190   59.90414  -41.09232     4.9572         45 0.0000e+00
      23452    977.110    908.000    897.482     3.6798     3.6794  32.584801  32.586038     2.2185   59.90414  -41.09232     4.9569         41 0.0000e+00
      23498    979.043    910.000    899.455     3.6799     3.6795  32.585733  32.586935     2.2180   59.90414  -41.09232     4.9570         51 0.0000e+00
      23546    981.040    912.000    901.427     3.6784     3.6779  32.585235  32.586508     2.2172   59.90414  -41.09232     4.9570         45 0.0000e+00
      23596    983.107    914.000    903.400     3.6780     3.6775  32.585695  32.587014     2.2168   59.90414  -41.09232     4.9570         56 0.0000e+00
      23650    985.375    916.000    905.372     3.6775     3.6770  32.586103  32.587346     2.2164   59.90414  -41.09232     4.9571         47 0.0000e+00
      23690    987.052    918.000    907.345     3.6752     3.6751  32.584866  32.586724     2.2165   59.90414  -41.09232     4.9570         37 0.0000e+00
      23731    988.753    920.000    909.317     3.6708     3.6702  32.581762  32.582932     2.2162   59.90414  -41.09232     4.9570         48 0.0000e+00
      23787    991.085    922.000    911.290     3.6709     3.6704  32.582700  32.583800     2.2156   59.90414  -41.09232     4.9571         59 0.0000e+00
      23839    993.238    924.000    913.262     3.6707     3.6704  32.583430  32.584781     2.2149   59.90414  -41.09232     4.9573         45 0.0000e+00
      23880    994.950    926.000    915.234     3.6701     3.6697  32.583833  32.585090     2.2141   59.90414  -41.09232     4.9573         39 0.0000e+00
      23927    996.924    928.000    917.207     3.6701     3.6695  32.584629  32.585631     2.2138   59.90414  -41.09232     4.9571         58 0.0000e+00
      23981    999.157    930.000    919.179     3.6699     3.6692  32.585299  32.586370     2.2137   59.90414  -41.09232     4.9568         42 0.0000e+00
      24021   1000.824    932.000    921.152     3.6698     3.6691  32.586145  32.587147     2.2132   59.90413  -41.09232     4.9568         47 0.0000e+00
      24080   1003.291    934.000    923.124     3.6707     3.6702  32.587698  32.588861     2.2125   59.90412  -41.09232     4.9571         60 0.0000e+00
      24126   1005.226    936.000    925.096     3.6708     3.6701  32.588712  32.589903     2.2123   59.90412  -41.09232     4.9569         39 0.0000e+00
      24165   1006.837    938.000    927.068     3.6649     3.6646  32.584323  32.585801     2.2117   59.90412  -41.09232     4.9570         40 0.0000e+00
      24210   1008.697    940.000    929.041     3.6604     3.6598  32.581054  32.582198     2.2117   59.90412  -41.09232     4.9570         50 0.0000e+00
      24265   1011.011    942.000    931.013     3.6590     3.6584  32.580651  32.581682     2.2114   59.90412  -41.09232     4.9569         59 0.0000e+00
      24316   1013.129    944.000    932.985     3.6592     3.6585  32.581735  32.582802     2.2100   59.90412  -41.09232     4.9568         40 0.0000e+00
      24354   1014.693    946.000    934.957     3.6577     3.6572  32.581314  32.582523     2.2098   59.90412  -41.09232     4.9567         40 0.0000e+00
      24406   1016.888    948.000    936.930     3.6564     3.6559  32.580878  32.582137     2.2098   59.90412  -41.09232     4.9571         64 0.0000e+00
      24463   1019.263    950.000    938.902     3.6541     3.6535  32.579763  32.580925     2.2095   59.90412  -41.09232     4.9570         48 0.0000e+00
      24508   1021.124    952.000    940.874     3.6531     3.6526  32.579810  32.581016     2.2085   59.90412  -41.09232     4.9569         43 0.0000e+00
      24552   1022.973    954.000    942.846     3.6526     3.6520  32.580194  32.581343     2.2085   59.90412  -41.09232     4.9570         46 0.0000e+00
      24599   1024.920    956.000    944.818     3.6525     3.6520  32.581005  32.582186     2.2079   59.90412  -41.09232     4.9569         46 0.0000e+00
      24643   1026.760    958.000    946.790     3.6521     3.6516  32.581491  32.582716     2.2072   59.90412  -41.09234     4.9570         43 0.0000e+00
      24689   1028.662    960.000    948.762     3.6491     3.6485  32.579575  32.580800     2.2070   59.90412  -41.09233     4.9569         51 0.0000e+00
      24742   1030.875    962.000    950.734     3.6474     3.6471  32.579018  32.580243     2.2072   59.90412  -41.09232     4.9570         51 0.0000e+00
      24792   1032.957    964.000    952.706     3.6414     3.6412  32.574364  32.576152     2.2070   59.90412  -41.09233     4.9570         51 0.0000e+00
      24841   1034.983    966.000    954.678     3.6369     3.6363  32.571405  32.572539     2.2061   59.90412  -41.09234     4.9570         46 0.0000e+00
      24886   1036.854    968.000    956.650     3.6359     3.6353  32.571406  32.572544     2.2054   59.90412  -41.09233     4.9571         43 0.0000e+00
      24927   1038.595    970.000    958.622     3.6339     3.6333  32.570471  32.571614     2.2048   59.90412  -41.09232     4.9569         43 0.0000e+00
      24983   1040.917    972.000    960.594     3.6308     3.6302  32.568570  32.569617     2.2047   59.90412  -41.09233     4.9569         68 0.0000e+00
      25041   1043.320    974.000    962.566     3.6284     3.6278  32.567227  32.568410     2.2044   59.90412  -41.09234     4.9569         42 0.0000e+00
      25077   1044.846    976.000    964.538     3.6258     3.6252  32.565876  32.567143     2.2043   59.90412  -41.09234     4.9568         36 0.0000e+00
      25117   1046.494    978.000    966.510     3.6246     3.6239  32.565738  32.566855     2.2042   59.90412  -41.09232     4.9569         43 0.0000e+00
      25169   1048.665    980.000    968.482     3.6223     3.6216  32.564481  32.565543     2.2034   59.90412  -41.09232     4.9569         69 0.0000e+00
      25233   1051.323    982.000    970.454     3.6163     3.6157  32.559937  32.561289     2.2029   59.90412  -41.09234     4.9570         42 0.0000e+00
      25265   1052.679    984.000    972.426     3.6094     3.6090  32.554542  32.556152     2.2028   59.90412  -41.09234     4.9569         32 0.0000e+00
      25300   1054.142    986.000    974.398     3.6041     3.6035  32.550663  32.551956     2.2020   59.90412  -41.09232     4.9570         42 0.0000e+00
      25372   1057.113    988.000    976.369     3.6031     3.6022  32.550569  32.551465     2.2014   59.90412  -41.09232     4.9569         80 0.0000e+00
      25420   1059.129    990.000    978.341     3.5971     3.5965  32.546136  32.547399     2.2012   59.90412  -41.09234     4.9568         32 0.0000e+00
      25452   1060.457    992.000    980.313     3.5950     3.5945  32.545160  32.546431     2.2009   59.90412  -41.09234     4.9570         35 0.0000e+00
      25504   1062.622    994.000    982.285     3.5944     3.5939  32.545344  32.546668     2.2001   59.90413  -41.09232     4.9569         69 0.0000e+00
      25563   1065.067    996.000    984.256     3.5921     3.5914  32.544365  32.545350     2.2002   59.90412  -41.09233     4.9568         43 0.0000e+00
      25601   1066.658    998.000    986.228     3.5907     3.5903  32.543963  32.545286     2.1995   59.90412  -41.09234     4.9569         37 0.0000e+00
      25641   1068.324   1000.000    988.200     3.5886     3.5881  32.542899  32.544274     2.1991   59.90413  -41.09233     4.9569         45 0.0000e+00
      25695   1070.574   1002.000    990.171     3.5804     3.5798  32.536300  32.537659     2.1990   59.90414  -41.09232     4.9569         57 0.0000e+00
      25744   1072.643   1004.000    992.143     3.5758     3.5752  32.533162  32.534174     2.1981   59.90413  -41.09232     4.9569         47 0.0000e+00
      25796   1074.782   1006.000    994.114     3.5764     3.5759  32.534441  32.535640     2.1979   59.90414  -41.09232     4.9568         54 0.0000e+00
      25843   1076.762   1008.000    996.086     3.5762     3.5757  32.535306  32.536441     2.1979   59.90414  -41.09234     4.9569         41 0.0000e+00
      25883   1078.411   1010.000    998.058     3.5759     3.5752  32.535845  32.537021     2.1980   59.90414  -41.09233     4.9569         40 0.0000e+00
      25930   1080.395   1012.000   1000.029     3.5735     3.5730  32.534518  32.535702     2.1980   59.90414  -41.09232     4.9569         57 0.0000e+00
      25989   1082.849   1014.000   1002.001     3.5728     3.5722  32.534712  32.535871     2.1974   59.90414  -41.09232     4.9570         55 0.0000e+00
      26039   1084.920   1016.000   1003.972     3.5678     3.5670  32.531136  32.532092     2.1965   59.90414  -41.09234     4.9570         45 0.0000e+00
      26079   1086.583   1018.000   1005.944     3.5665     3.5659  32.530871  32.532011     2.1955   59.90414  -41.09233     4.9570         36 0.0000e+00
      26119   1088.238   1020.000   1007.916     3.5662     3.5657  32.531492  32.532643     2.1950   59.90414  -41.09232     4.9568         49 0.0000e+00
      26179   1090.759   1022.000   1009.887     3.5628     3.5622  32.529103  32.530263     2.1945   59.90414  -41.09233     4.9569         58 0.0000e+00
      26220   1092.477   1024.000   1011.858     3.5620     3.5614  32.529388  32.530434     2.1941   59.90414  -41.09234     4.9570         34 0.0000e+00
      26263   1094.239   1026.000   1013.830     3.5608     3.5599  32.529052  32.530053     2.1934   59.90414  -41.09233     4.9569         61 0.0000e+00
      26334   1097.206   1028.000   1015.801     3.5574     3.5573  32.526796  32.528435     2.1927   59.90414  -41.09232     4.9569         56 0.0000e+00
      26371   1098.751   1030.000   1017.773     3.5525     3.5519  32.523359  32.524480     2.1931   59.90414  -41.09234     4.9569         33 0.0000e+00
      26406   1100.199   1032.000   1019.744     3.5500     3.5496  32.521927  32.523388     2.1929   59.90414  -41.09233     4.9569         39 0.0000e+00
      26461   1102.503   1034.000   1021.716     3.5482     3.5476  32.520990  32.522110     2.1922   59.90414  -41.09232     4.9568         68 0.0000e+00
