Example_Files/SBE_Processing_Files/Processed_SBE_cast_files/downcasts/dar69-01_016.cnv
* Sea-Bird SBE 9 Data File:
* FileName = D:\data\ar69-01_016.hex
* Software Version Seasave V 7.26.7.107
* Temperature SN = 4491
* Conductivity SN = 3009
* Number of Bytes Per Scan = 44
* Number of Voltage Words = 5
* Number of Scans Averaged by the Deck Unit = 1
* NMEA Latitude = 59 38.89 N
* NMEA Longitude = 038 34.97 W
* NMEA UTC (Time) = Jul 04 2022  07:20:38
** Cruise ID: AR69-01
** Chief Sci:
** Station #: 016
** Site ID: M4 OSNAP acoustic releases
# nquan = 14
# nvalues = 1509                        
# units = specified
# name 0 = scan: Scan Count
# name 1 = timeS: Time, Elapsed [seconds]
# name 2 = prDM: Pressure, Digiquartz [db]
# name 3 = depSM: Depth [salt water, m]
# name 4 = t090C: Temperature [ITS-90, deg C]
# name 5 = t190C: Temperature, 2 [ITS-90, deg C]
# name 6 = c0mS/cm: Conductivity [mS/cm]
# name 7 = c1mS/cm: Conductivity, 2 [mS/cm]
# name 8 = sbeox0V: Oxygen raw, SBE 43 [V]
# name 9 = latitude: Latitude [deg]
# name 10 = longitude: Longitude [deg]
# name 11 = v7: Voltage 7
# name 12 = nbin: number of scans per bin
# name 13 = flag: flag
# span 0 =        380,      85795       
# span 1 =     15.785,   3574.740       
# span 2 =      4.000,   3020.000       
# span 3 =      3.962,   2970.327       
# span 4 =     1.4102,     7.4276       
# span 5 =     1.4086,     7.4270       
# span 6 =  31.429603,  35.483796       
# span 7 =  31.426934,  35.485366       
# span 8 =     1.7793,     2.8223       
# span 9 =   59.64806,   59.64809       
# span 10 =  -38.58288,  -38.58284      
# span 11 =     4.9560,     4.9575      
# span 12 =          1,        118      
# span 13 = 0.0000e+00, 0.0000e+00      
# interval = decibars: 2                
# start_time = Jul 04 2022 07:20:38 [NMEA time, first data scan]
# bad_flag = -9.990e-29
*END*
[from data line 517]
      26557   1106.499   1038.000   1025.679     3.4058     3.4072  32.374951  32.373568     2.2269   59.64808  -38.58286     4.9567         50 0.0000e+00
      26605   1108.500   1040.000   1027.651     3.4066     3.4071  32.376747  32.374044     2.2263   59.64808  -38.58286     4.9565         47 0.0000e+00
      26651   1110.426   1042.000   1029.622     3.4068     3.4071  32.377949  32.374755     2.2254   59.64808  -38.58286     4.9565         46 0.0000e+00
      26698   1112.365   1044.000   1031.593     3.4063     3.4071  32.378249  32.375602     2.2250   59.64808  -38.58286     4.9571         46 0.0000e+00
      26744   1114.275   1046.000   1033.565     3.4048     3.4064  32.377698  32.376150     2.2247   59.64808  -38.58286     4.9565         46 0.0000e+00
      26791   1116.233   1048.000   1035.536     3.4050     3.4058  32.378873  32.375970     2.2245   59.64808  -38.58286     4.9566         48 0.0000e+00
      26837   1118.167   1050.000   1037.507     3.4055     3.4058  32.380281  32.376411     2.2241   59.64808  -38.58286     4.9567         46 0.0000e+00
      26888   1120.296   1052.000   1039.478     3.4085     3.4061  32.384303  32.376813     2.2238   59.64808  -38.58286     4.9568         55 0.0000e+00
      26938   1122.382   1054.000   1041.450     3.4100     3.4077  32.386716  32.378181     2.2235   59.64808  -38.58286     4.9565         44 0.0000e+00
      26981   1124.160   1056.000   1043.421     3.4098     3.4084  32.387340  32.380226     2.2228   59.64808  -38.58286     4.9569         44 0.0000e+00
      27029   1126.185   1058.000   1045.392     3.4105     3.4088  32.388993  32.379313     2.2221   59.64808  -38.58286     4.9565         52 0.0000e+00
      27080   1128.289   1060.000   1047.363     3.4115     3.4097  32.390889  32.379115     2.2214   59.64808  -38.58286     4.9567         47 0.0000e+00
      27124   1130.137   1062.000   1049.335     3.4129     3.4105  32.393342  32.380857     2.2206   59.64808  -38.58286     4.9567         44 0.0000e+00
      27172   1132.116   1064.000   1051.306     3.4134     3.4116  32.394603  32.382933     2.2199   59.64808  -38.58286     4.9567         52 0.0000e+00
      27223   1134.268   1066.000   1053.277     3.4123     3.4117  32.394414  32.385075     2.2190   59.64808  -38.58286     4.9566         49 0.0000e+00
      27269   1136.171   1068.000   1055.248     3.4131     3.4115  32.396102  32.386683     2.2181   59.64808  -38.58286     4.9565         44 0.0000e+00
      27313   1137.999   1070.000   1057.219     3.4155     3.4130  32.399515  32.388288     2.2176   59.64808  -38.58286     4.9566         43 0.0000e+00
      27357   1139.850   1072.000   1059.190     3.4144     3.4136  32.399255  32.390305     2.2171   59.64808  -38.58286     4.9566         47 0.0000e+00
      27411   1142.088   1074.000   1061.161     3.4161     3.4138  32.402076  32.392869     2.2163   59.64808  -38.58286     4.9567         59 0.0000e+00
      27464   1144.290   1076.000   1063.132     3.4164     3.4151  32.403237  32.394875     2.2158   59.64808  -38.58286     4.9566         44 0.0000e+00
      27505   1145.991   1078.000   1065.103     3.4156     3.4151  32.403271  32.397356     2.2155   59.64808  -38.58286     4.9566         41 0.0000e+00
      27551   1147.907   1080.000   1067.074     3.4148     3.4144  32.403288  32.398909     2.2155   59.64808  -38.58286     4.9566         52 0.0000e+00
      27604   1150.132   1082.000   1069.045     3.4144     3.4141  32.403814  32.399821     2.2153   59.64808  -38.58286     4.9566         52 0.0000e+00
      27653   1152.166   1084.000   1071.016     3.4131     3.4135  32.403214  32.400971     2.2149   59.64808  -38.58286     4.9566         47 0.0000e+00
      27698   1154.037   1086.000   1072.987     3.4078     3.4124  32.398663  32.401881     2.2149   59.64808  -38.58286     4.9566         42 0.0000e+00
      27738   1155.705   1088.000   1074.958     3.4020     3.4113  32.393851  32.402447     2.2154   59.64808  -38.58286     4.9567         40 0.0000e+00
      27783   1157.568   1090.000   1076.929     3.4000     3.4073  32.392839  32.392875     2.2152   59.64808  -38.58286     4.9567         52 0.0000e+00
      27840   1159.975   1092.000   1078.900     3.4020     3.4025  32.395758  32.358007     2.2143   59.64808  -38.58286     4.9566         56 0.0000e+00
      27891   1162.082   1094.000   1080.871     3.4052     3.4042  32.400079  32.393557     2.2136   59.64808  -38.58286     4.9566         49 0.0000e+00
      27938   1164.022   1096.000   1082.841     3.4061     3.4050  32.401907  32.399982     2.2132   59.64808  -38.58286     4.9567         43 0.0000e+00
      27979   1165.733   1098.000   1084.812     3.4064     3.4058  32.403096  32.403278     2.2128   59.64808  -38.58286     4.9567         42 0.0000e+00
      28027   1167.737   1100.000   1086.783     3.4032     3.4034  32.400554  32.401815     2.2125   59.64808  -38.58286     4.9567         53 0.0000e+00
      28079   1169.927   1102.000   1088.754     3.3995     3.3994  32.397740  32.398736     2.2122   59.64808  -38.58286     4.9568         50 0.0000e+00
      28127   1171.915   1104.000   1090.725     3.3968     3.3967  32.395906  32.395971     2.2120   59.64808  -38.58286     4.9567         46 0.0000e+00
      28170   1173.727   1106.000   1092.695     3.3939     3.3938  32.393992  32.394781     2.2120   59.64808  -38.58286     4.9566         43 0.0000e+00
      28217   1175.673   1108.000   1094.666     3.3940     3.3936  32.394936  32.395991     2.2116   59.64808  -38.58286     4.9567         50 0.0000e+00
      28264   1177.638   1110.000   1096.637     3.3933     3.3927  32.395059  32.396234     2.2110   59.64806  -38.58286     4.9567         42 0.0000e+00
      28306   1179.356   1112.000   1098.608     3.3940     3.3931  32.396778  32.397762     2.2110   59.64807  -38.58286     4.9567         44 0.0000e+00
      28357   1181.488   1114.000   1100.578     3.3947     3.3938  32.398302  32.399379     2.2104   59.64808  -38.58286     4.9567         56 0.0000e+00
      28412   1183.789   1116.000   1102.549     3.3962     3.3950  32.400863  32.401568     2.2094   59.64808  -38.58286     4.9566         54 0.0000e+00
      28461   1185.827   1118.000   1104.519     3.3941     3.3945  32.399521  32.401801     2.2090   59.64808  -38.58286     4.9566         42 0.0000e+00
      28500   1187.457   1120.000   1106.490     3.3907     3.3912  32.396917  32.399278     2.2090   59.64807  -38.58286     4.9567         40 0.0000e+00
      28546   1189.362   1122.000   1108.461     3.3886     3.3882  32.395869  32.396882     2.2084   59.64807  -38.58286     4.9567         53 0.0000e+00
      28598   1191.525   1124.000   1110.431     3.3896     3.3887  32.397836  32.398467     2.2083   59.64808  -38.58286     4.9567         47 0.0000e+00
      28644   1193.462   1126.000   1112.402     3.3903     3.3894  32.399409  32.400385     2.2078   59.64808  -38.58286     4.9567         49 0.0000e+00
      28694   1195.527   1128.000   1114.372     3.3890     3.3889  32.399059  32.400492     2.2074   59.64807  -38.58286     4.9566         46 0.0000e+00
      28735   1197.262   1130.000   1116.343     3.3880     3.3876  32.398959  32.400225     2.2070   59.64808  -38.58286     4.9567         40 0.0000e+00
      28779   1199.095   1132.000   1118.313     3.3875     3.3868  32.399273  32.400486     2.2067   59.64808  -38.58286     4.9567         51 0.0000e+00
      28834   1201.359   1134.000   1120.284     3.3869     3.3864  32.399582  32.400913     2.2064   59.64807  -38.58286     4.9567         51 0.0000e+00
      28879   1203.266   1136.000   1122.254     3.3860     3.3853  32.399596  32.400867     2.2062   59.64807  -38.58286     4.9567         46 0.0000e+00
      28932   1205.473   1138.000   1124.225     3.3872     3.3862  32.401709  32.402732     2.2053   59.64808  -38.58286     4.9567         56 0.0000e+00
      28981   1207.483   1140.000   1126.195     3.3871     3.3867  32.402356  32.404077     2.2048   59.64808  -38.58286     4.9566         40 0.0000e+00
      29019   1209.099   1142.000   1128.166     3.3852     3.3848  32.401306  32.402997     2.2046   59.64806  -38.58286     4.9566         40 0.0000e+00
      29063   1210.935   1144.000   1130.136     3.3846     3.3840  32.401636  32.403140     2.2046   59.64807  -38.58286     4.9567         49 0.0000e+00
      29119   1213.231   1146.000   1132.106     3.3835     3.3830  32.401497  32.402981     2.2043   59.64808  -38.58286     4.9566         62 0.0000e+00
      29175   1215.595   1148.000   1134.077     3.3830     3.3823  32.401808  32.403245     2.2035   59.64808  -38.58286     4.9567         45 0.0000e+00
      29214   1217.192   1150.000   1136.047     3.3831     3.3823  32.402839  32.404244     2.2032   59.64808  -38.58286     4.9566         36 0.0000e+00
      29250   1218.688   1152.000   1138.017     3.3835     3.3827  32.404141  32.405461     2.2034   59.64808  -38.58286     4.9567         37 0.0000e+00
      29295   1220.574   1154.000   1139.988     3.3841     3.3831  32.405601  32.406788     2.2031   59.64808  -38.58286     4.9567         58 0.0000e+00
      29361   1223.322   1156.000   1141.958     3.3857     3.3847  32.408176  32.409304     2.2023   59.64808  -38.58286     4.9566         60 0.0000e+00
      29406   1225.219   1158.000   1143.928     3.3862     3.3854  32.409670  32.410861     2.2014   59.64808  -38.58286     4.9566         39 0.0000e+00
      29446   1226.886   1160.000   1145.898     3.3864     3.3856  32.410710  32.412091     2.2005   59.64808  -38.58286     4.9567         42 0.0000e+00
      29494   1228.894   1162.000   1147.869     3.3860     3.3853  32.411137  32.412788     2.1996   59.64808  -38.58286     4.9566         55 0.0000e+00
      29546   1231.060   1164.000   1149.839     3.3857     3.3849  32.411726  32.413339     2.1988   59.64808  -38.58286     4.9566         45 0.0000e+00
      29588   1232.796   1166.000   1151.809     3.3861     3.3850  32.413075  32.414264     2.1986   59.64808  -38.58286     4.9566         42 0.0000e+00
      29634   1234.698   1168.000   1153.779     3.3872     3.3862  32.415058  32.416360     2.1984   59.64808  -38.58286     4.9566         49 0.0000e+00
      29682   1236.707   1170.000   1155.750     3.3872     3.3863  32.415877  32.417384     2.1980   59.64808  -38.58286     4.9566         48 0.0000e+00
      29730   1238.727   1172.000   1157.720     3.3864     3.3859  32.415933  32.417771     2.1979   59.64808  -38.58286     4.9566         48 0.0000e+00
      29777   1240.647   1174.000   1159.690     3.3853     3.3846  32.415819  32.417621     2.1975   59.64808  -38.58287     4.9566         45 0.0000e+00
      29824   1242.636   1176.000   1161.660     3.3847     3.3841  32.415976  32.418043     2.1966   59.64808  -38.58288     4.9566         52 0.0000e+00
      29878   1244.866   1178.000   1163.630     3.3842     3.3834  32.416348  32.418211     2.1965   59.64808  -38.58286     4.9566         49 0.0000e+00
      29921   1246.647   1180.000   1165.600     3.3841     3.3833  32.417125  32.419042     2.1962   59.64808  -38.58286     4.9566         40 0.0000e+00
      29964   1248.477   1182.000   1167.570     3.3836     3.3829  32.417344  32.419524     2.1954   59.64808  -38.58286     4.9566         49 0.0000e+00
      30013   1250.514   1184.000   1169.540     3.3829     3.3822  32.417541  32.419754     2.1948   59.64808  -38.58286     4.9567         47 0.0000e+00
      30063   1252.567   1186.000   1171.510     3.3826     3.3817  32.418149  32.420168     2.1942   59.64808  -38.58286     4.9567         53 0.0000e+00
      30113   1254.687   1188.000   1173.480     3.3831     3.3820  32.419656  32.421206     2.1940   59.64808  -38.58286     4.9566         45 0.0000e+00
      30156   1256.463   1190.000   1175.450     3.3824     3.3819  32.419748  32.422111     2.1938   59.64808  -38.58286     4.9567         43 0.0000e+00
      30201   1258.336   1192.000   1177.420     3.3836     3.3822  32.421919  32.423082     2.1936   59.64808  -38.58286     4.9567         47 0.0000e+00
      30249   1260.322   1194.000   1179.390     3.3845     3.3834  32.423735  32.425199     2.1931   59.64808  -38.58286     4.9566         47 0.0000e+00
      30294   1262.218   1196.000   1181.360     3.3852     3.3841  32.425390  32.426681     2.1927   59.64808  -38.58286     4.9567         46 0.0000e+00
      30342   1264.196   1198.000   1183.330     3.3857     3.3848  32.426690  32.428187     2.1920   59.64808  -38.58286     4.9566         50 0.0000e+00
      30395   1266.409   1200.000   1185.299     3.3854     3.3845  32.427287  32.428898     2.1913   59.64808  -38.58286     4.9566         54 0.0000e+00
      30447   1268.596   1202.000   1187.269     3.3863     3.3853  32.429217  32.430465     2.1902   59.64808  -38.58286     4.9567         50 0.0000e+00
      30494   1270.535   1204.000   1189.239     3.3873     3.3861  32.431168  32.432188     2.1895   59.64808  -38.58286     4.9566         42 0.0000e+00
      30533   1272.151   1206.000   1191.209     3.3880     3.3869  32.432684  32.433878     2.1890   59.64808  -38.58286     4.9567         39 0.0000e+00
      30579   1274.077   1208.000   1193.179     3.3892     3.3880  32.434944  32.435810     2.1883   59.64808  -38.58286     4.9567         55 0.0000e+00
      30631   1276.260   1210.000   1195.149     3.3897     3.3887  32.436272  32.437599     2.1878   59.64808  -38.58286     4.9566         45 0.0000e+00
      30674   1278.032   1212.000   1197.118     3.3898     3.3888  32.437383  32.438571     2.1877   59.64808  -38.58286     4.9565         43 0.0000e+00
      30721   1280.008   1214.000   1199.088     3.3900     3.3891  32.438390  32.439759     2.1873   59.64808  -38.58286     4.9566         52 0.0000e+00
      30775   1282.255   1216.000   1201.058     3.3901     3.3892  32.439397  32.440698     2.1862   59.64808  -38.58286     4.9566         54 0.0000e+00
      30825   1284.330   1218.000   1203.027     3.3902     3.3893  32.440352  32.441711     2.1851   59.64808  -38.58286     4.9566         46 0.0000e+00
      30869   1286.180   1220.000   1204.997     3.3904     3.3895  32.441445  32.442832     2.1845   59.64808  -38.58286     4.9566         45 0.0000e+00
      30914   1288.044   1222.000   1206.967     3.3899     3.3891  32.441800  32.443468     2.1836   59.64808  -38.58286     4.9566         42 0.0000e+00
      30957   1289.836   1224.000   1208.937     3.3909     3.3895  32.443761  32.444600     2.1831   59.64808  -38.58286     4.9566         47 0.0000e+00
      31008   1291.938   1226.000   1210.906     3.3921     3.3910  32.445770  32.446929     2.1826   59.64808  -38.58286     4.9566         52 0.0000e+00
      31061   1294.179   1228.000   1212.876     3.3931     3.3918  32.447813  32.448639     2.1819   59.64808  -38.58286     4.9565         56 0.0000e+00
      31113   1296.347   1230.000   1214.845     3.3942     3.3930  32.449884  32.450765     2.1810   59.64808  -38.58286     4.9566         44 0.0000e+00
      31151   1297.909   1232.000   1216.815     3.3951     3.3939  32.451836  32.452599     2.1805   59.64808  -38.58286     4.9566         35 0.0000e+00
      31189   1299.517   1234.000   1218.785     3.3940     3.3935  32.451531  32.453346     2.1803   59.64808  -38.58286     4.9566         45 0.0000e+00
      31246   1301.855   1236.000   1220.754     3.3947     3.3934  32.453092  32.454058     2.1791   59.64808  -38.58286     4.9566         63 0.0000e+00
      31300   1304.138   1238.000   1222.724     3.3956     3.3946  32.454867  32.456079     2.1787   59.64808  -38.58286     4.9567         45 0.0000e+00
      31341   1305.824   1240.000   1224.693     3.3953     3.3945  32.455488  32.457088     2.1786   59.64808  -38.58286     4.9566         39 0.0000e+00
