Example_Files/SBE_Processing_Files/Processed_SBE_cast_files/downcasts/dar69-01_011.cnv
* Sea-Bird SBE 9 Data File:
* FileName = D:\data\ar69-01_011.hex
* Software Version Seasave V 7.26.7.107
* Temperature SN = 4491
* Conductivity SN = 3009
* Number of Bytes Per Scan = 44
* Number of Voltage Words = 5
* Number of Scans Averaged by the Deck Unit = 1
* NMEA Latitude = 59 50.97 N
* NMEA Longitude = 040 41.43 W
* NMEA UTC (Time) = Jun 29 2022  18:39:20
** Cruise ID: AR69-01
** Chief Sci:
** Station #: 011
** Site ID: M2
# nquan = 14
# nvalues = 1244                        
# units = specified
# name 0 = scan: Scan Count
# name 1 = timeS: Time, Elapsed [seconds]
# name 2 = prDM: Pressure, Digiquartz [db]
# name 3 = depSM: Depth [salt water, m]
# name 4 = t090C: Temperature [ITS-90, deg C]
# name 5 = t190C: Temperature, 2 [ITS-90, deg C]
# name 6 = c0mS/cm: Conductivity [mS/cm]
# name 7 = c1mS/cm: Conductivity, 2 [mS/cm]
# name 8 = sbeox0V: Oxygen raw, SBE 43 [V]
# name 9 = latitude: Latitude [deg]
# name 10 = longitude: Longitude [deg]
# name 11 = v7: Voltage 7
# name 12 = nbin: number of scans per bin
# name 13 = flag: flag
# span 0 =        362,      67951       
# span 1 =     15.029,   2831.261       
# span 2 =      2.000,   2488.000       
# span 3 =      1.982,   2450.053       
# span 4 =     1.8980,     7.0882       
# span 5 =     1.8988,     7.0863       
# span 6 =  31.650034,  35.261559       
# span 7 =  31.650620,  35.261687       
# span 8 =     1.8736,     2.8193       
# span 9 =   59.84695,   59.84946       
# span 10 =  -40.69256,  -40.69010      
# span 11 =     4.9560,     4.9573      
# span 12 =         12,        124      
# span 13 = 0.0000e+00, 0.0000e+00      
# interval = decibars: 2                
# start_time = Jun 29 2022 18:39:20 [NMEA time, first data scan]
# bad_flag = -9.990e-29
*END*
[from data line 1136]
      56294   2345.554   2274.000   2240.433     2.5661     2.5659  32.175104  32.175972     1.8778   59.84766  -40.69175     4.9560         67 0.0000e+00
      56367   2348.564   2276.000   2242.393     2.5623     2.5625  32.172736  32.173406     1.8782   59.84766  -40.69176     4.9560         57 0.0000e+00
      56410   2350.370   2278.000   2244.353     2.5630     2.5629  32.174525  32.175178     1.8779   59.84764  -40.69177     4.9560         42 0.0000e+00
      56456   2352.286   2280.000   2246.313     2.5591     2.5588  32.171112  32.172036     1.8781   59.84764  -40.69178     4.9560         47 0.0000e+00
      56495   2353.930   2282.000   2248.273     2.5546     2.5542  32.167538  32.168335     1.8792   59.84764  -40.69177     4.9560         33 0.0000e+00
      56528   2355.274   2284.000   2250.233     2.5415     2.5403  32.154364  32.155772     1.8802   59.84764  -40.69176     4.9560         34 0.0000e+00
      56590   2357.891   2286.000   2252.193     2.5354     2.5348  32.150465  32.150914     1.8797   59.84763  -40.69178     4.9560         65 0.0000e+00
      56660   2360.784   2288.000   2254.153     2.5256     2.5246  32.142171  32.142781     1.8791   59.84762  -40.69180     4.9560         35 0.0000e+00
      56691   2362.063   2290.000   2256.113     2.5184     2.5167  32.136008  32.136444     1.8795   59.84762  -40.69179     4.9560         30 0.0000e+00
      56720   2363.292   2292.000   2258.072     2.5081     2.5066  32.126992  32.128006     1.8798   59.84762  -40.69178     4.9560         30 0.0000e+00
      56777   2365.673   2294.000   2260.032     2.5009     2.4993  32.122015  32.121555     1.8796   59.84762  -40.69180     4.9560         59 0.0000e+00
      56863   2369.230   2296.000   2261.992     2.4992     2.4979  32.121240  32.121301     1.8790   59.84761  -40.69182     4.9560         30 0.0000e+00
      56885   2370.182   2298.000   2263.952     2.4969     2.4971  32.120849  32.121510     1.8790   59.84760  -40.69182     4.9560         24 0.0000e+00
      56910   2371.200   2300.000   2265.912     2.4983     2.4986  32.123493  32.124243     1.8788   59.84760  -40.69181     4.9560         26 0.0000e+00
      56956   2373.134   2302.000   2267.872     2.4959     2.4948  32.121552  32.121504     1.8782   59.84760  -40.69181     4.9560         54 0.0000e+00
      57038   2376.558   2304.000   2269.831     2.4893     2.4872  32.114546  32.115122     1.8769   59.84760  -40.69182     4.9560         40 0.0000e+00
      57072   2377.978   2306.000   2271.791     2.4782     2.4778  32.105882  32.106289     1.8774   59.84760  -40.69184     4.9560         36 0.0000e+00
      57108   2379.471   2308.000   2273.751     2.4672     2.4641  32.093187  32.094331     1.8799   59.84760  -40.69184     4.9560         36 0.0000e+00
      57147   2381.084   2310.000   2275.711     2.4244     2.4212  32.051865  32.052864     1.8826   59.84760  -40.69182     4.9560         45 0.0000e+00
      57254   2385.560   2312.000   2277.670     2.4117     2.4083  32.042300  32.040638     1.8863   59.84758  -40.69184     4.9560         71 0.0000e+00
      57326   2388.541   2314.000   2279.630     2.3929     2.3920  32.025375  32.025712     1.8884   59.84758  -40.69184     4.9560         61 0.0000e+00
      57423   2392.568   2316.000   2281.589     2.3796     2.3784  32.013462  32.013556     1.8913   59.84758  -40.69185     4.9560         73 0.0000e+00
      57518   2396.556   2318.000   2283.549     2.3657     2.3641  32.000160  32.000859     1.8932   59.84757  -40.69186     4.9560         60 0.0000e+00
      57599   2399.928   2320.000   2285.509     2.3519     2.3505  31.988026  31.988725     1.8952   59.84756  -40.69186     4.9560         37 0.0000e+00
      57693   2403.845   2322.000   2287.468     2.3511     2.3485  31.987942  31.987410     1.8956   59.84756  -40.69187     4.9560         47 0.0000e+00
      57780   2407.472   2324.000   2289.428     2.3343     2.3318  31.971993  31.972873     1.8964   59.84756  -40.69187     4.9560         39 0.0000e+00
      57903   2412.578   2326.000   2291.388     2.3298     2.3242  31.970150  31.966723     1.8967   59.84754  -40.69189     4.9560         67 0.0000e+00
      57982   2415.864   2328.000   2293.347     2.3191     2.3189  31.962476  31.962995     1.8964   59.84754  -40.69188     4.9560         42 0.0000e+00
      58070   2419.556   2330.000   2295.306     2.3192     2.3194  31.963492  31.964404     1.8960   59.84754  -40.69189     4.9560         63 0.0000e+00
      58187   2424.397   2332.000   2297.266     2.3188     2.3188  31.964337  31.964941     1.8949   59.84753  -40.69190     4.9560         70 0.0000e+00
      58265   2427.655   2334.000   2299.226     2.3199     2.3200  31.967161  31.967493     1.8938   59.84752  -40.69190     4.9560         55 0.0000e+00
      58363   2431.768   2336.000   2301.185     2.3120     2.3115  31.960518  31.961261     1.8926   59.84751  -40.69191     4.9560        124 0.0000e+00
      58470   2436.189   2338.000   2303.144     2.2976     2.2970  31.947832  31.948515     1.8924   59.84750  -40.69192     4.9560         62 0.0000e+00
      58541   2439.186   2340.000   2305.104     2.2908     2.2906  31.942435  31.943140     1.8929   59.84750  -40.69192     4.9560         88 0.0000e+00
      58659   2444.085   2342.000   2307.063     2.2867     2.2868  31.939480  31.940229     1.8936   59.84750  -40.69193     4.9560         78 0.0000e+00
      58735   2447.246   2344.000   2309.023     2.2853     2.2855  31.939208  31.939851     1.8939   59.84748  -40.69194     4.9560         66 0.0000e+00
      58858   2452.384   2346.000   2310.982     2.2848     2.2850  31.939416  31.940220     1.8930   59.84748  -40.69194     4.9560         58 0.0000e+00
      58927   2455.268   2348.000   2312.941     2.2807     2.2813  31.936135  31.937689     1.8930   59.84748  -40.69196     4.9560         65 0.0000e+00
      59023   2459.248   2350.000   2314.901     2.2710     2.2705  31.927542  31.928660     1.8936   59.84746  -40.69196     4.9560         60 0.0000e+00
      59135   2463.920   2352.000   2316.860     2.2598     2.2601  31.918507  31.919589     1.8943   59.84746  -40.69198     4.9560         66 0.0000e+00
      59210   2467.042   2354.000   2318.820     2.2485     2.2489  31.908189  31.909918     1.8951   59.84746  -40.69198     4.9560         66 0.0000e+00
      59313   2471.338   2356.000   2320.779     2.2369     2.2366  31.897931  31.898890     1.8963   59.84746  -40.69198     4.9560         64 0.0000e+00
      59422   2475.856   2358.000   2322.738     2.2300     2.2301  31.893091  31.893761     1.8972   59.84744  -40.69200     4.9560         59 0.0000e+00
      59489   2478.678   2360.000   2324.697     2.2263     2.2272  31.890593  31.892117     1.8979   59.84744  -40.69200     4.9560         65 0.0000e+00
      59607   2483.566   2362.000   2326.657     2.2216     2.2218  31.887488  31.888648     1.8981   59.84744  -40.69201     4.9560         66 0.0000e+00
      59693   2487.164   2364.000   2328.616     2.2093     2.2083  31.876503  31.877341     1.8984   59.84744  -40.69202     4.9560         35 0.0000e+00
      59772   2490.476   2366.000   2330.575     2.2068     2.2067  31.876496  31.877150     1.8985   59.84742  -40.69202     4.9560         50 0.0000e+00
      59874   2494.697   2368.000   2332.534     2.2034     2.2041  31.874427  31.875794     1.8986   59.84742  -40.69203     4.9560         65 0.0000e+00
      59957   2498.184   2370.000   2334.493     2.1997     2.1997  31.872053  31.872782     1.8990   59.84742  -40.69202     4.9560         57 0.0000e+00
      60091   2503.757   2372.000   2336.453     2.1980     2.1976  31.871085  31.871797     1.8982   59.84740  -40.69204     4.9560         38 0.0000e+00
      60154   2506.362   2374.000   2338.412     2.1901     2.1919  31.864404  31.867178     1.8981   59.84740  -40.69204     4.9560         65 0.0000e+00
      60269   2511.184   2376.000   2340.371     2.1819     2.1825  31.857221  31.859175     1.8972   59.84739  -40.69207     4.9560         73 0.0000e+00
      60364   2515.143   2378.000   2342.330     2.1644     2.1634  31.841315  31.842682     1.8962   59.84738  -40.69208     4.9560         52 0.0000e+00
      60430   2517.886   2380.000   2344.289     2.1532     2.1531  31.833152  31.833867     1.8964   59.84738  -40.69208     4.9560         81 0.0000e+00
      60571   2523.731   2382.000   2346.248     2.1458     2.1456  31.826977  31.828379     1.8957   59.84737  -40.69210     4.9560         55 0.0000e+00
      60628   2526.112   2384.000   2348.207     2.1351     2.1349  31.818558  31.819589     1.8952   59.84736  -40.69209     4.9560         52 0.0000e+00
      60735   2530.578   2386.000   2350.166     2.1259     2.1254  31.810377  31.812254     1.8954   59.84736  -40.69208     4.9560         48 0.0000e+00
      60838   2534.891   2388.000   2352.125     2.1152     2.1140  31.801341  31.802819     1.8949   59.84735  -40.69211     4.9560         38 0.0000e+00
      60900   2537.451   2390.000   2354.084     2.1026     2.1007  31.790838  31.791296     1.8953   59.84734  -40.69210     4.9560         45 0.0000e+00
      61023   2542.573   2392.000   2356.043     2.0972     2.0967  31.786646  31.788523     1.8947   59.84734  -40.69212     4.9560         51 0.0000e+00
      61192   2549.636   2394.000   2358.002     2.0899     2.0912  31.782323  31.784135     1.8946   59.84732  -40.69213     4.9560        106 0.0000e+00
      61636   2568.124   2396.000   2359.961     2.0880     2.0881  31.781183  31.782265     1.8945   59.84730  -40.69214     4.9560         69 0.0000e+00
      62969   2623.671   2398.000   2361.920     2.0861     2.0865  31.780422  31.781530     1.8937   59.84724  -40.69222     4.9560         60 0.0000e+00
      63170   2632.026   2400.000   2363.879     2.0820     2.0819  31.777376  31.778241     1.8933   59.84724  -40.69224     4.9560         48 0.0000e+00
      63238   2634.880   2402.000   2365.838     2.0693     2.0697  31.766227  31.768381     1.8932   59.84722  -40.69223     4.9560         71 0.0000e+00
      63346   2639.375   2404.000   2367.797     2.0598     2.0612  31.759128  31.761497     1.8926   59.84722  -40.69224     4.9560         48 0.0000e+00
      63413   2642.174   2406.000   2369.755     2.0545     2.0552  31.755542  31.756873     1.8924   59.84722  -40.69224     4.9560         74 0.0000e+00
      63517   2646.494   2408.000   2371.714     2.0444     2.0438  31.746552  31.747727     1.8923   59.84722  -40.69225     4.9560         51 0.0000e+00
      63590   2649.531   2410.000   2373.673     2.0276     2.0270  31.731752  31.733546     1.8913   59.84722  -40.69225     4.9560         56 0.0000e+00
      63683   2653.423   2412.000   2375.632     2.0184     2.0178  31.725272  31.725817     1.8904   59.84722  -40.69226     4.9560         44 0.0000e+00
      63758   2656.558   2414.000   2377.591     2.0136     2.0141  31.722169  31.723212     1.8903   59.84722  -40.69225     4.9560         93 0.0000e+00
      63868   2661.125   2416.000   2379.549     1.9996     1.9994  31.709901  31.711280     1.8895   59.84722  -40.69226     4.9560         76 0.0000e+00
      63960   2664.955   2418.000   2381.508     1.9815     1.9813  31.695016  31.695990     1.8891   59.84722  -40.69226     4.9560         41 0.0000e+00
      64021   2667.516   2420.000   2383.467     1.9785     1.9780  31.693527  31.693912     1.8890   59.84722  -40.69226     4.9560         58 0.0000e+00
      64140   2672.470   2422.000   2385.426     1.9742     1.9736  31.690491  31.690975     1.8883   59.84722  -40.69228     4.9560         50 0.0000e+00
      64213   2675.507   2424.000   2387.384     1.9635     1.9646  31.681993  31.683822     1.8881   59.84720  -40.69228     4.9560         98 0.0000e+00
      64329   2680.325   2426.000   2389.343     1.9308     1.9315  31.652698  31.655961     1.8891   59.84720  -40.69229     4.9560         72 0.0000e+00
      64417   2684.009   2428.000   2391.302     1.9257     1.9268  31.650672  31.652248     1.8893   59.84720  -40.69229     4.9560         67 0.0000e+00
      64503   2687.565   2430.000   2393.260     1.9238     1.9238  31.650034  31.650620     1.8893   59.84720  -40.69229     4.9560         43 0.0000e+00
      64609   2692.012   2432.000   2395.219     1.9242     1.9240  31.651133  31.651653     1.8891   59.84720  -40.69231     4.9560         63 0.0000e+00
      64682   2695.032   2434.000   2397.177     1.9229     1.9229  31.650846  31.651413     1.8892   59.84720  -40.69230     4.9560         66 0.0000e+00
      64822   2700.882   2436.000   2399.136     1.9223     1.9223  31.651131  31.651612     1.8884   59.84720  -40.69232     4.9560         88 0.0000e+00
      64895   2703.915   2438.000   2401.094     1.9220     1.9223  31.651718  31.652377     1.8881   59.84720  -40.69231     4.9560         45 0.0000e+00
      64980   2707.473   2440.000   2403.053     1.9215     1.9215  31.651834  31.652591     1.8874   59.84719  -40.69232     4.9560         56 0.0000e+00
      65083   2711.768   2442.000   2405.012     1.9207     1.9207  31.652109  31.652564     1.8871   59.84718  -40.69232     4.9560         69 0.0000e+00
      65229   2717.833   2444.000   2406.970     1.9198     1.9201  31.651869  31.652912     1.8868   59.84718  -40.69234     4.9560         46 0.0000e+00
      65272   2719.607   2446.000   2408.929     1.9182     1.9186  31.651434  31.652315     1.8869   59.84718  -40.69232     4.9560         46 0.0000e+00
      65419   2725.739   2448.000   2410.887     1.9179     1.9179  31.651769  31.652608     1.8860   59.84717  -40.69234     4.9560         42 0.0000e+00
      65489   2728.646   2450.000   2412.846     1.9170     1.9170  31.651963  31.652412     1.8858   59.84716  -40.69234     4.9560         61 0.0000e+00
      65629   2734.489   2452.000   2414.804     1.9166     1.9169  31.652384  31.653140     1.8852   59.84716  -40.69236     4.9560         52 0.0000e+00
      65688   2736.958   2454.000   2416.762     1.9166     1.9166  31.653141  31.653673     1.8851   59.84715  -40.69236     4.9560         64 0.0000e+00
      65824   2742.630   2456.000   2418.721     1.9163     1.9167  31.653463  31.654510     1.8849   59.84714  -40.69238     4.9560         43 0.0000e+00
      65876   2744.798   2458.000   2420.679     1.9138     1.9141  31.652288  31.652983     1.8848   59.84713  -40.69238     4.9560         59 0.0000e+00
      66015   2750.592   2460.000   2422.638     1.9135     1.9135  31.652606  31.653334     1.8837   59.84712  -40.69239     4.9560         45 0.0000e+00
      66079   2753.255   2462.000   2424.596     1.9113     1.9114  31.651612  31.652131     1.8836   59.84711  -40.69239     4.9560         84 0.0000e+00
      66223   2759.243   2464.000   2426.554     1.9108     1.9110  31.651813  31.652697     1.8828   59.84710  -40.69240     4.9560         61 0.0000e+00
      66274   2761.386   2466.000   2428.513     1.9086     1.9085  31.650806  31.651324     1.8834   59.84710  -40.69240     4.9560         34 0.0000e+00
      66366   2765.211   2468.000   2430.471     1.9081     1.9078  31.651060  31.651483     1.8828   59.84708  -40.69241     4.9560         44 0.0000e+00
      66460   2769.132   2470.000   2432.429     1.9071     1.9072  31.650978  31.651600     1.8823   59.84708  -40.69242     4.9560         50 0.0000e+00
      66594   2774.714   2472.000   2434.387     1.9071     1.9072  31.651724  31.652357     1.8816   59.84706  -40.69244     4.9560        110 0.0000e+00
      66697   2779.017   2474.000   2436.346     1.9068     1.9067  31.652349  31.652681     1.8815   59.84705  -40.69245     4.9560         61 0.0000e+00
      66787   2782.746   2476.000   2438.304     1.9065     1.9068  31.652938  31.653525     1.8812   59.84704  -40.69245     4.9560         66 0.0000e+00
