Example_Files/SBE_Processing_Files/Processed_SBE_cast_files/downcasts/dar69-01_008.cnv
* Sea-Bird SBE 9 Data File:
* FileName = D:\data\ar69-01_008.hex
* Software Version Seasave V 7.26.7.107
* Temperature SN = 4491
* Conductivity SN = 3009
* Number of Bytes Per Scan = 44
* Number of Voltage Words = 5
* Number of Scans Averaged by the Deck Unit = 1
* NMEA Latitude = 55 58.83 N
* NMEA Longitude = 043 11.33 W
* NMEA UTC (Time) = Jun 27 2022  11:04:26
** Cruise ID: AR69-01
** Chief Sci:
** Station #: 008
** Site ID: Transit - cal. dip (microcats)
# nquan = 14
# nvalues = 1525                        
# units = specified
# name 0 = scan: Scan Count
# name 1 = timeS: Time, Elapsed [seconds]
# name 2 = prDM: Pressure, Digiquartz [db]
# name 3 = depSM: Depth [salt water, m]
# name 4 = t090C: Temperature [ITS-90, deg C]
# name 5 = t190C: Temperature, 2 [ITS-90, deg C]
# name 6 = c0mS/cm: Conductivity [mS/cm]
# name 7 = c1mS/cm: Conductivity, 2 [mS/cm]
# name 8 = sbeox0V: Oxygen raw, SBE 43 [V]
# name 9 = latitude: Latitude [deg]
# name 10 = longitude: Longitude [deg]
# name 11 = v7: Voltage 7
# name 12 = nbin: number of scans per bin
# name 13 = flag: flag
# span 0 =        -71,      96249       
# span 1 =     -2.989,   4010.336       
# span 2 =      4.000,   3052.000       
# span 3 =      3.964,   3002.495       
# span 4 =     2.6898,     5.8333       
# span 5 =     2.6901,     5.8327       
# span 6 =  31.819345,  33.945955       
# span 7 =  31.820993,  33.948187       
# span 8 =     1.7227,     2.8170       
# span 9 =   55.98054,   55.98071       
# span 10 =  -43.18880,  -43.18475      
# span 11 =     4.9560,     4.9573      
# span 12 =         18,        111      
# span 13 = 0.0000e+00, 0.0000e+00      
# interval = decibars: 2                
# start_time = Jun 27 2022 11:04:26 [NMEA time, first data scan]
# bad_flag = -9.990e-29
*END*
        -71     -2.989      4.000      3.964     5.8330     5.8327  33.941627  33.943410     2.8170   55.98054  -43.18880     4.9573         32 0.0000e+00
        655     27.268      6.000      5.945     5.8333     5.8318  33.942358  33.943974     2.8136   55.98054  -43.18875     4.9573         68 0.0000e+00
       1209     50.345      8.000      7.927     5.8289     5.8274  33.939372  33.940955     2.8128   55.98054  -43.18872     4.9573         63 0.0000e+00
       1291     53.770     10.000      9.909     5.8230     5.8224  33.934937  33.937199     2.8122   55.98055  -43.18871     4.9573         56 0.0000e+00
       1368     56.974     12.000     11.890     5.8232     5.8223  33.935848  33.937875     2.8119   55.98055  -43.18870     4.9573         95 0.0000e+00
       1445     60.164     14.000     13.872     5.8232     5.8222  33.936825  33.938846     2.8107   55.98056  -43.18870     4.9573         73 0.0000e+00
       1540     64.111     16.000     15.854     5.8235     5.8227  33.938233  33.940145     2.8110   55.98055  -43.18870     4.9573         80 0.0000e+00
       1587     66.065     18.000     17.835     5.8237     5.8229  33.939533  33.941397     2.8112   55.98056  -43.18869     4.9573         40 0.0000e+00
       1688     70.308     20.000     19.817     5.8240     5.8230  33.939746  33.942332     2.8109   55.98056  -43.18869     4.9573         65 0.0000e+00
       1771     73.746     22.000     21.799     5.8230     5.8222  33.940727  33.942575     2.8101   55.98056  -43.18870     4.9573         43 0.0000e+00
       1835     76.425     24.000     23.780     5.8223     5.8216  33.941014  33.942969     2.8094   55.98055  -43.18867     4.9573         69 0.0000e+00
       1981     82.483     26.000     25.762     5.8222     5.8217  33.941788  33.944064     2.8068   55.98054  -43.18869     4.9573         43 0.0000e+00
       2021     84.170     28.000     27.743     5.8211     5.8209  33.941833  33.944226     2.8063   55.98054  -43.18866     4.9573         57 0.0000e+00
       2166     90.207     30.000     29.725     5.8204     5.8201  33.942062  33.944399     2.8047   55.98054  -43.18866     4.9573         65 0.0000e+00
       2235     93.063     32.000     31.706     5.8205     5.8194  33.943056  33.944757     2.8027   55.98054  -43.18866     4.9573         67 0.0000e+00
       2314     96.387     34.000     33.688     5.8200     5.8191  33.943511  33.945324     2.8031   55.98054  -43.18865     4.9573         84 0.0000e+00
       2423    100.907     36.000     35.669     5.8199     5.8189  33.944347  33.946050     2.8034   55.98054  -43.18865     4.9573         78 0.0000e+00
       2486    103.537     38.000     37.651     5.8199     5.8190  33.945343  33.947218     2.8037   55.98054  -43.18864     4.9573         47 0.0000e+00
       2590    107.878     40.000     39.632     5.8197     5.8192  33.945955  33.948187     2.8006   55.98054  -43.18863     4.9573         68 0.0000e+00
       2657    110.656     42.000     41.614     5.8163     5.8158  33.944143  33.946333     2.7991   55.98054  -43.18864     4.9573         42 0.0000e+00
       2757    114.818     44.000     43.595     5.8130     5.8125  33.942012  33.944536     2.7994   55.98054  -43.18864     4.9573         72 0.0000e+00
       2834    118.051     46.000     45.576     5.7907     5.7897  33.923546  33.925569     2.7981   55.98054  -43.18863     4.9573         62 0.0000e+00
       2908    121.136     48.000     47.558     5.7607     5.7592  33.897772  33.900195     2.7972   55.98054  -43.18862     4.9573         81 0.0000e+00
       3028    126.107     50.000     49.539     5.7117     5.7191  33.855821  33.866206     2.7945   55.98054  -43.18862     4.9573         55 0.0000e+00
       3083    128.432     52.000     51.520     5.6519     5.6520  33.803612  33.807822     2.7939   55.98054  -43.18861     4.9573         66 0.0000e+00
       3211    133.755     54.000     53.502     5.5562     5.5563  33.720287  33.724351     2.7889   55.98054  -43.18861     4.9573        108 0.0000e+00
       3281    136.674     56.000     55.483     5.4649     5.4653  33.639227  33.646300     2.7906   55.98054  -43.18860     4.9573         49 0.0000e+00
       3381    140.837     58.000     57.464     5.3617     5.3616  33.549640  33.553930     2.7864   55.98054  -43.18859     4.9573         76 0.0000e+00
       3479    144.908     60.000     59.445     5.3128     5.3127  33.507513  33.512616     2.7816   55.98054  -43.18858     4.9573         47 0.0000e+00
       3576    148.945     62.000     61.427     5.2638     5.2646  33.465658  33.470087     2.7715   55.98054  -43.18858     4.9573         76 0.0000e+00
       3668    152.771     64.000     63.408     5.1206     5.1309  33.336282  33.356060     2.7587   55.98054  -43.18859     4.9573         47 0.0000e+00
       3761    156.654     66.000     65.389     5.0058     4.9972  33.236931  33.234513     2.7495   55.98054  -43.18857     4.9573         78 0.0000e+00
       3888    161.973     68.000     67.370     4.9698     4.9596  33.205820  33.203170     2.7229   55.98054  -43.18858     4.9573         52 0.0000e+00
       3929    163.667     70.000     69.352     4.7921     4.7957  33.049506  33.058669     2.7244   55.98054  -43.18858     4.9573         46 0.0000e+00
       4053    168.846     72.000     71.332     4.7746     4.7513  33.034181  33.026240     2.7077   55.98054  -43.18858     4.9573         44 0.0000e+00
       4132    172.125     74.000     73.314     4.5353     4.5510  32.830221  32.856532     2.6952   55.98054  -43.18857     4.9573         29 0.0000e+00
       4187    174.429     76.000     75.295     4.4030     4.3942  32.717811  32.718956     2.6989   55.98054  -43.18855     4.9573         48 0.0000e+00
       4348    181.113     78.000     77.276     4.5608     4.5252  32.849210  32.843397     2.6841   55.98054  -43.18857     4.9573         25 0.0000e+00
       4378    182.359     80.000     79.257     4.2251     4.2225  32.570514  32.574493     2.6879   55.98054  -43.18856     4.9573         34 0.0000e+00
       4527    188.587     82.000     81.238     4.4704     4.4304  32.781320  32.755172     2.6718   55.98054  -43.18857     4.9573         55 0.0000e+00
       4604    191.789     84.000     83.219     4.1267     4.1166  32.489436  32.489541     2.6645   55.98054  -43.18855     4.9573         59 0.0000e+00
       4720    196.644     86.000     85.200     4.0686     4.0740  32.441495  32.450034     2.6606   55.98055  -43.18855     4.9573        104 0.0000e+00
       4847    201.931     88.000     87.181     4.0226     4.0215  32.405794  32.408841     2.6563   55.98056  -43.18856     4.9573         45 0.0000e+00
       4878    203.195     90.000     89.162     3.9969     3.9963  32.386205  32.388446     2.6573   55.98056  -43.18855     4.9573         37 0.0000e+00
       5004    208.446     92.000     91.143     4.0107     4.0163  32.399552  32.408529     2.6504   55.98056  -43.18855     4.9573         51 0.0000e+00
       5079    211.583     94.000     93.123     3.9255     3.9263  32.325737  32.331477     2.6475   55.98056  -43.18855     4.9573         30 0.0000e+00
       5137    213.993     96.000     95.104     3.9183     3.9167  32.320452  32.322461     2.6467   55.98056  -43.18854     4.9573         49 0.0000e+00
       5281    220.015     98.000     97.085     3.9283     3.9200  32.329896  32.327651     2.6388   55.98056  -43.18854     4.9573         38 0.0000e+00
       5321    221.649    100.000     99.066     3.8667     3.8667  32.276773  32.281411     2.6399   55.98056  -43.18852     4.9573         46 0.0000e+00
       5450    227.051    102.000    101.047     3.8509     3.8472  32.264272  32.265944     2.6355   55.98056  -43.18851     4.9573         61 0.0000e+00
       5548    231.128    104.000    103.028     3.7893     3.7845  32.212316  32.212469     2.6376   55.98056  -43.18851     4.9573         71 0.0000e+00
       5852    243.775    106.000    105.009     3.8466     3.7905  32.262640  32.218310     2.6302   55.98055  -43.18847     4.9573         73 0.0000e+00
       5962    248.374    108.000    106.989     3.7663     3.7657  32.193911  32.196803     2.6193   55.98054  -43.18848     4.9573         38 0.0000e+00
       5989    249.515    110.000    108.970     3.7476     3.7476  32.177967  32.183045     2.6176   55.98054  -43.18848     4.9573         25 0.0000e+00
       6014    250.549    112.000    110.951     3.6929     3.6928  32.132300  32.136222     2.6170   55.98054  -43.18847     4.9573         25 0.0000e+00
       6043    251.750    114.000    112.932     3.6660     3.6660  32.109179  32.113616     2.6159   55.98054  -43.18844     4.9573         36 0.0000e+00
       6144    255.942    116.000    114.912     3.6654     3.6637  32.109322  32.112576     2.6050   55.98054  -43.18846     4.9573         56 0.0000e+00
       6193    258.014    118.000    116.893     3.5985     3.5987  32.052248  32.056628     2.5996   55.98054  -43.18848     4.9573         28 0.0000e+00
       6219    259.090    120.000    118.874     3.5693     3.5694  32.025943  32.030481     2.5975   55.98054  -43.18847     4.9573         26 0.0000e+00
       6250    260.386    122.000    120.854     3.5369     3.5362  31.998775  32.001550     2.5955   55.98054  -43.18845     4.9573         38 0.0000e+00
       6297    262.324    124.000    122.835     3.5135     3.5129  31.978782  31.981145     2.5932   55.98054  -43.18842     4.9573         55 0.0000e+00
       6374    265.560    126.000    124.816     3.5012     3.5007  31.969363  31.971609     2.5874   55.98054  -43.18844     4.9573         90 0.0000e+00
       6435    268.074    128.000    126.796     3.4892     3.4889  31.959849  31.962920     2.5817   55.98054  -43.18846     4.9573         35 0.0000e+00
       6466    269.370    130.000    128.777     3.4598     3.4598  31.935223  31.938830     2.5795   55.98054  -43.18844     4.9573         31 0.0000e+00
       6498    270.696    132.000    130.757     3.4141     3.4141  31.896689  31.900792     2.5782   55.98054  -43.18843     4.9573         34 0.0000e+00
       6537    272.340    134.000    132.738     3.3834     3.3829  31.872160  31.874729     2.5760   55.98054  -43.18842     4.9573         46 0.0000e+00
       6596    274.803    136.000    134.718     3.3722     3.3716  31.863716  31.865844     2.5726   55.98054  -43.18842     4.9573         74 0.0000e+00
       6664    277.638    138.000    136.699     3.3612     3.3617  31.855224  31.858418     2.5690   55.98054  -43.18842     4.9573         50 0.0000e+00
       6706    279.361    140.000    138.679     3.3550     3.3544  31.851084  31.853236     2.5670   55.98054  -43.18842     4.9573         40 0.0000e+00
       6747    281.095    142.000    140.660     3.3473     3.3466  31.845475  31.847456     2.5654   55.98054  -43.18841     4.9573         44 0.0000e+00
       6789    282.827    144.000    142.640     3.3431     3.3423  31.842958  31.844771     2.5648   55.98055  -43.18840     4.9573         38 0.0000e+00
       6827    284.427    146.000    144.621     3.3344     3.3339  31.836631  31.838896     2.5640   55.98054  -43.18838     4.9573         43 0.0000e+00
       6901    287.488    148.000    146.601     3.3242     3.3239  31.829313  31.831682     2.5617   55.98055  -43.18841     4.9573         69 0.0000e+00
       6956    289.792    150.000    148.581     3.3166     3.3159  31.824290  31.826374     2.5609   55.98056  -43.18840     4.9573         29 0.0000e+00
       6982    290.894    152.000    150.562     3.3107     3.3100  31.820816  31.822753     2.5606   55.98056  -43.18840     4.9573         28 0.0000e+00
       7014    292.225    154.000    152.542     3.3083     3.3076  31.820074  31.821958     2.5605   55.98056  -43.18838     4.9573         38 0.0000e+00
       7068    294.462    156.000    154.522     3.3061     3.3053  31.819345  31.820993     2.5584   55.98056  -43.18838     4.9573         74 0.0000e+00
       7150    297.856    158.000    156.503     3.3061     3.3052  31.820956  31.822606     2.5560   55.98056  -43.18839     4.9573         66 0.0000e+00
       7190    299.555    160.000    158.483     3.3051     3.3043  31.822247  31.823972     2.5556   55.98056  -43.18839     4.9573         29 0.0000e+00
       7216    300.637    162.000    160.463     3.3070     3.3063  31.826081  31.827606     2.5554   55.98056  -43.18838     4.9573         26 0.0000e+00
       7249    301.993    164.000    162.444     3.3102     3.3094  31.830698  31.832268     2.5545   55.98056  -43.18836     4.9573         44 0.0000e+00
       7322    305.038    166.000    164.423     3.3145     3.3138  31.836426  31.838130     2.5511   55.98057  -43.18836     4.9573         87 0.0000e+00
       7383    307.591    168.000    166.404     3.3259     3.3252  31.850141  31.851500     2.5487   55.98057  -43.18836     4.9573         41 0.0000e+00
       7419    309.072    170.000    168.384     3.3315     3.3306  31.857103  31.858858     2.5468   55.98056  -43.18836     4.9573         34 0.0000e+00
       7453    310.508    172.000    170.364     3.3223     3.3221  31.849670  31.851750     2.5452   55.98056  -43.18836     4.9573         36 0.0000e+00
       7494    312.193    174.000    172.344     3.3378     3.3379  31.866201  31.868623     2.5437   55.98058  -43.18834     4.9573         46 0.0000e+00
       7553    314.681    176.000    174.324     3.3475     3.3469  31.876344  31.878676     2.5405   55.98056  -43.18834     4.9573         75 0.0000e+00
       7617    317.325    178.000    176.304     3.3649     3.3634  31.896879  31.896590     2.5344   55.98056  -43.18834     4.9573         42 0.0000e+00
       7651    318.740    180.000    178.285     3.3851     3.3843  31.919082  31.920157     2.5308   55.98056  -43.18834     4.9573         33 0.0000e+00
       7687    320.238    182.000    180.265     3.4000     3.3990  31.936019  31.936843     2.5281   55.98056  -43.18832     4.9573         41 0.0000e+00
       7744    322.605    184.000    182.245     3.4063     3.4051  31.943236  31.944609     2.5252   55.98056  -43.18832     4.9573         72 0.0000e+00
       7805    325.180    186.000    184.225     3.4061     3.4053  31.943970  31.945644     2.5227   55.98056  -43.18832     4.9573         43 0.0000e+00
       7841    326.686    188.000    186.205     3.4093     3.4086  31.948519  31.950005     2.5211   55.98056  -43.18832     4.9573         38 0.0000e+00
       7890    328.714    190.000    188.185     3.4123     3.4115  31.952350  31.953947     2.5203   55.98056  -43.18830     4.9573         58 0.0000e+00
       7940    330.789    192.000    190.165     3.4097     3.4091  31.950797  31.953421     2.5216   55.98056  -43.18830     4.9573         36 0.0000e+00
       7972    332.116    194.000    192.145     3.3917     3.3909  31.934356  31.936301     2.5224   55.98056  -43.18830     4.9573         34 0.0000e+00
       8031    334.594    196.000    194.125     3.3846     3.3840  31.928267  31.929999     2.5234   55.98056  -43.18830     4.9573         78 0.0000e+00
       8098    337.392    198.000    196.105     3.3810     3.3802  31.926152  31.927836     2.5244   55.98056  -43.18830     4.9573         37 0.0000e+00
       8128    338.633    200.000    198.085     3.3822     3.3814  31.928893  31.930423     2.5247   55.98056  -43.18829     4.9573         29 0.0000e+00
       8158    339.889    202.000    200.064     3.3840     3.3833  31.932607  31.934091     2.5240   55.98056  -43.18828     4.9573         32 0.0000e+00
       8200    341.620    204.000    202.044     3.3865     3.3854  31.936483  31.937709     2.5234   55.98056  -43.18827     4.9573         60 0.0000e+00
       8302    345.872    206.000    204.024     3.3936     3.3929  31.945129  31.946357     2.5165   55.98056  -43.18828     4.9573         50 0.0000e+00
       8337    347.331    208.000    206.004     3.4046     3.4041  31.957591  31.959292     2.5152   55.98056  -43.18827     4.9573         27 0.0000e+00
