Example_Files/SBE_Processing_Files/Processed_SBE_cast_files/downcasts/dar69-01_020.cnv
* Sea-Bird SBE 9 Data File:
* FileName = D:\data\ar69-01_020.hex
* Software Version Seasave V 7.26.7.107
* Temperature SN = 4491
* Conductivity SN = 3009
* Number of Bytes Per Scan = 44
* Number of Voltage Words = 5
* Number of Scans Averaged by the Deck Unit = 1
* NMEA Latitude = 59 52.54 N
* NMEA Longitude = 039 36.97 W
* NMEA UTC (Time) = Jul 06 2022  17:11:20
** Cruise ID: AR69-01
** Chief Sci:
** Station #: 020
** Site ID: OSNAP cal dip
# nquan = 14
# nvalues = 1319                        
# units = specified
# name 0 = scan: Scan Count
# name 1 = timeS: Time, Elapsed [seconds]
# name 2 = prDM: Pressure, Digiquartz [db]
# name 3 = depSM: Depth [salt water, m]
# name 4 = t090C: Temperature [ITS-90, deg C]
# name 5 = t190C: Temperature, 2 [ITS-90, deg C]
# name 6 = c0mS/cm: Conductivity [mS/cm]
# name 7 = c1mS/cm: Conductivity, 2 [mS/cm]
# name 8 = sbeox0V: Oxygen raw, SBE 43 [V]
# name 9 = latitude: Latitude [deg]
# name 10 = longitude: Longitude [deg]
# name 11 = v7: Voltage 7
# name 12 = nbin: number of scans per bin
# name 13 = flag: flag
# span 0 =        528,      72934       
# span 1 =     21.971,   3038.866       
# span 2 =      4.000,   2640.000       
# span 3 =      3.962,   2598.811       
# span 4 =     1.8301,     7.9367       
# span 5 =     1.8287,     7.9497       
# span 6 =  31.650396,  35.902587       
# span 7 =  31.649374,  35.912120       
# span 8 =     1.8361,     2.8304       
# span 9 =   59.87562,   59.87568       
# span 10 =  -39.61610,  -39.61602      
# span 11 =     4.9560,     4.9573      
# span 12 =          1,        119      
# span 13 = 0.0000e+00, 0.0000e+00      
# interval = decibars: 2                
# start_time = Jul 06 2022 17:11:20 [NMEA time, first data scan]
# bad_flag = -9.990e-29
*END*
[from data line 620]
      31534   1313.889   1244.000   1228.609     3.4204     3.4202  32.492428  32.493255     2.1555   59.87564  -39.61606     4.9566         54 0.0000e+00
      31587   1316.064   1246.000   1230.579     3.4208     3.4204  32.493799  32.494566     2.1544   59.87564  -39.61604     4.9565         48 0.0000e+00
      31636   1318.143   1248.000   1232.549     3.4212     3.4210  32.495105  32.496027     2.1535   59.87564  -39.61604     4.9564         51 0.0000e+00
      31684   1320.119   1250.000   1234.518     3.4222     3.4220  32.497151  32.497880     2.1529   59.87564  -39.61605     4.9565         44 0.0000e+00
      31729   1321.995   1252.000   1236.487     3.4244     3.4242  32.500390  32.501192     2.1518   59.87564  -39.61606     4.9565         48 0.0000e+00
      31777   1323.983   1254.000   1238.457     3.4257     3.4255  32.502616  32.503511     2.1506   59.87564  -39.61604     4.9565         45 0.0000e+00
      31821   1325.852   1256.000   1240.426     3.4249     3.4246  32.502747  32.503495     2.1500   59.87564  -39.61604     4.9565         46 0.0000e+00
      31867   1327.735   1258.000   1242.395     3.4259     3.4256  32.504530  32.505407     2.1495   59.87564  -39.61605     4.9565         45 0.0000e+00
      31918   1329.868   1260.000   1244.364     3.4269     3.4266  32.506453  32.507206     2.1487   59.87564  -39.61606     4.9565         58 0.0000e+00
      31969   1332.015   1262.000   1246.334     3.4280     3.4280  32.508566  32.509462     2.1477   59.87564  -39.61605     4.9566         41 0.0000e+00
      32008   1333.622   1264.000   1248.303     3.4384     3.4380  32.520545  32.521061     2.1468   59.87564  -39.61604     4.9566         40 0.0000e+00
      32053   1335.479   1266.000   1250.272     3.4415     3.4411  32.524554  32.525180     2.1451   59.87564  -39.61604     4.9566         51 0.0000e+00
      32115   1338.076   1268.000   1252.241     3.4409     3.4406  32.524663  32.525532     2.1434   59.87564  -39.61605     4.9566         65 0.0000e+00
      32164   1340.130   1270.000   1254.211     3.4410     3.4407  32.525733  32.526580     2.1432   59.87564  -39.61606     4.9565         36 0.0000e+00
      32198   1341.545   1272.000   1256.179     3.4408     3.4404  32.526504  32.527205     2.1426   59.87564  -39.61604     4.9566         37 0.0000e+00
      32246   1343.556   1274.000   1258.149     3.4397     3.4391  32.526268  32.526784     2.1415   59.87564  -39.61604     4.9565         59 0.0000e+00
      32301   1345.834   1276.000   1260.118     3.4375     3.4367  32.524865  32.525092     2.1409   59.87564  -39.61604     4.9565         46 0.0000e+00
      32344   1347.613   1278.000   1262.087     3.4340     3.4336  32.522073  32.522922     2.1406   59.87564  -39.61604     4.9565         43 0.0000e+00
      32390   1349.557   1280.000   1264.056     3.4319     3.4316  32.521107  32.521673     2.1392   59.87564  -39.61606     4.9565         50 0.0000e+00
      32437   1351.512   1282.000   1266.025     3.4402     3.4399  32.530904  32.531551     2.1376   59.87564  -39.61604     4.9566         43 0.0000e+00
      32481   1353.332   1284.000   1267.994     3.4431     3.4429  32.534787  32.535652     2.1367   59.87564  -39.61604     4.9567         48 0.0000e+00
      32537   1355.648   1286.000   1269.963     3.4443     3.4440  32.537053  32.537688     2.1354   59.87564  -39.61604     4.9564         56 0.0000e+00
      32584   1357.625   1288.000   1271.932     3.4448     3.4445  32.538440  32.539397     2.1339   59.87565  -39.61606     4.9567         44 0.0000e+00
      32631   1359.572   1290.000   1273.901     3.4441     3.4439  32.538793  32.539688     2.1331   59.87564  -39.61606     4.9566         48 0.0000e+00
      32676   1361.469   1292.000   1275.870     3.4468     3.4467  32.542620  32.543506     2.1317   59.87564  -39.61604     4.9565         43 0.0000e+00
      32722   1363.367   1294.000   1277.839     3.4490     3.4486  32.545769  32.546308     2.1304   59.87564  -39.61604     4.9564         50 0.0000e+00
      32773   1365.493   1296.000   1279.808     3.4566     3.4562  32.554626  32.555188     2.1285   59.87564  -39.61605     4.9565         49 0.0000e+00
      32819   1367.415   1298.000   1281.777     3.4618     3.4617  32.561157  32.561946     2.1273   59.87566  -39.61606     4.9566         44 0.0000e+00
      32863   1369.235   1300.000   1283.746     3.4650     3.4647  32.565508  32.566189     2.1262   59.87566  -39.61604     4.9565         44 0.0000e+00
      32910   1371.200   1302.000   1285.715     3.4666     3.4664  32.567909  32.568793     2.1249   59.87564  -39.61604     4.9566         52 0.0000e+00
      32962   1373.384   1304.000   1287.684     3.4693     3.4691  32.571818  32.572647     2.1237   59.87564  -39.61604     4.9565         48 0.0000e+00
      33006   1375.189   1306.000   1289.653     3.4696     3.4694  32.573062  32.573928     2.1229   59.87566  -39.61604     4.9562         43 0.0000e+00
      33057   1377.337   1308.000   1291.622     3.4696     3.4693  32.573946  32.574703     2.1218   59.87565  -39.61604     4.9565         60 0.0000e+00
      33109   1379.519   1310.000   1293.590     3.4691     3.4688  32.574443  32.575199     2.1204   59.87564  -39.61604     4.9566         40 0.0000e+00
      33145   1381.017   1312.000   1295.559     3.4687     3.4688  32.574754  32.576073     2.1201   59.87566  -39.61604     4.9566         38 0.0000e+00
      33198   1383.208   1314.000   1297.528     3.4694     3.4692  32.576335  32.577125     2.1198   59.87564  -39.61604     4.9566         63 0.0000e+00
      33249   1385.352   1316.000   1299.497     3.4687     3.4685  32.576481  32.577409     2.1196   59.87564  -39.61604     4.9566         41 0.0000e+00
      33291   1387.095   1318.000   1301.465     3.4674     3.4671  32.576059  32.576944     2.1190   59.87566  -39.61604     4.9563         46 0.0000e+00
      33340   1389.145   1320.000   1303.434     3.4709     3.4707  32.580799  32.581533     2.1182   59.87564  -39.61604     4.9565         46 0.0000e+00
      33380   1390.802   1322.000   1305.403     3.4718     3.4716  32.582666  32.583570     2.1175   59.87564  -39.61604     4.9568         37 0.0000e+00
      33430   1392.891   1324.000   1307.372     3.4729     3.4727  32.584733  32.585545     2.1164   59.87564  -39.61604     4.9565         73 0.0000e+00
      33495   1395.580   1326.000   1309.340     3.4734     3.4732  32.586385  32.587163     2.1149   59.87564  -39.61605     4.9561         40 0.0000e+00
      33528   1396.968   1328.000   1311.309     3.4742     3.4739  32.588050  32.588880     2.1142   59.87564  -39.61606     4.9568         35 0.0000e+00
      33574   1398.872   1330.000   1313.278     3.4747     3.4745  32.589711  32.590522     2.1132   59.87564  -39.61606     4.9567         57 0.0000e+00
      33626   1401.037   1332.000   1315.246     3.4749     3.4747  32.590910  32.591696     2.1120   59.87564  -39.61604     4.9565         43 0.0000e+00
      33670   1402.896   1334.000   1317.215     3.4743     3.4740  32.591112  32.591993     2.1107   59.87564  -39.61604     4.9566         54 0.0000e+00
      33727   1405.238   1336.000   1319.183     3.4740     3.4738  32.591900  32.592720     2.1095   59.87564  -39.61606     4.9565         46 0.0000e+00
      33764   1406.788   1338.000   1321.152     3.4738     3.4736  32.592692  32.593332     2.1087   59.87564  -39.61606     4.9567         36 0.0000e+00
      33805   1408.509   1340.000   1323.120     3.4773     3.4770  32.597396  32.598076     2.1081   59.87564  -39.61606     4.9565         48 0.0000e+00
      33861   1410.824   1342.000   1325.089     3.4781     3.4778  32.599156  32.599920     2.1075   59.87564  -39.61604     4.9565         62 0.0000e+00
      33915   1413.092   1344.000   1327.058     3.4785     3.4783  32.600663  32.601507     2.1066   59.87564  -39.61604     4.9563         42 0.0000e+00
      33954   1414.719   1346.000   1329.026     3.4789     3.4787  32.601954  32.602811     2.1056   59.87564  -39.61606     4.9564         41 0.0000e+00
      34002   1416.697   1348.000   1330.994     3.4795     3.4793  32.603595  32.604383     2.1051   59.87564  -39.61606     4.9565         51 0.0000e+00
      34047   1418.603   1350.000   1332.963     3.4797     3.4794  32.604778  32.605538     2.1048   59.87564  -39.61604     4.9564         42 0.0000e+00
      34094   1420.556   1352.000   1334.931     3.4797     3.4795  32.605792  32.606599     2.1036   59.87564  -39.61604     4.9565         57 0.0000e+00
      34158   1423.204   1354.000   1336.900     3.4797     3.4796  32.606714  32.607542     2.1019   59.87564  -39.61604     4.9564         59 0.0000e+00
      34203   1425.099   1356.000   1338.868     3.4797     3.4795  32.607653  32.608479     2.1012   59.87564  -39.61605     4.9564         36 0.0000e+00
      34235   1426.424   1358.000   1340.837     3.4803     3.4801  32.609607  32.610443     2.1010   59.87564  -39.61606     4.9566         30 0.0000e+00
      34269   1427.840   1360.000   1342.805     3.4800     3.4798  32.610311  32.611176     2.1003   59.87564  -39.61605     4.9565         41 0.0000e+00
      34342   1430.895   1362.000   1344.773     3.4799     3.4796  32.611025  32.611669     2.0987   59.87564  -39.61604     4.9564         73 0.0000e+00
      34394   1433.031   1364.000   1346.741     3.4791     3.4789  32.611370  32.612221     2.0975   59.87564  -39.61604     4.9564         33 0.0000e+00
      34426   1434.385   1366.000   1348.710     3.4791     3.4789  32.612219  32.613106     2.0972   59.87564  -39.61605     4.9564         34 0.0000e+00
      34466   1436.062   1368.000   1350.678     3.4791     3.4788  32.613033  32.613876     2.0968   59.87564  -39.61605     4.9564         49 0.0000e+00
      34521   1438.345   1370.000   1352.646     3.4793     3.4790  32.614097  32.614835     2.0960   59.87564  -39.61604     4.9565         56 0.0000e+00
      34576   1440.624   1372.000   1354.615     3.4796     3.4794  32.615579  32.616420     2.0948   59.87564  -39.61604     4.9565         56 0.0000e+00
      34630   1442.855   1374.000   1356.583     3.4798     3.4797  32.616900  32.617770     2.0940   59.87564  -39.61604     4.9565         46 0.0000e+00
      34668   1444.452   1376.000   1358.551     3.4800     3.4798  32.617962  32.618901     2.0936   59.87564  -39.61604     4.9565         34 0.0000e+00
      34705   1445.993   1378.000   1360.519     3.4803     3.4801  32.619162  32.620011     2.0929   59.87564  -39.61604     4.9566         44 0.0000e+00
      34762   1448.363   1380.000   1362.487     3.4805     3.4802  32.620179  32.621007     2.0917   59.87564  -39.61604     4.9566         62 0.0000e+00
      34811   1450.416   1382.000   1364.456     3.4803     3.4801  32.621216  32.622053     2.0908   59.87564  -39.61604     4.9565         42 0.0000e+00
      34858   1452.358   1384.000   1366.424     3.4803     3.4801  32.622442  32.623211     2.0903   59.87564  -39.61604     4.9564         49 0.0000e+00
      34901   1454.183   1386.000   1368.392     3.4805     3.4802  32.623579  32.624298     2.0901   59.87564  -39.61604     4.9564         39 0.0000e+00
      34942   1455.867   1388.000   1370.360     3.4808     3.4805  32.624695  32.625493     2.0893   59.87564  -39.61604     4.9564         47 0.0000e+00
      35001   1458.345   1390.000   1372.328     3.4815     3.4813  32.626561  32.627428     2.0880   59.87564  -39.61604     4.9565         63 0.0000e+00
      35054   1460.541   1392.000   1374.296     3.4815     3.4813  32.627564  32.628293     2.0863   59.87564  -39.61604     4.9565         48 0.0000e+00
      35101   1462.507   1394.000   1376.264     3.4815     3.4813  32.628609  32.629413     2.0860   59.87564  -39.61605     4.9564         44 0.0000e+00
      35140   1464.143   1396.000   1378.232     3.4815     3.4813  32.629620  32.630394     2.0855   59.87564  -39.61606     4.9564         35 0.0000e+00
      35177   1465.653   1398.000   1380.200     3.4817     3.4816  32.630676  32.631548     2.0847   59.87564  -39.61604     4.9565         40 0.0000e+00
      35237   1468.149   1400.000   1382.168     3.4816     3.4814  32.631369  32.632169     2.0832   59.87564  -39.61604     4.9565         79 0.0000e+00
      35298   1470.701   1402.000   1384.136     3.4812     3.4810  32.632165  32.633133     2.0822   59.87564  -39.61606     4.9564         39 0.0000e+00
      35331   1472.092   1404.000   1386.104     3.4804     3.4802  32.632704  32.633473     2.0817   59.87564  -39.61606     4.9565         32 0.0000e+00
      35368   1473.618   1406.000   1388.072     3.4801     3.4799  32.633532  32.634428     2.0806   59.87564  -39.61606     4.9565         45 0.0000e+00
      35427   1476.074   1408.000   1390.040     3.4796     3.4794  32.634226  32.634960     2.0788   59.87564  -39.61604     4.9565         62 0.0000e+00
      35475   1478.073   1410.000   1392.008     3.4787     3.4786  32.634402  32.635188     2.0778   59.87564  -39.61604     4.9566         41 0.0000e+00
      35523   1480.077   1412.000   1393.976     3.4784     3.4781  32.634860  32.635654     2.0772   59.87564  -39.61606     4.9565         59 0.0000e+00
      35579   1482.424   1414.000   1395.943     3.4781     3.4780  32.635577  32.636429     2.0770   59.87564  -39.61606     4.9567         44 0.0000e+00
      35615   1483.924   1416.000   1397.911     3.4761     3.4760  32.634725  32.635591     2.0767   59.87564  -39.61605     4.9567         34 0.0000e+00
      35657   1485.655   1418.000   1399.879     3.4758     3.4756  32.635473  32.636258     2.0758   59.87564  -39.61604     4.9565         57 0.0000e+00
      35720   1488.305   1420.000   1401.847     3.4757     3.4754  32.636234  32.636978     2.0752   59.87564  -39.61606     4.9567         50 0.0000e+00
      35757   1489.831   1422.000   1403.815     3.4749     3.4748  32.636494  32.637427     2.0748   59.87564  -39.61606     4.9564         36 0.0000e+00
      35801   1491.668   1424.000   1405.782     3.4710     3.4709  32.633327  32.634477     2.0743   59.87564  -39.61606     4.9565         53 0.0000e+00
      35851   1493.743   1426.000   1407.750     3.4696     3.4695  32.633255  32.634100     2.0734   59.87564  -39.61606     4.9565         43 0.0000e+00
      35905   1496.002   1428.000   1409.718     3.4721     3.4717  32.636807  32.637423     2.0727   59.87564  -39.61606     4.9564         69 0.0000e+00
      35960   1498.310   1430.000   1411.686     3.4724     3.4723  32.638122  32.639106     2.0715   59.87564  -39.61606     4.9564         37 0.0000e+00
      35996   1499.786   1432.000   1413.653     3.4710     3.4708  32.637682  32.638431     2.0707   59.87564  -39.61606     4.9565         39 0.0000e+00
      36042   1501.692   1434.000   1415.621     3.4703     3.4701  32.637896  32.638676     2.0700   59.87564  -39.61606     4.9565         48 0.0000e+00
      36085   1503.517   1436.000   1417.589     3.4707     3.4705  32.639480  32.640281     2.0689   59.87564  -39.61606     4.9565         43 0.0000e+00
      36142   1505.872   1438.000   1419.556     3.4706     3.4704  32.640373  32.641164     2.0681   59.87564  -39.61606     4.9564         67 0.0000e+00
      36194   1508.055   1440.000   1421.524     3.4674     3.4672  32.638086  32.639001     2.0680   59.87564  -39.61606     4.9564         38 0.0000e+00
      36233   1509.659   1442.000   1423.492     3.4658     3.4656  32.637304  32.638161     2.0674   59.87564  -39.61606     4.9566         43 0.0000e+00
      36282   1511.693   1444.000   1425.459     3.4653     3.4651  32.637687  32.638510     2.0666   59.87564  -39.61606     4.9564         50 0.0000e+00
      36325   1513.512   1446.000   1427.427     3.4654     3.4652  32.638712  32.639557     2.0663   59.87564  -39.61606     4.9565         41 0.0000e+00
