Example_Files/SBE_Processing_Files/Processed_SBE_cast_files/downcasts/dar69-01_008.cnv
* Sea-Bird SBE 9 Data File:
* FileName = D:\data\ar69-01_008.hex
* Software Version Seasave V 7.26.7.107
* Temperature SN = 4491
* Conductivity SN = 3009
* Number of Bytes Per Scan = 44
* Number of Voltage Words = 5
* Number of Scans Averaged by the Deck Unit = 1
* NMEA Latitude = 55 58.83 N
* NMEA Longitude = 043 11.33 W
* NMEA UTC (Time) = Jun 27 2022  11:04:26
** Cruise ID: AR69-01
** Chief Sci:
** Station #: 008
** Site ID: Transit - cal. dip (microcats)
# nquan = 14
# nvalues = 1525                        
# units = specified
# name 0 = scan: Scan Count
# name 1 = timeS: Time, Elapsed [seconds]
# name 2 = prDM: Pressure, Digiquartz [db]
# name 3 = depSM: Depth [salt water, m]
# name 4 = t090C: Temperature [ITS-90, deg C]
# name 5 = t190C: Temperature, 2 [ITS-90, deg C]
# name 6 = c0mS/cm: Conductivity [mS/cm]
# name 7 = c1mS/cm: Conductivity, 2 [mS/cm]
# name 8 = sbeox0V: Oxygen raw, SBE 43 [V]
# name 9 = latitude: Latitude [deg]
# name 10 = longitude: Longitude [deg]
# name 11 = v7: Voltage 7
# name 12 = nbin: number of scans per bin
# name 13 = flag: flag
# span 0 =        -71,      96249       
# span 1 =     -2.989,   4010.336       
# span 2 =      4.000,   3052.000       
# span 3 =      3.964,   3002.495       
# span 4 =     2.6898,     5.8333       
# span 5 =     2.6901,     5.8327       
# span 6 =  31.819345,  33.945955       
# span 7 =  31.820993,  33.948187       
# span 8 =     1.7227,     2.8170       
# span 9 =   55.98054,   55.98071       
# span 10 =  -43.18880,  -43.18475      
# span 11 =     4.9560,     4.9573      
# span 12 =         18,        111      
# span 13 = 0.0000e+00, 0.0000e+00      
# interval = decibars: 2                
# start_time = Jun 27 2022 11:04:26 [NMEA time, first data scan]
# bad_flag = -9.990e-29
*END*
[from data line 517]
      28052   1168.808   1038.000   1025.993     3.3748     3.3741  32.341254  32.342403     2.2364   55.98060  -43.18760     4.9567         72 0.0000e+00
      28120   1171.643   1040.000   1027.964     3.3737     3.3733  32.341210  32.342540     2.2360   55.98060  -43.18761     4.9566         50 0.0000e+00
      28159   1173.254   1042.000   1029.937     3.3742     3.3738  32.342451  32.343823     2.2360   55.98060  -43.18760     4.9566         34 0.0000e+00
      28193   1174.660   1044.000   1031.908     3.3754     3.3752  32.344427  32.345986     2.2358   55.98060  -43.18760     4.9567         36 0.0000e+00
      28240   1176.634   1046.000   1033.880     3.3753     3.3749  32.345163  32.346507     2.2351   55.98060  -43.18760     4.9567         58 0.0000e+00
      28293   1178.846   1048.000   1035.852     3.3752     3.3748  32.345936  32.347276     2.2346   55.98060  -43.18760     4.9566         46 0.0000e+00
      28341   1180.853   1050.000   1037.824     3.3747     3.3740  32.346297  32.347377     2.2340   55.98060  -43.18760     4.9567         52 0.0000e+00
      28391   1182.922   1052.000   1039.796     3.3745     3.3740  32.346945  32.348181     2.2333   55.98060  -43.18760     4.9567         45 0.0000e+00
      28434   1184.716   1054.000   1041.768     3.3739     3.3734  32.347197  32.348568     2.2329   55.98060  -43.18760     4.9567         45 0.0000e+00
      28482   1186.722   1056.000   1043.740     3.3732     3.3727  32.347410  32.348833     2.2321   55.98060  -43.18760     4.9566         50 0.0000e+00
      28532   1188.786   1058.000   1045.711     3.3732     3.3727  32.348308  32.349581     2.2317   55.98060  -43.18760     4.9566         48 0.0000e+00
      28577   1190.658   1060.000   1047.683     3.3727     3.3721  32.348770  32.349885     2.2314   55.98060  -43.18760     4.9566         44 0.0000e+00
      28631   1192.901   1062.000   1049.655     3.3715     3.3712  32.348340  32.349918     2.2312   55.98059  -43.18760     4.9568         66 0.0000e+00
      28686   1195.210   1064.000   1051.627     3.3691     3.3687  32.347023  32.348392     2.2312   55.98060  -43.18760     4.9567         36 0.0000e+00
      28716   1196.451   1066.000   1053.598     3.3686     3.3681  32.347471  32.348759     2.2310   55.98060  -43.18760     4.9568         29 0.0000e+00
      28753   1197.990   1068.000   1055.570     3.3688     3.3681  32.348460  32.349594     2.2308   55.98060  -43.18759     4.9567         48 0.0000e+00
      28845   1201.828   1070.000   1057.542     3.3688     3.3683  32.349280  32.350514     2.2295   55.98060  -43.18760     4.9566         43 0.0000e+00
      28871   1202.918   1072.000   1059.513     3.3680     3.3676  32.349495  32.350955     2.2294   55.98060  -43.18760     4.9566         29 0.0000e+00
      28900   1204.136   1074.000   1061.485     3.3681     3.3678  32.350512  32.351923     2.2294   55.98060  -43.18760     4.9566         31 0.0000e+00
      28937   1205.647   1076.000   1063.457     3.3686     3.3681  32.351720  32.353037     2.2297   55.98060  -43.18759     4.9567         43 0.0000e+00
      29005   1208.494   1078.000   1065.428     3.3688     3.3683  32.352626  32.353907     2.2289   55.98059  -43.18759     4.9566         88 0.0000e+00
      29083   1211.750   1080.000   1067.400     3.3684     3.3679  32.353326  32.354484     2.2268   55.98058  -43.18760     4.9566         46 0.0000e+00
      29119   1213.238   1082.000   1069.371     3.3682     3.3678  32.353912  32.355230     2.2267   55.98060  -43.18760     4.9567         30 0.0000e+00
      29144   1214.305   1084.000   1071.343     3.3680     3.3676  32.354710  32.356014     2.2267   55.98060  -43.18760     4.9566         23 0.0000e+00
      29167   1215.260   1086.000   1073.315     3.3676     3.3670  32.355186  32.356368     2.2266   55.98059  -43.18759     4.9567         24 0.0000e+00
      29215   1217.259   1088.000   1075.286     3.3675     3.3672  32.355896  32.357300     2.2265   55.98058  -43.18758     4.9567         42 0.0000e+00
      29318   1221.555   1090.000   1077.258     3.3677     3.3673  32.356868  32.358338     2.2250   55.98058  -43.18760     4.9567         30 0.0000e+00
      29347   1222.766   1092.000   1079.229     3.3667     3.3663  32.356889  32.358148     2.2249   55.98058  -43.18760     4.9567         29 0.0000e+00
      29376   1223.954   1094.000   1081.200     3.3668     3.3664  32.357898  32.359132     2.2249   55.98058  -43.18758     4.9567         29 0.0000e+00
      29405   1225.186   1096.000   1083.172     3.3669     3.3665  32.358824  32.360147     2.2246   55.98058  -43.18757     4.9566         32 0.0000e+00
      29468   1227.775   1098.000   1085.143     3.3672     3.3668  32.359899  32.361243     2.2239   55.98058  -43.18757     4.9566         63 0.0000e+00
      29557   1231.504   1100.000   1087.115     3.3664     3.3660  32.360076  32.361506     2.2234   55.98056  -43.18758     4.9567         39 0.0000e+00
      29589   1232.830   1102.000   1089.086     3.3653     3.3647  32.359941  32.361262     2.2230   55.98056  -43.18758     4.9567         32 0.0000e+00
      29622   1234.196   1104.000   1091.058     3.3653     3.3648  32.360844  32.362146     2.2229   55.98056  -43.18758     4.9566         35 0.0000e+00
      29658   1235.695   1106.000   1093.029     3.3655     3.3650  32.361950  32.363311     2.2229   55.98056  -43.18758     4.9567         37 0.0000e+00
      29694   1237.222   1108.000   1095.000     3.3644     3.3640  32.361912  32.363379     2.2228   55.98057  -43.18757     4.9566         37 0.0000e+00
      29767   1240.232   1110.000   1096.972     3.3633     3.3628  32.361665  32.362882     2.2217   55.98057  -43.18757     4.9567         63 0.0000e+00
      29840   1243.275   1112.000   1098.943     3.3625     3.3621  32.361857  32.363283     2.2205   55.98056  -43.18758     4.9567         36 0.0000e+00
      29873   1244.656   1114.000   1100.914     3.3605     3.3600  32.360798  32.362129     2.2205   55.98056  -43.18758     4.9566         31 0.0000e+00
      29901   1245.847   1116.000   1102.885     3.3600     3.3596  32.361167  32.362589     2.2210   55.98058  -43.18758     4.9566         27 0.0000e+00
      29927   1246.918   1118.000   1104.857     3.3596     3.3593  32.361747  32.363064     2.2213   55.98058  -43.18756     4.9567         26 0.0000e+00
      29965   1248.519   1120.000   1106.828     3.3597     3.3592  32.362572  32.363916     2.2210   55.98058  -43.18756     4.9566         41 0.0000e+00
      30093   1253.843   1122.000   1108.799     3.3604     3.3600  32.364172  32.365603     2.2184   55.98058  -43.18760     4.9566         23 0.0000e+00
      30113   1254.683   1124.000   1110.770     3.3594     3.3592  32.364332  32.365697     2.2184   55.98058  -43.18760     4.9566         20 0.0000e+00
      30134   1255.549   1126.000   1112.741     3.3589     3.3586  32.364650  32.366239     2.2186   55.98058  -43.18759     4.9566         21 0.0000e+00
      30157   1256.492   1128.000   1114.712     3.3584     3.3581  32.365036  32.366464     2.2185   55.98058  -43.18757     4.9566         26 0.0000e+00
      30227   1259.411   1130.000   1116.684     3.3591     3.3588  32.366393  32.367757     2.2179   55.98058  -43.18756     4.9565         60 0.0000e+00
      30314   1263.029   1132.000   1118.655     3.3589     3.3582  32.367056  32.368265     2.2162   55.98058  -43.18760     4.9566         45 0.0000e+00
      30348   1264.468   1134.000   1120.626     3.3584     3.3580  32.367664  32.368921     2.2159   55.98058  -43.18759     4.9567         30 0.0000e+00
      30376   1265.606   1136.000   1122.597     3.3580     3.3576  32.368299  32.369612     2.2161   55.98058  -43.18757     4.9567         26 0.0000e+00
      30403   1266.762   1138.000   1124.568     3.3579     3.3574  32.369080  32.370447     2.2162   55.98060  -43.18754     4.9567         31 0.0000e+00
      30458   1269.055   1140.000   1126.539     3.3581     3.3576  32.370041  32.371280     2.2159   55.98060  -43.18755     4.9567         61 0.0000e+00
      30567   1273.586   1142.000   1128.510     3.3582     3.3578  32.370992  32.372353     2.2142   55.98060  -43.18758     4.9566         46 0.0000e+00
      30594   1274.726   1144.000   1130.481     3.3582     3.3578  32.372038  32.373397     2.2138   55.98060  -43.18758     4.9567         26 0.0000e+00
      30619   1275.741   1146.000   1132.452     3.3584     3.3580  32.373163  32.374499     2.2138   55.98060  -43.18756     4.9567         24 0.0000e+00
      30643   1276.749   1148.000   1134.423     3.3584     3.3580  32.373989  32.375433     2.2139   55.98060  -43.18754     4.9566         26 0.0000e+00
      30695   1278.926   1150.000   1136.394     3.3585     3.3581  32.374961  32.376176     2.2136   55.98060  -43.18755     4.9566         53 0.0000e+00
      30795   1283.093   1152.000   1138.365     3.3587     3.3583  32.375943  32.377272     2.2125   55.98060  -43.18758     4.9567         33 0.0000e+00
      30820   1284.141   1154.000   1140.336     3.3584     3.3581  32.376707  32.378056     2.2126   55.98060  -43.18757     4.9566         26 0.0000e+00
      30846   1285.225   1156.000   1142.307     3.3584     3.3581  32.377563  32.378843     2.2121   55.98060  -43.18755     4.9566         27 0.0000e+00
      30879   1286.576   1158.000   1144.277     3.3583     3.3579  32.378263  32.379600     2.2116   55.98060  -43.18754     4.9567         42 0.0000e+00
      30958   1289.878   1160.000   1146.248     3.3585     3.3580  32.379102  32.380341     2.2100   55.98061  -43.18756     4.9566         95 0.0000e+00
      31018   1292.388   1162.000   1148.219     3.3571     3.3566  32.378899  32.380171     2.2088   55.98062  -43.18758     4.9567         37 0.0000e+00
      31051   1293.770   1164.000   1150.190     3.3569     3.3566  32.379668  32.380955     2.2090   55.98062  -43.18756     4.9568         34 0.0000e+00
      31086   1295.228   1166.000   1152.161     3.3564     3.3560  32.379953  32.381326     2.2091   55.98060  -43.18755     4.9567         37 0.0000e+00
      31131   1297.080   1168.000   1154.132     3.3561     3.3557  32.380575  32.381944     2.2087   55.98061  -43.18755     4.9567         55 0.0000e+00
      31192   1299.605   1170.000   1156.102     3.3561     3.3556  32.381453  32.382645     2.2082   55.98062  -43.18756     4.9567         56 0.0000e+00
      31236   1301.454   1172.000   1158.073     3.3553     3.3548  32.381662  32.382848     2.2082   55.98062  -43.18756     4.9567         38 0.0000e+00
      31277   1303.158   1174.000   1160.044     3.3554     3.3550  32.382570  32.383778     2.2077   55.98060  -43.18755     4.9567         47 0.0000e+00
      31334   1305.549   1176.000   1162.014     3.3556     3.3551  32.383565  32.384801     2.2074   55.98062  -43.18755     4.9567         61 0.0000e+00
      31384   1307.618   1178.000   1163.985     3.3553     3.3549  32.384234  32.385518     2.2066   55.98062  -43.18756     4.9568         41 0.0000e+00
      31426   1309.393   1180.000   1165.956     3.3553     3.3549  32.385145  32.386266     2.2060   55.98061  -43.18754     4.9566         48 0.0000e+00
      31476   1311.459   1182.000   1167.926     3.3549     3.3544  32.385596  32.386782     2.2057   55.98061  -43.18754     4.9566         46 0.0000e+00
      31517   1313.186   1184.000   1169.897     3.3544     3.3540  32.386015  32.387348     2.2055   55.98062  -43.18754     4.9566         40 0.0000e+00
      31560   1314.939   1186.000   1171.868     3.3540     3.3536  32.386463  32.387791     2.2051   55.98062  -43.18754     4.9566         47 0.0000e+00
      31623   1317.571   1188.000   1173.838     3.3538     3.3533  32.387066  32.388347     2.2043   55.98061  -43.18754     4.9566         76 0.0000e+00
      31683   1320.073   1190.000   1175.809     3.3533     3.3529  32.387619  32.388879     2.2038   55.98062  -43.18754     4.9566         38 0.0000e+00
      31712   1321.305   1192.000   1177.779     3.3530     3.3526  32.388232  32.389538     2.2038   55.98062  -43.18753     4.9566         27 0.0000e+00
      31740   1322.445   1194.000   1179.750     3.3524     3.3520  32.388578  32.389876     2.2038   55.98062  -43.18752     4.9566         30 0.0000e+00
      31797   1324.829   1196.000   1181.720     3.3519     3.3516  32.388844  32.390270     2.2033   55.98061  -43.18752     4.9566         63 0.0000e+00
      31873   1327.997   1198.000   1183.691     3.3513     3.3509  32.389255  32.390534     2.2027   55.98062  -43.18754     4.9567         43 0.0000e+00
      31909   1329.491   1200.000   1185.661     3.3509     3.3505  32.389731  32.391092     2.2025   55.98062  -43.18753     4.9566         34 0.0000e+00
      31942   1330.892   1202.000   1187.632     3.3508     3.3503  32.390448  32.391721     2.2023   55.98060  -43.18752     4.9566         35 0.0000e+00
      31985   1332.671   1204.000   1189.602     3.3505     3.3501  32.391062  32.392301     2.2021   55.98060  -43.18752     4.9567         53 0.0000e+00
      32043   1335.064   1206.000   1191.573     3.3504     3.3500  32.391831  32.393019     2.2019   55.98061  -43.18752     4.9567         57 0.0000e+00
      32097   1337.325   1208.000   1193.543     3.3503     3.3499  32.392597  32.393877     2.2012   55.98060  -43.18750     4.9567         53 0.0000e+00
      32147   1339.434   1210.000   1195.513     3.3504     3.3499  32.393467  32.394775     2.2001   55.98060  -43.18750     4.9566         46 0.0000e+00
      32190   1341.199   1212.000   1197.484     3.3500     3.3496  32.393985  32.395267     2.1994   55.98060  -43.18750     4.9567         39 0.0000e+00
      32225   1342.656   1214.000   1199.454     3.3498     3.3495  32.394711  32.395967     2.1991   55.98060  -43.18750     4.9566         32 0.0000e+00
      32258   1344.048   1216.000   1201.424     3.3498     3.3495  32.395514  32.396841     2.1991   55.98060  -43.18749     4.9566         37 0.0000e+00
      32327   1346.914   1218.000   1203.395     3.3507     3.3501  32.397008  32.398182     2.1990   55.98059  -43.18749     4.9566         65 0.0000e+00
      32404   1350.111   1220.000   1205.365     3.3509     3.3505  32.398285  32.399511     2.1984   55.98058  -43.18750     4.9566         37 0.0000e+00
      32436   1351.441   1222.000   1207.335     3.3513     3.3509  32.399525  32.400798     2.1974   55.98058  -43.18750     4.9566         32 0.0000e+00
      32466   1352.729   1224.000   1209.306     3.3516     3.3513  32.400688  32.401976     2.1969   55.98058  -43.18748     4.9566         31 0.0000e+00
      32498   1354.056   1226.000   1211.276     3.3510     3.3506  32.400998  32.402311     2.1968   55.98058  -43.18747     4.9566         33 0.0000e+00
      32535   1355.601   1228.000   1213.246     3.3491     3.3487  32.399999  32.401318     2.1970   55.98058  -43.18746     4.9566         45 0.0000e+00
      32653   1360.514   1230.000   1215.216     3.3488     3.3487  32.400449  32.402173     2.1953   55.98058  -43.18750     4.9566         40 0.0000e+00
      32687   1361.903   1232.000   1217.186     3.3464     3.3461  32.399148  32.400428     2.1956   55.98058  -43.18750     4.9566         24 0.0000e+00
      32709   1362.836   1234.000   1219.156     3.3459     3.3456  32.399474  32.400866     2.1960   55.98058  -43.18748     4.9566         21 0.0000e+00
      32731   1363.729   1236.000   1221.127     3.3458     3.3454  32.400149  32.401535     2.1964   55.98058  -43.18746     4.9566         22 0.0000e+00
      32755   1364.749   1238.000   1223.097     3.3454     3.3451  32.400664  32.402046     2.1966   55.98058  -43.18746     4.9567         29 0.0000e+00
      32856   1368.975   1240.000   1225.067     3.3466     3.3464  32.402470  32.404060     2.1951   55.98058  -43.18747     4.9565         31 0.0000e+00
