Example_Files/SBE_Processing_Files/Processed_SBE_cast_files/downcasts/dar69-01_017.cnv
* Sea-Bird SBE 9 Data File:
* FileName = D:\data\ar69-01_017.hex
* Software Version Seasave V 7.26.7.107
* Temperature SN = 4491
* Conductivity SN = 3009
* Number of Bytes Per Scan = 44
* Number of Voltage Words = 5
* Number of Scans Averaged by the Deck Unit = 1
* NMEA Latitude = 59 54.25 N
* NMEA Longitude = 041 05.54 W
* NMEA UTC (Time) = Jul 05 2022  07:22:52
** Cruise ID: AR69-01
** Chief Sci:
** Station #: 017
** Site ID: M1 OSNAP acoustic releases
# nquan = 14
# nvalues = 1056                        
# units = specified
# name 0 = scan: Scan Count
# name 1 = timeS: Time, Elapsed [seconds]
# name 2 = prDM: Pressure, Digiquartz [db]
# name 3 = depSM: Depth [salt water, m]
# name 4 = t090C: Temperature [ITS-90, deg C]
# name 5 = t190C: Temperature, 2 [ITS-90, deg C]
# name 6 = c0mS/cm: Conductivity [mS/cm]
# name 7 = c1mS/cm: Conductivity, 2 [mS/cm]
# name 8 = sbeox0V: Oxygen raw, SBE 43 [V]
# name 9 = latitude: Latitude [deg]
# name 10 = longitude: Longitude [deg]
# name 11 = v7: Voltage 7
# name 12 = nbin: number of scans per bin
# name 13 = flag: flag
# span 0 =        159,      70007       
# span 1 =      6.592,   2916.911       
# span 2 =      4.000,   2114.000       
# span 3 =      3.962,   2083.564       
# span 4 =     1.7825,     8.1628       
# span 5 =     1.7833,     8.1621       
# span 6 =  31.398280,  36.236317       
# span 7 =  31.399753,  36.238283       
# span 8 =     1.9560,     2.8135       
# span 9 =   59.90412,   59.90414       
# span 10 =  -41.09234,  -41.09229      
# span 11 =     4.9560,     4.9573      
# span 12 =          1,        118      
# span 13 = 0.0000e+00, 0.0000e+00      
# interval = decibars: 2                
# start_time = Jul 05 2022 07:22:52 [NMEA time, first data scan]
# bad_flag = -9.990e-29
*END*
[from data line 310]
      16647    693.569    624.000    617.192     3.9870     3.9863  32.734654  32.735983     2.2981   59.90414  -41.09232     4.9573         64 0.0000e+00
      16704    695.959    626.000    619.167     3.9772     3.9764  32.726643  32.727999     2.2978   59.90414  -41.09232     4.9573         52 0.0000e+00
      16748    697.796    628.000    621.142     3.9642     3.9647  32.714965  32.718550     2.2979   59.90414  -41.09232     4.9573         38 0.0000e+00
      16785    699.353    630.000    623.117     3.9513     3.9502  32.704599  32.705126     2.2989   59.90413  -41.09232     4.9573         39 0.0000e+00
      16833    701.336    632.000    625.092     3.9441     3.9441  32.697835  32.700090     2.3014   59.90413  -41.09232     4.9573         59 0.0000e+00
      16894    703.885    634.000    627.067     3.9373     3.9365  32.691770  32.692917     2.3025   59.90414  -41.09232     4.9573         55 0.0000e+00
      16940    705.797    636.000    629.043     3.9465     3.9455  32.701881  32.702250     2.3010   59.90412  -41.09232     4.9573         41 0.0000e+00
      16980    707.468    638.000    631.018     3.9495     3.9487  32.705758  32.706934     2.3006   59.90412  -41.09232     4.9573         40 0.0000e+00
      17022    709.211    640.000    632.993     3.9486     3.9483  32.705945  32.707340     2.3004   59.90412  -41.09232     4.9573         43 0.0000e+00
      17073    711.318    642.000    634.968     3.9492     3.9480  32.707349  32.707876     2.2996   59.90412  -41.09232     4.9573         64 0.0000e+00
      17140    714.109    644.000    636.943     3.9510     3.9502  32.709796  32.710983     2.2990   59.90412  -41.09232     4.9573         58 0.0000e+00
      17185    715.998    646.000    638.918     3.9479     3.9481  32.707429  32.709753     2.3009   59.90412  -41.09232     4.9573         38 0.0000e+00
      17220    717.449    648.000    640.893     3.9373     3.9357  32.697626  32.699015     2.3020   59.90412  -41.09232     4.9573         33 0.0000e+00
      17261    719.153    650.000    642.868     3.9276     3.9268  32.689369  32.690606     2.3024   59.90412  -41.09232     4.9573         58 0.0000e+00
      17333    722.186    652.000    644.843     3.9246     3.9242  32.687310  32.688954     2.3043   59.90412  -41.09232     4.9573         59 0.0000e+00
      17371    723.752    654.000    646.818     3.9177     3.9173  32.681604  32.683320     2.3044   59.90412  -41.09232     4.9573         35 0.0000e+00
      17410    725.374    656.000    648.793     3.9148     3.9146  32.679967  32.681793     2.3040   59.90412  -41.09232     4.9573         45 0.0000e+00
      17459    727.405    658.000    650.767     3.9094     3.9086  32.675921  32.677120     2.3031   59.90412  -41.09232     4.9573         53 0.0000e+00
      17514    729.688    660.000    652.742     3.9083     3.9075  32.675834  32.677020     2.3021   59.90412  -41.09232     4.9573         51 0.0000e+00
      17559    731.563    662.000    654.717     3.9071     3.9062  32.675781  32.676753     2.3005   59.90412  -41.09232     4.9573         43 0.0000e+00
      17605    733.490    664.000    656.692     3.9076     3.9068  32.677873  32.678825     2.2995   59.90412  -41.09232     4.9573         51 0.0000e+00
      17662    735.864    666.000    658.667     3.9066     3.9060  32.677571  32.678945     2.2980   59.90412  -41.09232     4.9573         57 0.0000e+00
      17709    737.837    668.000    660.642     3.9067     3.9062  32.678827  32.680334     2.2957   59.90412  -41.09232     4.9573         39 0.0000e+00
      17749    739.481    670.000    662.616     3.9092     3.9086  32.682673  32.683959     2.2927   59.90412  -41.09232     4.9573         45 0.0000e+00
      17800    741.610    672.000    664.591     3.9110     3.9106  32.685709  32.687111     2.2911   59.90412  -41.09232     4.9573         52 0.0000e+00
      17848    743.625    674.000    666.566     3.9105     3.9098  32.686454  32.687890     2.2899   59.90412  -41.09232     4.9573         47 0.0000e+00
      17893    745.511    676.000    668.541     3.9041     3.9034  32.681304  32.682706     2.2894   59.90412  -41.09232     4.9573         44 0.0000e+00
      17941    747.496    678.000    670.515     3.9035     3.9031  32.681820  32.683241     2.2883   59.90412  -41.09232     4.9573         52 0.0000e+00
      17993    749.663    680.000    672.490     3.9029     3.9019  32.682129  32.683068     2.2873   59.90412  -41.09232     4.9573         48 0.0000e+00
      18038    751.542    682.000    674.465     3.9012     3.9006  32.681469  32.682794     2.2868   59.90412  -41.09234     4.9573         46 0.0000e+00
      18085    753.493    684.000    676.439     3.9009     3.9003  32.682121  32.683370     2.2868   59.90412  -41.09232     4.9573         47 0.0000e+00
      18133    755.490    686.000    678.414     3.8995     3.8972  32.681578  32.681200     2.2872   59.90412  -41.09232     4.9573         49 0.0000e+00
      18180    757.465    688.000    680.389     3.8976     3.8969  32.680592  32.681777     2.2873   59.90412  -41.09233     4.9573         45 0.0000e+00
      18229    759.501    690.000    682.363     3.8964     3.8959  32.680365  32.681647     2.2871   59.90412  -41.09234     4.9573         55 0.0000e+00
      18286    761.894    692.000    684.338     3.8961     3.8953  32.680800  32.681894     2.2866   59.90412  -41.09232     4.9573         53 0.0000e+00
      18330    763.697    694.000    686.313     3.8955     3.8951  32.681217  32.682591     2.2863   59.90412  -41.09232     4.9573         36 0.0000e+00
      18365    765.187    696.000    688.287     3.8959     3.8952  32.682457  32.683636     2.2854   59.90412  -41.09234     4.9573         40 0.0000e+00
      18418    767.378    698.000    690.261     3.8955     3.8949  32.682874  32.684102     2.2850   59.90412  -41.09234     4.9573         65 0.0000e+00
      18475    769.769    700.000    692.236     3.8953     3.8946  32.683589  32.684749     2.2844   59.90412  -41.09234     4.9573         44 0.0000e+00
      18514    771.394    702.000    694.211     3.8958     3.8954  32.685084  32.686577     2.2838   59.90412  -41.09234     4.9573         40 0.0000e+00
      18560    773.280    704.000    696.185     3.8961     3.8956  32.686236  32.687653     2.2837   59.90412  -41.09232     4.9573         48 0.0000e+00
      18607    775.264    706.000    698.159     3.8936     3.8930  32.684810  32.686056     2.2831   59.90412  -41.09233     4.9573         50 0.0000e+00
      18666    777.722    708.000    700.134     3.8894     3.8891  32.681641  32.683234     2.2823   59.90412  -41.09234     4.9573         65 0.0000e+00
      18721    780.013    710.000    702.108     3.8886     3.8879  32.681872  32.682968     2.2819   59.90412  -41.09234     4.9573         42 0.0000e+00
      18756    781.478    712.000    704.083     3.8882     3.8875  32.682507  32.683700     2.2817   59.90412  -41.09233     4.9573         32 0.0000e+00
      18790    782.883    714.000    706.057     3.8844     3.8836  32.679654  32.680954     2.2818   59.90412  -41.09232     4.9573         38 0.0000e+00
      18843    785.098    716.000    708.031     3.8777     3.8767  32.674118  32.675061     2.2813   59.90412  -41.09234     4.9573         68 0.0000e+00
      18912    787.945    718.000    710.006     3.8754     3.8748  32.672888  32.673900     2.2805   59.90412  -41.09234     4.9573         57 0.0000e+00
      18954    789.689    720.000    711.980     3.8751     3.8748  32.673393  32.675021     2.2805   59.90412  -41.09234     4.9573         34 0.0000e+00
      18987    791.079    722.000    713.954     3.8737     3.8737  32.673150  32.675031     2.2808   59.90412  -41.09234     4.9573         36 0.0000e+00
      19033    792.979    724.000    715.929     3.8735     3.8729  32.673750  32.674983     2.2795   59.90412  -41.09234     4.9573         57 0.0000e+00
      19093    795.515    726.000    717.903     3.8773     3.8769  32.679120  32.680117     2.2748   59.90412  -41.09234     4.9573         60 0.0000e+00
      19147    797.745    728.000    719.877     3.8890     3.8880  32.692781  32.693507     2.2712   59.90412  -41.09234     4.9573         45 0.0000e+00
      19186    799.378    730.000    721.851     3.8903     3.8896  32.695029  32.696280     2.2695   59.90412  -41.09234     4.9573         37 0.0000e+00
      19226    801.041    732.000    723.826     3.8881     3.8878  32.694017  32.695679     2.2680   59.90412  -41.09234     4.9573         45 0.0000e+00
      19281    803.313    734.000    725.800     3.8812     3.8809  32.688462  32.690037     2.2670   59.90413  -41.09234     4.9573         63 0.0000e+00
      19338    805.722    736.000    727.774     3.8802     3.8798  32.688347  32.689904     2.2661   59.90413  -41.09234     4.9573         48 0.0000e+00
      19379    807.408    738.000    729.748     3.8713     3.8707  32.680920  32.682468     2.2652   59.90412  -41.09234     4.9573         36 0.0000e+00
      19416    808.968    740.000    731.722     3.8724     3.8720  32.683328  32.684717     2.2646   59.90412  -41.09234     4.9573         41 0.0000e+00
      19466    811.056    742.000    733.696     3.8727     3.8721  32.684761  32.686004     2.2633   59.90414  -41.09234     4.9573         59 0.0000e+00
      19522    813.371    744.000    735.671     3.8728     3.8722  32.685951  32.687176     2.2615   59.90413  -41.09234     4.9573         51 0.0000e+00
      19573    815.495    746.000    737.645     3.8721     3.8714  32.686337  32.687324     2.2596   59.90414  -41.09234     4.9573         51 0.0000e+00
      19623    817.573    748.000    739.619     3.8728     3.8721  32.688257  32.689424     2.2578   59.90414  -41.09234     4.9573         47 0.0000e+00
      19665    819.330    750.000    741.593     3.8699     3.8693  32.686949  32.688213     2.2568   59.90414  -41.09234     4.9573         37 0.0000e+00
      19703    820.910    752.000    743.567     3.8684     3.8679  32.686521  32.687938     2.2562   59.90414  -41.09234     4.9573         44 0.0000e+00
      19761    823.327    754.000    745.541     3.8659     3.8656  32.684872  32.686585     2.2567   59.90414  -41.09234     4.9573         66 0.0000e+00
      19819    825.738    756.000    747.515     3.8496     3.8488  32.669668  32.671275     2.2575   59.90414  -41.09234     4.9573         50 0.0000e+00
      19861    827.489    758.000    749.489     3.8389     3.8383  32.660304  32.661716     2.2580   59.90414  -41.09234     4.9573         35 0.0000e+00
      19895    828.928    760.000    751.463     3.8339     3.8334  32.656562  32.657998     2.2583   59.90414  -41.09234     4.9573         37 0.0000e+00
      19945    830.985    762.000    753.437     3.8327     3.8319  32.656313  32.657324     2.2578   59.90414  -41.09234     4.9573         66 0.0000e+00
      20007    833.585    764.000    755.410     3.8309     3.8302  32.655465  32.656693     2.2576   59.90414  -41.09234     4.9573         50 0.0000e+00
      20052    835.452    766.000    757.384     3.8167     3.8163  32.643131  32.645047     2.2578   59.90414  -41.09234     4.9573         41 0.0000e+00
      20091    837.092    768.000    759.358     3.8114     3.8107  32.639250  32.640444     2.2575   59.90414  -41.09233     4.9573         40 0.0000e+00
      20140    839.143    770.000    761.332     3.8111     3.8105  32.639759  32.640987     2.2574   59.90414  -41.09233     4.9573         62 0.0000e+00
      20202    841.708    772.000    763.306     3.8108     3.8102  32.640386  32.641609     2.2571   59.90414  -41.09234     4.9573         51 0.0000e+00
      20244    843.458    774.000    765.280     3.8091     3.8083  32.639644  32.640703     2.2567   59.90414  -41.09234     4.9573         39 0.0000e+00
      20282    845.058    776.000    767.254     3.8063     3.8055  32.637824  32.638965     2.2567   59.90414  -41.09233     4.9573         39 0.0000e+00
      20325    846.824    778.000    769.227     3.8054     3.8049  32.638119  32.639285     2.2560   59.90414  -41.09232     4.9573         48 0.0000e+00
      20382    849.198    780.000    771.201     3.8034     3.8031  32.637101  32.638632     2.2545   59.90414  -41.09234     4.9573         63 0.0000e+00
      20441    851.654    782.000    773.175     3.8010     3.8005  32.636061  32.637457     2.2536   59.90414  -41.09234     4.9573         48 0.0000e+00
      20478    853.210    784.000    775.148     3.7969     3.7961  32.633542  32.634895     2.2531   59.90414  -41.09232     4.9573         33 0.0000e+00
      20516    854.812    786.000    777.122     3.7923     3.7916  32.630445  32.631623     2.2515   59.90413  -41.09232     4.9573         52 0.0000e+00
      20584    857.619    788.000    779.096     3.7900     3.7901  32.629303  32.631060     2.2497   59.90414  -41.09234     4.9573         63 0.0000e+00
      20631    859.578    790.000    781.069     3.7858     3.7848  32.626296  32.627423     2.2485   59.90414  -41.09234     4.9573         42 0.0000e+00
      20671    861.230    792.000    783.043     3.7836     3.7830  32.625493  32.626414     2.2484   59.90414  -41.09233     4.9573         37 0.0000e+00
      20707    862.759    794.000    785.017     3.7813     3.7807  32.624518  32.625801     2.2476   59.90414  -41.09232     4.9573         40 0.0000e+00
      20765    865.176    796.000    786.990     3.7812     3.7804  32.625329  32.626337     2.2464   59.90414  -41.09232     4.9573         70 0.0000e+00
      20819    867.435    798.000    788.964     3.7781     3.7776  32.623531  32.624806     2.2459   59.90414  -41.09233     4.9573         41 0.0000e+00
      20860    869.132    800.000    790.937     3.7701     3.7694  32.616877  32.618210     2.2455   59.90414  -41.09232     4.9573         43 0.0000e+00
      20907    871.083    802.000    792.911     3.7678     3.7669  32.615788  32.616649     2.2449   59.90414  -41.09232     4.9573         47 0.0000e+00
      20952    872.940    804.000    794.885     3.7665     3.7659  32.615633  32.616994     2.2444   59.90414  -41.09232     4.9573         45 0.0000e+00
      21002    875.038    806.000    796.858     3.7643     3.7639  32.614377  32.615825     2.2438   59.90414  -41.09232     4.9573         55 0.0000e+00
      21059    877.434    808.000    798.832     3.7629     3.7622  32.613923  32.615024     2.2424   59.90413  -41.09232     4.9573         63 0.0000e+00
      21118    879.860    810.000    800.805     3.7622     3.7619  32.614154  32.615634     2.2408   59.90414  -41.09233     4.9573         43 0.0000e+00
      21151    881.262    812.000    802.778     3.7607     3.7603  32.613829  32.615118     2.2408   59.90414  -41.09234     4.9573         31 0.0000e+00
      21185    882.659    814.000    804.752     3.7616     3.7609  32.615593  32.616619     2.2408   59.90413  -41.09233     4.9573         39 0.0000e+00
      21242    885.048    816.000    806.725     3.7609     3.7602  32.615569  32.616658     2.2404   59.90413  -41.09232     4.9573         72 0.0000e+00
      21301    887.505    818.000    808.699     3.7605     3.7600  32.616036  32.617238     2.2400   59.90414  -41.09233     4.9573         43 0.0000e+00
      21340    889.129    820.000    810.672     3.7602     3.7594  32.616626  32.617688     2.2396   59.90413  -41.09233     4.9573         42 0.0000e+00
      21388    891.114    822.000    812.645     3.7583     3.7567  32.615794  32.616211     2.2384   59.90414  -41.09232     4.9573         48 0.0000e+00
      21432    892.950    824.000    814.619     3.7539     3.7529  32.612851  32.613839     2.2376   59.90414  -41.09232     4.9573         44 0.0000e+00
      21484    895.142    826.000    816.592     3.7496     3.7486  32.610046  32.610907     2.2373   59.90414  -41.09232     4.9573         62 0.0000e+00
