Example_Files/SBE_Processing_Files/Processed_SBE_cast_files/downcasts/dar69-01_007.cnv
* Sea-Bird SBE 9 Data File:
* FileName = D:\data\ar69-01_007.hex
* Software Version Seasave V 7.26.7.107
* Temperature SN = 4491
* Conductivity SN = 3009
* Number of Bytes Per Scan = 44
* Number of Voltage Words = 5
* Number of Scans Averaged by the Deck Unit = 1
* NMEA Latitude = 53 54.62 N
* NMEA Longitude = 045 23.76 W
* NMEA UTC (Time) = Jun 26 2022  15:18:37
** Cruise ID: AR69-01
** Chief Sci:
** Station #: 007
** Site ID: Transit - cal. dip (optodes + microcats)
# nquan = 14
# nvalues = 1728                        
# units = specified
# name 0 = scan: Scan Count
# name 1 = timeS: Time, Elapsed [seconds]
# name 2 = prDM: Pressure, Digiquartz [db]
# name 3 = depSM: Depth [salt water, m]
# name 4 = t090C: Temperature [ITS-90, deg C]
# name 5 = t190C: Temperature, 2 [ITS-90, deg C]
# name 6 = c0mS/cm: Conductivity [mS/cm]
# name 7 = c1mS/cm: Conductivity, 2 [mS/cm]
# name 8 = sbeox0V: Oxygen raw, SBE 43 [V]
# name 9 = latitude: Latitude [deg]
# name 10 = longitude: Longitude [deg]
# name 11 = v7: Voltage 7
# name 12 = nbin: number of scans per bin
# name 13 = flag: flag
# span 0 =       1235,     103072       
# span 1 =     51.420,   4294.607       
# span 2 =      4.000,   3458.000       
# span 3 =      3.963,   3399.353       
# span 4 =     2.4735,     9.1711       
# span 5 =     2.4731,     9.1680       
# span 6 =  32.161924,  36.886268       
# span 7 =  32.166635,  36.888329       
# span 8 =     1.6596,     2.8852       
# span 9 =   53.90745,   53.91040       
# span 10 =  -45.39600,  -45.39556      
# span 11 =     4.9560,     4.9573      
# span 12 =          1,        122      
# span 13 = 0.0000e+00, 0.0000e+00      
# interval = decibars: 2                
# start_time = Jun 26 2022 15:18:37 [NMEA time, first data scan]
# bad_flag = -9.990e-29
*END*
[from data line 517]
      28716   1196.479   1038.000   1026.177     3.5293     3.5288  32.487001  32.488382     2.2113   53.90912  -45.39580     4.9562         59 0.0000e+00
      28763   1198.430   1040.000   1028.149     3.5292     3.5288  32.487881  32.489431     2.2118   53.90913  -45.39580     4.9561         37 0.0000e+00
      28798   1199.869   1042.000   1030.122     3.5257     3.5252  32.485344  32.486878     2.2119   53.90914  -45.39580     4.9570         36 0.0000e+00
      28840   1201.630   1044.000   1032.094     3.5212     3.5206  32.481704  32.483003     2.2116   53.90913  -45.39580     4.9568         51 0.0000e+00
      28897   1204.017   1046.000   1034.066     3.5238     3.5232  32.485496  32.486503     2.2107   53.90912  -45.39580     4.9564         58 0.0000e+00
      28951   1206.231   1048.000   1036.038     3.5234     3.5231  32.486151  32.487818     2.2098   53.90912  -45.39580     4.9563         47 0.0000e+00
      28991   1207.904   1050.000   1038.011     3.5220     3.5215  32.485740  32.487087     2.2103   53.90912  -45.39580     4.9566         35 0.0000e+00
      29026   1209.369   1052.000   1039.983     3.5173     3.5168  32.482185  32.483741     2.2104   53.90912  -45.39580     4.9567         39 0.0000e+00
      29084   1211.776   1054.000   1041.955     3.5145     3.5145  32.480256  32.481972     2.2102   53.90912  -45.39580     4.9566         74 0.0000e+00
      29140   1214.112   1056.000   1043.927     3.5187     3.5181  32.485667  32.486976     2.2095   53.90912  -45.39580     4.9567         36 0.0000e+00
      29173   1215.497   1058.000   1045.900     3.5182     3.5177  32.486314  32.487621     2.2093   53.90912  -45.39580     4.9566         35 0.0000e+00
      29227   1217.756   1060.000   1047.872     3.5183     3.5178  32.487019  32.488406     2.2080   53.90912  -45.39580     4.9568         71 0.0000e+00
      29284   1220.119   1062.000   1049.844     3.5186     3.5181  32.488445  32.489736     2.2071   53.90912  -45.39580     4.9569         40 0.0000e+00
      29320   1221.631   1064.000   1051.816     3.5152     3.5148  32.485690  32.487662     2.2080   53.90912  -45.39580     4.9568         35 0.0000e+00
      29356   1223.132   1066.000   1053.788     3.5013     3.5005  32.472913  32.474195     2.2086   53.90912  -45.39580     4.9569         40 0.0000e+00
      29418   1225.717   1068.000   1055.760     3.4988     3.4996  32.471074  32.473762     2.2089   53.90912  -45.39580     4.9567         81 0.0000e+00
      29480   1228.306   1070.000   1057.732     3.4959     3.4950  32.468969  32.470274     2.2089   53.90912  -45.39580     4.9567         38 0.0000e+00
      29511   1229.571   1072.000   1059.704     3.4914     3.4910  32.465709  32.467210     2.2095   53.90912  -45.39580     4.9566         28 0.0000e+00
      29540   1230.785   1074.000   1061.676     3.4920     3.4916  32.467372  32.468794     2.2096   53.90912  -45.39580     4.9565         32 0.0000e+00
      29595   1233.075   1076.000   1063.648     3.4903     3.4888  32.466332  32.466835     2.2090   53.90912  -45.39580     4.9566         80 0.0000e+00
      29674   1236.358   1078.000   1065.620     3.4894     3.4880  32.466484  32.467015     2.2079   53.90912  -45.39580     4.9567         46 0.0000e+00
      29708   1237.780   1080.000   1067.592     3.4885     3.4877  32.467122  32.467922     2.2076   53.90912  -45.39580     4.9565         32 0.0000e+00
      29739   1239.104   1082.000   1069.564     3.4955     3.4949  32.475267  32.476103     2.2071   53.90912  -45.39580     4.9567         34 0.0000e+00
      29787   1241.082   1084.000   1071.536     3.4946     3.4940  32.475149  32.476471     2.2062   53.90912  -45.39580     4.9567         67 0.0000e+00
      29851   1243.730   1086.000   1073.508     3.4905     3.4897  32.471839  32.473143     2.2060   53.90912  -45.39580     4.9567         45 0.0000e+00
      29886   1245.218   1088.000   1075.479     3.4871     3.4863  32.469449  32.470552     2.2060   53.90912  -45.39580     4.9568         34 0.0000e+00
      29927   1246.929   1090.000   1077.451     3.4871     3.4869  32.470393  32.472182     2.2060   53.90911  -45.39580     4.9567         53 0.0000e+00
      29993   1249.651   1092.000   1079.423     3.4833     3.4825  32.467436  32.468495     2.2060   53.90910  -45.39580     4.9567         61 0.0000e+00
      30035   1251.401   1094.000   1081.395     3.4845     3.4840  32.469662  32.471019     2.2060   53.90912  -45.39580     4.9566         32 0.0000e+00
      30066   1252.701   1096.000   1083.367     3.4810     3.4806  32.467167  32.468905     2.2060   53.90912  -45.39580     4.9566         34 0.0000e+00
      30117   1254.829   1098.000   1085.339     3.4775     3.4773  32.464627  32.466175     2.2054   53.90910  -45.39580     4.9565         75 0.0000e+00
      30183   1257.593   1100.000   1087.310     3.4772     3.4770  32.465289  32.467035     2.2051   53.90910  -45.39580     4.9568         44 0.0000e+00
      30223   1259.244   1102.000   1089.282     3.4745     3.4741  32.463530  32.464962     2.2053   53.90910  -45.39580     4.9566         42 0.0000e+00
      30268   1261.132   1104.000   1091.254     3.4720     3.4717  32.461997  32.463409     2.2053   53.90910  -45.39580     4.9565         47 0.0000e+00
      30311   1262.935   1106.000   1093.225     3.4715     3.4710  32.462345  32.463747     2.2047   53.90910  -45.39580     4.9565         40 0.0000e+00
      30355   1264.741   1108.000   1095.197     3.4707     3.4703  32.462579  32.463973     2.2044   53.90910  -45.39580     4.9565         50 0.0000e+00
      30413   1267.181   1110.000   1097.169     3.4697     3.4692  32.462338  32.463730     2.2046   53.90910  -45.39580     4.9566         57 0.0000e+00
      30460   1269.108   1112.000   1099.141     3.4636     3.4632  32.457338  32.458705     2.2046   53.90910  -45.39580     4.9566         41 0.0000e+00
      30500   1270.780   1114.000   1101.112     3.4635     3.4633  32.458136  32.459733     2.2038   53.90910  -45.39580     4.9565         41 0.0000e+00
      30547   1272.731   1116.000   1103.084     3.4628     3.4622  32.458347  32.459571     2.2032   53.90910  -45.39580     4.9566         58 0.0000e+00
      30608   1275.280   1118.000   1105.055     3.4635     3.4630  32.460328  32.461558     2.2032   53.90910  -45.39580     4.9567         49 0.0000e+00
      30644   1276.808   1120.000   1107.027     3.4606     3.4602  32.458325  32.459886     2.2032   53.90910  -45.39580     4.9567         34 0.0000e+00
      30691   1278.742   1122.000   1108.998     3.4579     3.4574  32.456370  32.457749     2.2031   53.90908  -45.39580     4.9566         67 0.0000e+00
      30756   1281.448   1124.000   1110.970     3.4573     3.4570  32.456648  32.458217     2.2027   53.90910  -45.39580     4.9564         46 0.0000e+00
      30790   1282.860   1126.000   1112.941     3.4558     3.4554  32.456122  32.457650     2.2023   53.90910  -45.39581     4.9566         30 0.0000e+00
      30822   1284.199   1128.000   1114.913     3.4539     3.4534  32.455116  32.456472     2.2020   53.90909  -45.39581     4.9565         37 0.0000e+00
      30886   1286.887   1130.000   1116.884     3.4535     3.4526  32.455335  32.456348     2.2017   53.90908  -45.39580     4.9565         75 0.0000e+00
      30944   1289.309   1132.000   1118.856     3.4520     3.4514  32.454981  32.456268     2.2022   53.90908  -45.39580     4.9565         32 0.0000e+00
      30972   1290.475   1134.000   1120.827     3.4516     3.4512  32.455476  32.456863     2.2022   53.90909  -45.39582     4.9566         28 0.0000e+00
      31009   1292.010   1136.000   1122.799     3.4527     3.4522  32.457510  32.458851     2.2017   53.90908  -45.39581     4.9566         51 0.0000e+00
      31086   1295.224   1138.000   1124.770     3.4535     3.4531  32.459151  32.460610     2.2006   53.90908  -45.39580     4.9566         49 0.0000e+00
      31119   1296.575   1140.000   1126.742     3.4541     3.4535  32.460863  32.461970     2.1995   53.90908  -45.39580     4.9566         34 0.0000e+00
      31162   1298.385   1142.000   1128.713     3.4575     3.4570  32.465303  32.466525     2.1986   53.90908  -45.39580     4.9566         57 0.0000e+00
      31222   1300.874   1144.000   1130.684     3.4545     3.4539  32.463221  32.464494     2.1989   53.90908  -45.39580     4.9566         53 0.0000e+00
      31269   1302.818   1146.000   1132.656     3.4532     3.4528  32.462883  32.464333     2.1991   53.90908  -45.39580     4.9565         43 0.0000e+00
      31308   1304.442   1148.000   1134.627     3.4499     3.4498  32.460449  32.462303     2.1994   53.90908  -45.39580     4.9566         35 0.0000e+00
      31342   1305.876   1150.000   1136.598     3.4484     3.4479  32.459783  32.461254     2.1994   53.90908  -45.39580     4.9566         37 0.0000e+00
      31404   1308.471   1152.000   1138.570     3.4478     3.4475  32.459820  32.461500     2.1991   53.90908  -45.39580     4.9565         84 0.0000e+00
      31465   1311.008   1154.000   1140.541     3.4409     3.4405  32.453942  32.455558     2.1991   53.90908  -45.39580     4.9564         36 0.0000e+00
      31498   1312.360   1156.000   1142.512     3.4368     3.4364  32.450846  32.452460     2.1993   53.90908  -45.39580     4.9566         33 0.0000e+00
      31536   1313.938   1158.000   1144.483     3.4334     3.4329  32.448318  32.449696     2.1996   53.90908  -45.39580     4.9566         45 0.0000e+00
      31585   1316.000   1160.000   1146.454     3.4343     3.4340  32.450186  32.451478     2.1985   53.90908  -45.39580     4.9565         51 0.0000e+00
      31647   1318.579   1162.000   1148.426     3.4529     3.4506  32.470404  32.469384     2.1960   53.90908  -45.39580     4.9564         73 0.0000e+00
      31703   1320.927   1164.000   1150.397     3.4602     3.4600  32.478967  32.480541     2.1944   53.90908  -45.39580     4.9565         36 0.0000e+00
      31735   1322.246   1166.000   1152.368     3.4590     3.4585  32.478614  32.479961     2.1944   53.90908  -45.39580     4.9566         32 0.0000e+00
      31772   1323.801   1168.000   1154.339     3.4530     3.4521  32.473246  32.474500     2.1944   53.90908  -45.39580     4.9566         44 0.0000e+00
      31828   1326.109   1170.000   1156.310     3.4437     3.4429  32.464756  32.465670     2.1948   53.90907  -45.39580     4.9565         63 0.0000e+00
      31881   1328.327   1172.000   1158.281     3.4392     3.4394  32.460959  32.463046     2.1947   53.90906  -45.39580     4.9566         42 0.0000e+00
      31921   1329.993   1174.000   1160.252     3.4430     3.4416  32.466105  32.466036     2.1939   53.90906  -45.39580     4.9566         42 0.0000e+00
      31969   1332.017   1176.000   1162.223     3.4516     3.4507  32.475727  32.476423     2.1927   53.90906  -45.39580     4.9565         54 0.0000e+00
      32022   1334.194   1178.000   1164.194     3.4568     3.4562  32.482065  32.483125     2.1916   53.90906  -45.39580     4.9566         49 0.0000e+00
      32066   1336.058   1180.000   1166.165     3.4604     3.4599  32.486947  32.488063     2.1906   53.90906  -45.39580     4.9566         41 0.0000e+00
      32110   1337.860   1182.000   1168.137     3.4620     3.4616  32.489310  32.490659     2.1894   53.90906  -45.39580     4.9566         52 0.0000e+00
      32175   1340.569   1184.000   1170.108     3.4619     3.4615  32.489902  32.491280     2.1885   53.90906  -45.39580     4.9566         60 0.0000e+00
      32215   1342.248   1186.000   1172.078     3.4613     3.4609  32.490244  32.491747     2.1884   53.90906  -45.39580     4.9566         32 0.0000e+00
      32248   1343.618   1188.000   1174.049     3.4587     3.4584  32.488494  32.490139     2.1884   53.90906  -45.39580     4.9565         37 0.0000e+00
      32300   1345.809   1190.000   1176.020     3.4508     3.4503  32.481275  32.482787     2.1886   53.90906  -45.39580     4.9565         69 0.0000e+00
      32360   1348.276   1192.000   1177.991     3.4473     3.4465  32.478737  32.479684     2.1888   53.90906  -45.39580     4.9566         43 0.0000e+00
      32398   1349.859   1194.000   1179.962     3.4481     3.4474  32.480480  32.481536     2.1888   53.90906  -45.39580     4.9566         37 0.0000e+00
      32441   1351.658   1196.000   1181.933     3.4469     3.4462  32.480014  32.481143     2.1889   53.90906  -45.39580     4.9565         49 0.0000e+00
      32486   1353.541   1198.000   1183.904     3.4450     3.4444  32.479034  32.480122     2.1890   53.90906  -45.39580     4.9566         40 0.0000e+00
      32538   1355.724   1200.000   1185.875     3.4430     3.4427  32.477791  32.479339     2.1885   53.90906  -45.39580     4.9566         76 0.0000e+00
      32606   1358.540   1202.000   1187.845     3.4386     3.4382  32.474439  32.475979     2.1887   53.90906  -45.39580     4.9566         41 0.0000e+00
      32639   1359.910   1204.000   1189.816     3.4341     3.4341  32.470971  32.472750     2.1890   53.90905  -45.39580     4.9565         32 0.0000e+00
      32672   1361.299   1206.000   1191.787     3.4342     3.4340  32.471918  32.473542     2.1885   53.90904  -45.39580     4.9565         37 0.0000e+00
      32726   1363.547   1208.000   1193.758     3.4333     3.4328  32.471824  32.473087     2.1877   53.90905  -45.39580     4.9566         72 0.0000e+00
      32784   1365.967   1210.000   1195.728     3.4362     3.4356  32.475833  32.476942     2.1873   53.90906  -45.39580     4.9565         37 0.0000e+00
      32818   1367.356   1212.000   1197.699     3.4366     3.4362  32.477300  32.478486     2.1864   53.90904  -45.39580     4.9566         35 0.0000e+00
      32869   1369.485   1214.000   1199.670     3.4377     3.4372  32.479141  32.480379     2.1852   53.90904  -45.39580     4.9566         69 0.0000e+00
      32925   1371.848   1216.000   1201.641     3.4379     3.4375  32.480358  32.481691     2.1847   53.90904  -45.39580     4.9566         37 0.0000e+00
      32958   1373.219   1218.000   1203.611     3.4374     3.4368  32.480699  32.481978     2.1842   53.90904  -45.39580     4.9566         34 0.0000e+00
      33000   1374.943   1220.000   1205.582     3.4355     3.4348  32.479542  32.480787     2.1842   53.90904  -45.39580     4.9564         55 0.0000e+00
      33070   1377.889   1222.000   1207.552     3.4256     3.4254  32.470312  32.472115     2.1852   53.90904  -45.39580     4.9565         66 0.0000e+00
      33116   1379.779   1224.000   1209.523     3.4193     3.4186  32.464930  32.466101     2.1858   53.90904  -45.39580     4.9565         37 0.0000e+00
      33151   1381.254   1226.000   1211.494     3.4179     3.4173  32.464410  32.465702     2.1864   53.90904  -45.39580     4.9565         36 0.0000e+00
      33190   1382.859   1228.000   1213.464     3.4142     3.4137  32.461380  32.462822     2.1865   53.90904  -45.39580     4.9565         43 0.0000e+00
      33251   1385.401   1230.000   1215.435     3.4122     3.4117  32.460282  32.461491     2.1866   53.90904  -45.39580     4.9565         71 0.0000e+00
      33301   1387.507   1232.000   1217.405     3.4120     3.4115  32.461018  32.462335     2.1868   53.90904  -45.39580     4.9565         34 0.0000e+00
      33334   1388.871   1234.000   1219.376     3.4118     3.4114  32.461812  32.463115     2.1864   53.90904  -45.39580     4.9564         34 0.0000e+00
      33382   1390.874   1236.000   1221.346     3.4126     3.4121  32.463354  32.464683     2.1856   53.90904  -45.39580     4.9565         67 0.0000e+00
      33443   1393.434   1238.000   1223.317     3.4130     3.4126  32.464735  32.466120     2.1847   53.90904  -45.39580     4.9565         43 0.0000e+00
      33478   1394.889   1240.000   1225.287     3.4126     3.4122  32.465397  32.466748     2.1844   53.90904  -45.39580     4.9565         34 0.0000e+00
