Example_Files/SBE_Processing_Files/Processed_SBE_cast_files/downcasts/dar69-01_018.cnv
* Sea-Bird SBE 9 Data File:
* FileName = D:\data\ar69-01_018.hex
* Software Version Seasave V 7.26.7.107
* Temperature SN = 4491
* Conductivity SN = 3009
* Number of Bytes Per Scan = 44
* Number of Voltage Words = 5
* Number of Scans Averaged by the Deck Unit = 1
* NMEA Latitude = 59 56.25 N
* NMEA Longitude = 041 08.20 W
* NMEA UTC (Time) = Jul 05 2022  14:07:42
** Cruise ID: AR69-01
** Chief Sci:
** Station #: 018
** Site ID: M1 OSNAP microcats + optodes (post cal dip)
# nquan = 14
# nvalues = 1008                        
# units = specified
# name 0 = scan: Scan Count
# name 1 = timeS: Time, Elapsed [seconds]
# name 2 = prDM: Pressure, Digiquartz [db]
# name 3 = depSM: Depth [salt water, m]
# name 4 = t090C: Temperature [ITS-90, deg C]
# name 5 = t190C: Temperature, 2 [ITS-90, deg C]
# name 6 = c0mS/cm: Conductivity [mS/cm]
# name 7 = c1mS/cm: Conductivity, 2 [mS/cm]
# name 8 = sbeox0V: Oxygen raw, SBE 43 [V]
# name 9 = latitude: Latitude [deg]
# name 10 = longitude: Longitude [deg]
# name 11 = v7: Voltage 7
# name 12 = nbin: number of scans per bin
# name 13 = flag: flag
# span 0 =        329,      61440       
# span 1 =     13.660,   2559.974       
# span 2 =     16.000,   2030.000       
# span 3 =     15.848,   2001.162       
# span 4 =     2.1924,     7.6828       
# span 5 =     2.1920,     7.6998       
# span 6 =  31.729162,  35.789856       
# span 7 =  31.729895,  35.803429       
# span 8 =     1.9427,     2.8327       
# span 9 =   59.93653,   59.93764       
# span 10 =  -41.14766,  -41.13672      
# span 11 =     4.9560,     4.9573      
# span 12 =         16,        120      
# span 13 = 0.0000e+00, 0.0000e+00      
# interval = decibars: 2                
# start_time = Jul 05 2022 14:07:43 [NMEA time, first data scan]
# bad_flag = -9.990e-29
*END*
[from data line 517]
      27636   1151.459   1050.000   1037.483     3.4402     3.4397  32.420270  32.421329     2.2084   59.93746  -41.13986     4.9567         64 0.0000e+00
      27688   1153.611   1052.000   1039.455     3.4409     3.4407  32.421998  32.423209     2.2081   59.93746  -41.13987     4.9568         39 0.0000e+00
      27728   1155.276   1054.000   1041.426     3.4420     3.4417  32.423953  32.425210     2.2080   59.93746  -41.13988     4.9567         44 0.0000e+00
      27779   1157.410   1056.000   1043.397     3.4429     3.4425  32.425676  32.426735     2.2069   59.93746  -41.13989     4.9568         56 0.0000e+00
      27828   1159.476   1058.000   1045.368     3.4423     3.4418  32.425855  32.426855     2.2061   59.93746  -41.13991     4.9569         43 0.0000e+00
      27869   1161.165   1060.000   1047.339     3.4434     3.4430  32.427841  32.428840     2.2060   59.93746  -41.13992     4.9568         40 0.0000e+00
      27916   1163.126   1062.000   1049.310     3.4448     3.4447  32.430136  32.431429     2.2058   59.93746  -41.13992     4.9568         57 0.0000e+00
      27977   1165.646   1064.000   1051.281     3.4461     3.4454  32.432270  32.432947     2.2051   59.93746  -41.13994     4.9565         55 0.0000e+00
      28022   1167.525   1066.000   1053.252     3.4478     3.4472  32.434850  32.435828     2.2048   59.93746  -41.13996     4.9567         40 0.0000e+00
      28060   1169.144   1068.000   1055.224     3.4472     3.4468  32.435212  32.436274     2.2040   59.93746  -41.13996     4.9567         39 0.0000e+00
      28105   1171.002   1070.000   1057.195     3.4470     3.4465  32.435840  32.436887     2.2030   59.93746  -41.13996     4.9566         52 0.0000e+00
      28162   1173.357   1072.000   1059.165     3.4478     3.4474  32.437634  32.438522     2.2024   59.93746  -41.13999     4.9568         56 0.0000e+00
      28211   1175.421   1074.000   1061.137     3.4480     3.4470  32.438477  32.439168     2.2021   59.93746  -41.14000     4.9567         43 0.0000e+00
      28251   1177.086   1076.000   1063.108     3.4459     3.4456  32.437443  32.438640     2.2011   59.93746  -41.14001     4.9566         39 0.0000e+00
      28293   1178.825   1078.000   1065.078     3.4453     3.4450  32.437665  32.438850     2.2007   59.93744  -41.14002     4.9566         47 0.0000e+00
      28344   1180.963   1080.000   1067.049     3.4464     3.4462  32.439872  32.441014     2.2006   59.93744  -41.14003     4.9566         51 0.0000e+00
      28394   1183.052   1082.000   1069.020     3.4479     3.4475  32.442280  32.443470     2.2002   59.93744  -41.14004     4.9567         52 0.0000e+00
      28445   1185.151   1084.000   1070.991     3.4447     3.4443  32.439981  32.441318     2.1994   59.93744  -41.14006     4.9568         48 0.0000e+00
      28490   1187.059   1086.000   1072.962     3.4435     3.4429  32.439716  32.440716     2.1988   59.93744  -41.14007     4.9566         43 0.0000e+00
      28532   1188.784   1088.000   1074.933     3.4409     3.4406  32.437945  32.439287     2.1984   59.93744  -41.14008     4.9566         44 0.0000e+00
      28588   1191.128   1090.000   1076.904     3.4420     3.4414  32.439999  32.440820     2.1990   59.93744  -41.14009     4.9566         63 0.0000e+00
      28639   1193.247   1092.000   1078.875     3.4361     3.4358  32.434583  32.436174     2.1993   59.93744  -41.14010     4.9565         39 0.0000e+00
      28675   1194.754   1094.000   1080.845     3.4311     3.4305  32.430601  32.431948     2.1991   59.93744  -41.14012     4.9567         37 0.0000e+00
      28720   1196.632   1096.000   1082.816     3.4297     3.4291  32.430593  32.431447     2.1987   59.93744  -41.14012     4.9567         54 0.0000e+00
      28772   1198.795   1098.000   1084.787     3.4298     3.4293  32.431753  32.432757     2.1982   59.93744  -41.14013     4.9566         46 0.0000e+00
      28818   1200.713   1100.000   1086.758     3.4304     3.4301  32.433313  32.434489     2.1975   59.93744  -41.14015     4.9568         48 0.0000e+00
      28867   1202.738   1102.000   1088.728     3.4304     3.4300  32.434217  32.435270     2.1973   59.93744  -41.14016     4.9567         48 0.0000e+00
      28915   1204.747   1104.000   1090.699     3.4314     3.4310  32.436282  32.437144     2.1967   59.93744  -41.14018     4.9567         51 0.0000e+00
      28965   1206.823   1106.000   1092.670     3.4325     3.4321  32.438871  32.440045     2.1962   59.93744  -41.14018     4.9565         44 0.0000e+00
      29007   1208.594   1108.000   1094.641     3.4321     3.4317  32.439822  32.440727     2.1945   59.93744  -41.14020     4.9566         47 0.0000e+00
      29063   1210.923   1110.000   1096.611     3.4330     3.4328  32.441618  32.442906     2.1931   59.93744  -41.14021     4.9566         57 0.0000e+00
      29111   1212.900   1112.000   1098.582     3.4332     3.4325  32.443156  32.443731     2.1923   59.93744  -41.14022     4.9566         42 0.0000e+00
      29151   1214.604   1114.000   1100.553     3.4364     3.4360  32.447647  32.448555     2.1916   59.93744  -41.14023     4.9566         40 0.0000e+00
      29190   1216.214   1116.000   1102.523     3.4370     3.4363  32.449074  32.449925     2.1907   59.93744  -41.14024     4.9567         38 0.0000e+00
      29241   1218.340   1118.000   1104.494     3.4368     3.4363  32.449632  32.450635     2.1894   59.93744  -41.14025     4.9568         73 0.0000e+00
      29312   1221.298   1120.000   1106.464     3.4363     3.4358  32.449960  32.451025     2.1884   59.93744  -41.14026     4.9567         49 0.0000e+00
      29347   1222.760   1122.000   1108.435     3.4349     3.4344  32.449741  32.450705     2.1885   59.93744  -41.14028     4.9568         31 0.0000e+00
      29380   1224.106   1124.000   1110.405     3.4354     3.4349  32.451236  32.452194     2.1885   59.93744  -41.14028     4.9565         36 0.0000e+00
      29432   1226.284   1126.000   1112.376     3.4359     3.4356  32.452652  32.453758     2.1879   59.93744  -41.14029     4.9566         72 0.0000e+00
      29496   1228.946   1128.000   1114.346     3.4367     3.4362  32.454550  32.455584     2.1863   59.93744  -41.14031     4.9566         46 0.0000e+00
      29535   1230.574   1130.000   1116.317     3.4370     3.4368  32.455910  32.457310     2.1852   59.93744  -41.14032     4.9563         37 0.0000e+00
      29575   1232.258   1132.000   1118.287     3.4378     3.4373  32.457743  32.458621     2.1843   59.93744  -41.14032     4.9566         44 0.0000e+00
      29621   1234.185   1134.000   1120.258     3.4383     3.4379  32.459189  32.460202     2.1842   59.93744  -41.14033     4.9568         50 0.0000e+00
      29679   1236.568   1136.000   1122.228     3.4392     3.4387  32.460917  32.461916     2.1839   59.93744  -41.14035     4.9567         60 0.0000e+00
      29729   1238.673   1138.000   1124.199     3.4389     3.4385  32.461510  32.462623     2.1832   59.93744  -41.14036     4.9567         41 0.0000e+00
      29767   1240.261   1140.000   1126.169     3.4393     3.4389  32.462875  32.463804     2.1831   59.93744  -41.14036     4.9561         37 0.0000e+00
      29808   1241.971   1142.000   1128.139     3.4401     3.4397  32.464427  32.465479     2.1822   59.93744  -41.14038     4.9566         49 0.0000e+00
      29866   1244.355   1144.000   1130.110     3.4411     3.4406  32.466296  32.467233     2.1816   59.93744  -41.14039     4.9566         60 0.0000e+00
      29917   1246.490   1146.000   1132.080     3.4412     3.4411  32.467320  32.468610     2.1809   59.93744  -41.14041     4.9563         42 0.0000e+00
      29958   1248.200   1148.000   1134.050     3.4420     3.4416  32.468972  32.470057     2.1799   59.93744  -41.14042     4.9565         47 0.0000e+00
      30016   1250.637   1150.000   1136.021     3.4434     3.4422  32.471490  32.471627     2.1786   59.93744  -41.14043     4.9565         56 0.0000e+00
      30056   1252.311   1152.000   1137.991     3.4440     3.4433  32.473312  32.473949     2.1778   59.93744  -41.14044     4.9568         34 0.0000e+00
      30093   1253.849   1154.000   1139.961     3.4457     3.4452  32.475983  32.476889     2.1772   59.93744  -41.14044     4.9567         43 0.0000e+00
      30149   1256.170   1156.000   1141.931     3.4470     3.4465  32.478242  32.479111     2.1762   59.93744  -41.14045     4.9565         67 0.0000e+00
      30208   1258.636   1158.000   1143.902     3.4475     3.4468  32.479645  32.480272     2.1750   59.93744  -41.14048     4.9562         44 0.0000e+00
      30243   1260.082   1160.000   1145.872     3.4491     3.4488  32.482422  32.483585     2.1743   59.93744  -41.14048     4.9565         31 0.0000e+00
      30276   1261.466   1162.000   1147.842     3.4502     3.4499  32.484469  32.485551     2.1738   59.93744  -41.14049     4.9567         39 0.0000e+00
      30341   1264.149   1164.000   1149.812     3.4522     3.4518  32.487517  32.488533     2.1726   59.93744  -41.14050     4.9566         78 0.0000e+00
      30397   1266.484   1166.000   1151.782     3.4528     3.4524  32.488956  32.490046     2.1718   59.93744  -41.14052     4.9567         40 0.0000e+00
      30433   1268.005   1168.000   1153.753     3.4531     3.4526  32.490193  32.491285     2.1709   59.93744  -41.14052     4.9565         35 0.0000e+00
      30471   1269.569   1170.000   1155.722     3.4537     3.4533  32.491821  32.492797     2.1698   59.93744  -41.14054     4.9564         42 0.0000e+00
      30525   1271.831   1172.000   1157.693     3.4550     3.4543  32.494164  32.494920     2.1684   59.93744  -41.14054     4.9567         65 0.0000e+00
      30585   1274.325   1174.000   1159.663     3.4564     3.4559  32.496755  32.497601     2.1665   59.93744  -41.14056     4.9567         51 0.0000e+00
      30628   1276.123   1176.000   1161.633     3.4570     3.4567  32.498288  32.499501     2.1651   59.93744  -41.14057     4.9566         37 0.0000e+00
      30662   1277.561   1178.000   1163.603     3.4583     3.4578  32.500866  32.501517     2.1645   59.93744  -41.14058     4.9566         35 0.0000e+00
      30706   1279.394   1180.000   1165.573     3.4606     3.4602  32.504256  32.505241     2.1638   59.93744  -41.14058     4.9567         55 0.0000e+00
      30765   1281.846   1182.000   1167.543     3.4611     3.4607  32.505669  32.506663     2.1629   59.93744  -41.14060     4.9567         61 0.0000e+00
      30823   1284.237   1184.000   1169.513     3.4613     3.4608  32.506674  32.507722     2.1626   59.93744  -41.14062     4.9566         47 0.0000e+00
      30860   1285.798   1186.000   1171.483     3.4614     3.4610  32.507759  32.508820     2.1620   59.93743  -41.14062     4.9563         34 0.0000e+00
      30898   1287.373   1188.000   1173.453     3.4616     3.4612  32.508765  32.509893     2.1612   59.93743  -41.14062     4.9565         44 0.0000e+00
      30952   1289.610   1190.000   1175.423     3.4614     3.4610  32.509377  32.510431     2.1604   59.93742  -41.14064     4.9564         61 0.0000e+00
      31013   1292.162   1192.000   1177.392     3.4613     3.4609  32.510303  32.511244     2.1594   59.93744  -41.14066     4.9564         56 0.0000e+00
      31057   1294.008   1194.000   1179.362     3.4615     3.4610  32.511410  32.512455     2.1584   59.93744  -41.14066     4.9568         36 0.0000e+00
      31092   1295.461   1196.000   1181.332     3.4628     3.4626  32.514179  32.515192     2.1579   59.93742  -41.14066     4.9566         36 0.0000e+00
      31131   1297.085   1198.000   1183.302     3.4639     3.4635  32.516285  32.517514     2.1582   59.93742  -41.14068     4.9564         44 0.0000e+00
      31187   1299.405   1200.000   1185.272     3.4641     3.4637  32.517491  32.518407     2.1576   59.93743  -41.14069     4.9567         67 0.0000e+00
      31249   1302.005   1202.000   1187.242     3.4644     3.4639  32.518654  32.519642     2.1566   59.93743  -41.14070     4.9565         49 0.0000e+00
      31289   1303.650   1204.000   1189.212     3.4645     3.4641  32.519817  32.520791     2.1560   59.93742  -41.14072     4.9565         36 0.0000e+00
      31327   1305.266   1206.000   1191.181     3.4649     3.4645  32.521194  32.522203     2.1550   59.93742  -41.14072     4.9566         44 0.0000e+00
      31379   1307.417   1208.000   1193.151     3.4657     3.4651  32.523068  32.523755     2.1535   59.93743  -41.14073     4.9566         56 0.0000e+00
      31429   1309.510   1210.000   1195.121     3.4665     3.4661  32.524739  32.525858     2.1527   59.93743  -41.14074     4.9567         43 0.0000e+00
      31472   1311.297   1212.000   1197.091     3.4668     3.4666  32.525935  32.527118     2.1527   59.93742  -41.14075     4.9566         48 0.0000e+00
      31528   1313.616   1214.000   1199.060     3.4679     3.4675  32.527853  32.528898     2.1516   59.93743  -41.14077     4.9565         56 0.0000e+00
      31573   1315.496   1216.000   1201.030     3.4678     3.4674  32.528676  32.529730     2.1504   59.93744  -41.14078     4.9565         37 0.0000e+00
      31611   1317.101   1218.000   1203.000     3.4680     3.4675  32.529776  32.530759     2.1496   59.93742  -41.14078     4.9566         45 0.0000e+00
      31670   1319.527   1220.000   1204.969     3.4688     3.4684  32.531529  32.532593     2.1490   59.93742  -41.14080     4.9566         59 0.0000e+00
      31712   1321.285   1222.000   1206.939     3.4693     3.4690  32.532868  32.534044     2.1488   59.93742  -41.14080     4.9565         34 0.0000e+00
      31748   1322.778   1224.000   1208.909     3.4703     3.4698  32.535183  32.536082     2.1482   59.93742  -41.14081     4.9565         43 0.0000e+00
      31808   1325.309   1226.000   1210.878     3.4706     3.4703  32.536291  32.537453     2.1472   59.93743  -41.14082     4.9566         65 0.0000e+00
      31858   1327.382   1228.000   1212.847     3.4705     3.4701  32.537167  32.538132     2.1465   59.93742  -41.14084     4.9565         43 0.0000e+00
      31903   1329.247   1230.000   1214.817     3.4704     3.4700  32.537753  32.538813     2.1461   59.93742  -41.14084     4.9566         46 0.0000e+00
      31949   1331.167   1232.000   1216.787     3.4704     3.4701  32.538669  32.539670     2.1455   59.93742  -41.14085     4.9566         48 0.0000e+00
      31999   1333.256   1234.000   1218.756     3.4707     3.4703  32.540037  32.541000     2.1448   59.93742  -41.14086     4.9566         50 0.0000e+00
      32044   1335.141   1236.000   1220.726     3.4709     3.4704  32.541144  32.542136     2.1441   59.93742  -41.14087     4.9565         41 0.0000e+00
      32084   1336.796   1238.000   1222.695     3.4715     3.4709  32.542789  32.543486     2.1433   59.93742  -41.14088     4.9566         42 0.0000e+00
      32135   1338.904   1240.000   1224.665     3.4722     3.4716  32.544352  32.545210     2.1429   59.93742  -41.14090     4.9565         57 0.0000e+00
      32188   1341.138   1242.000   1226.634     3.4732     3.4728  32.546392  32.547310     2.1421   59.93742  -41.14090     4.9565         49 0.0000e+00
      32236   1343.121   1244.000   1228.604     3.4748     3.4744  32.549179  32.550141     2.1413   59.93742  -41.14092     4.9565         45 0.0000e+00
      32277   1344.824   1246.000   1230.573     3.4753     3.4749  32.550626  32.551613     2.1401   59.93742  -41.14092     4.9565         38 0.0000e+00
      32318   1346.544   1248.000   1232.542     3.4767     3.4763  32.553382  32.554264     2.1388   59.93742  -41.14093     4.9565         49 0.0000e+00
      32384   1349.285   1250.000   1234.512     3.4776     3.4771  32.555179  32.556118     2.1371   59.93742  -41.14095     4.9566         70 0.0000e+00
      32434   1351.372   1252.000   1236.481     3.4781     3.4777  32.556667  32.557679     2.1364   59.93742  -41.14096     4.9566         37 0.0000e+00
