Example_Files/SBE_Processing_Files/Processed_SBE_cast_files/downcasts/dar69-01_010.cnv
* Sea-Bird SBE 9 Data File:
* FileName = D:\data\ar69-01_010.hex
* Software Version Seasave V 7.26.7.107
* Temperature SN = 4491
* Conductivity SN = 3009
* Number of Bytes Per Scan = 44
* Number of Voltage Words = 5
* Number of Scans Averaged by the Deck Unit = 1
* NMEA Latitude = 59 48.41 N
* NMEA Longitude = 040 16.60 W
* NMEA UTC (Time) = Jun 29 2022  14:57:01
** Cruise ID: AR69-01
** Chief Sci:
** Station #: 010
** Site ID: M3
# nquan = 14
# nvalues = 1295                        
# units = specified
# name 0 = scan: Scan Count
# name 1 = timeS: Time, Elapsed [seconds]
# name 2 = prDM: Pressure, Digiquartz [db]
# name 3 = depSM: Depth [salt water, m]
# name 4 = t090C: Temperature [ITS-90, deg C]
# name 5 = t190C: Temperature, 2 [ITS-90, deg C]
# name 6 = c0mS/cm: Conductivity [mS/cm]
# name 7 = c1mS/cm: Conductivity, 2 [mS/cm]
# name 8 = sbeox0V: Oxygen raw, SBE 43 [V]
# name 9 = latitude: Latitude [deg]
# name 10 = longitude: Longitude [deg]
# name 11 = v7: Voltage 7
# name 12 = nbin: number of scans per bin
# name 13 = flag: flag
# span 0 =       1056,      73756       
# span 1 =     43.964,   3073.139       
# span 2 =      4.000,   2592.000       
# span 3 =      3.962,   2551.858       
# span 4 =     1.4946,     6.9179       
# span 5 =     1.4946,     6.9160       
# span 6 =  31.323694,  35.014143       
# span 7 =  31.324611,  35.014686       
# span 8 =     1.8623,     2.8200       
# span 9 =   59.80674,   59.80680       
# span 10 =  -40.27674,  -40.27666      
# span 11 =     4.9560,     4.9573      
# span 12 =          6,        121      
# span 13 = 0.0000e+00, 0.0000e+00      
# interval = decibars: 2                
# start_time = Jun 29 2022 14:57:01 [NMEA time, first data scan]
# bad_flag = -9.990e-29
*END*
[from data line 1136]
      57632   2401.303   2276.000   2242.400     2.3741     2.3733  31.991743  31.992529     1.9019   59.80677  -40.27670     4.9563         69 0.0000e+00
      57683   2403.431   2278.000   2244.360     2.3579     2.3579  31.976719  31.978304     1.9031   59.80677  -40.27670     4.9563         41 0.0000e+00
      57721   2405.018   2280.000   2246.320     2.3512     2.3512  31.971224  31.972447     1.9044   59.80678  -40.27670     4.9560         37 0.0000e+00
      57759   2406.587   2282.000   2248.280     2.3506     2.3506  31.971602  31.972683     1.9052   59.80676  -40.27670     4.9560         40 0.0000e+00
      57803   2408.422   2284.000   2250.240     2.3507     2.3506  31.972445  31.973552     1.9056   59.80676  -40.27668     4.9560         51 0.0000e+00
      57863   2410.937   2286.000   2252.200     2.3502     2.3500  31.972880  31.973749     1.9056   59.80676  -40.27669     4.9560         62 0.0000e+00
      57916   2413.111   2288.000   2254.160     2.3488     2.3486  31.972447  31.973305     1.9050   59.80676  -40.27670     4.9560         44 0.0000e+00
      57955   2414.758   2290.000   2256.120     2.3473     2.3472  31.972522  31.973409     1.9042   59.80676  -40.27670     4.9560         37 0.0000e+00
      57993   2416.319   2292.000   2258.080     2.3483     2.3482  31.975203  31.976117     1.9035   59.80676  -40.27668     4.9560         39 0.0000e+00
      58036   2418.125   2294.000   2260.040     2.3492     2.3491  31.977459  31.978317     1.9028   59.80676  -40.27669     4.9560         48 0.0000e+00
      58096   2420.620   2296.000   2262.000     2.3475     2.3474  31.977197  31.978232     1.9014   59.80676  -40.27670     4.9560         77 0.0000e+00
      58161   2423.339   2298.000   2263.959     2.3466     2.3464  31.977476  31.978422     1.8999   59.80676  -40.27670     4.9560         40 0.0000e+00
      58193   2424.658   2300.000   2265.919     2.3467     2.3466  31.978443  31.979490     1.8994   59.80676  -40.27670     4.9560         31 0.0000e+00
      58227   2426.085   2302.000   2267.879     2.3454     2.3453  31.977868  31.979013     1.8989   59.80676  -40.27670     4.9560         41 0.0000e+00
      58287   2428.592   2304.000   2269.839     2.3424     2.3422  31.975654  31.976686     1.8985   59.80676  -40.27670     4.9561         67 0.0000e+00
      58335   2430.597   2306.000   2271.798     2.3385     2.3382  31.972603  31.973583     1.8983   59.80676  -40.27670     4.9563         38 0.0000e+00
      58377   2432.328   2308.000   2273.758     2.3333     2.3332  31.968297  31.969375     1.8984   59.80676  -40.27670     4.9563         47 0.0000e+00
      58426   2434.359   2310.000   2275.718     2.3312     2.3310  31.966958  31.968026     1.8994   59.80676  -40.27670     4.9562         45 0.0000e+00
      58466   2436.050   2312.000   2277.678     2.3138     2.3133  31.950473  31.951567     1.9004   59.80676  -40.27670     4.9564         42 0.0000e+00
      58526   2438.532   2314.000   2279.637     2.3057     2.3058  31.943490  31.944626     1.9010   59.80676  -40.27670     4.9560         67 0.0000e+00
      58573   2440.490   2316.000   2281.597     2.2962     2.2964  31.934664  31.936704     1.9021   59.80676  -40.27670     4.9560         34 0.0000e+00
      58607   2441.911   2318.000   2283.557     2.2868     2.2867  31.926858  31.928071     1.9028   59.80676  -40.27670     4.9561         37 0.0000e+00
      58658   2444.060   2320.000   2285.516     2.2852     2.2850  31.926340  31.927280     1.9029   59.80676  -40.27670     4.9563         70 0.0000e+00
      58722   2446.729   2322.000   2287.476     2.2852     2.2850  31.927298  31.928236     1.9029   59.80676  -40.27670     4.9561         46 0.0000e+00
      58760   2448.286   2324.000   2289.436     2.2846     2.2846  31.927737  31.928781     1.9031   59.80676  -40.27670     4.9560         35 0.0000e+00
      58797   2449.821   2326.000   2291.395     2.2794     2.2793  31.923980  31.925243     1.9028   59.80676  -40.27670     4.9560         40 0.0000e+00
      58846   2451.888   2328.000   2293.355     2.2734     2.2732  31.919347  31.920348     1.9027   59.80676  -40.27670     4.9560         58 0.0000e+00
      58899   2454.071   2330.000   2295.314     2.2677     2.2678  31.914699  31.916133     1.9030   59.80676  -40.27670     4.9560         45 0.0000e+00
      58944   2455.963   2332.000   2297.274     2.2618     2.2618  31.910100  31.911286     1.9032   59.80676  -40.27670     4.9560         49 0.0000e+00
      58994   2458.036   2334.000   2299.233     2.2543     2.2542  31.903851  31.905070     1.9028   59.80677  -40.27670     4.9560         46 0.0000e+00
      59035   2459.747   2336.000   2301.193     2.2524     2.2521  31.903804  31.904455     1.9023   59.80677  -40.27670     4.9560         39 0.0000e+00
      59079   2461.583   2338.000   2303.152     2.2536     2.2534  31.906393  31.907195     1.9013   59.80676  -40.27670     4.9560         53 0.0000e+00
      59145   2464.313   2340.000   2305.112     2.2492     2.2492  31.903476  31.904648     1.8996   59.80678  -40.27670     4.9560         66 0.0000e+00
      59192   2466.284   2342.000   2307.071     2.2476     2.2478  31.903418  31.904693     1.8988   59.80677  -40.27670     4.9561         35 0.0000e+00
      59225   2467.656   2344.000   2309.030     2.2429     2.2429  31.899885  31.901250     1.8984   59.80676  -40.27670     4.9563         34 0.0000e+00
      59266   2469.374   2346.000   2310.990     2.2376     2.2375  31.895681  31.896749     1.8979   59.80677  -40.27670     4.9563         51 0.0000e+00
      59322   2471.729   2348.000   2312.949     2.2334     2.2332  31.892916  31.893849     1.8971   59.80678  -40.27670     4.9560         55 0.0000e+00
      59375   2473.933   2350.000   2314.909     2.2299     2.2298  31.890835  31.891784     1.8958   59.80676  -40.27670     4.9560         54 0.0000e+00
      59424   2475.959   2352.000   2316.868     2.2271     2.2270  31.889369  31.890378     1.8942   59.80677  -40.27672     4.9560         40 0.0000e+00
      59458   2477.390   2354.000   2318.827     2.2260     2.2259  31.889877  31.890797     1.8930   59.80678  -40.27670     4.9560         32 0.0000e+00
      59494   2478.875   2356.000   2320.786     2.2260     2.2260  31.891216  31.892242     1.8919   59.80678  -40.27670     4.9560         43 0.0000e+00
      59563   2481.745   2358.000   2322.746     2.2244     2.2242  31.890592  31.891400     1.8895   59.80676  -40.27671     4.9560         86 0.0000e+00
      59628   2484.446   2360.000   2324.705     2.2191     2.2190  31.886467  31.887673     1.8890   59.80678  -40.27672     4.9560         42 0.0000e+00
      59660   2485.812   2362.000   2326.664     2.2142     2.2143  31.882919  31.884177     1.8890   59.80677  -40.27672     4.9560         29 0.0000e+00
      59689   2486.997   2364.000   2328.624     2.2125     2.2125  31.882000  31.883169     1.8890   59.80676  -40.27670     4.9560         29 0.0000e+00
      59725   2488.493   2366.000   2330.583     2.2107     2.2106  31.881260  31.882208     1.8889   59.80677  -40.27670     4.9560         49 0.0000e+00
      59805   2491.827   2368.000   2332.542     2.2079     2.2080  31.879471  31.880814     1.8881   59.80676  -40.27670     4.9560         88 0.0000e+00
      59864   2494.285   2370.000   2334.501     2.1895     2.1896  31.862694  31.864315     1.8886   59.80676  -40.27672     4.9560         41 0.0000e+00
      59897   2495.668   2372.000   2336.460     2.1799     2.1804  31.854202  31.856277     1.8897   59.80677  -40.27672     4.9560         30 0.0000e+00
      59926   2496.856   2374.000   2338.419     2.1708     2.1709  31.846225  31.847964     1.8909   59.80678  -40.27670     4.9560         28 0.0000e+00
      59956   2498.109   2376.000   2340.378     2.1575     2.1576  31.834865  31.836428     1.8923   59.80678  -40.27668     4.9560         33 0.0000e+00
      60023   2500.918   2378.000   2342.338     2.1551     2.1551  31.833683  31.835011     1.8925   59.80676  -40.27670     4.9560         46 0.0000e+00
      60121   2504.980   2380.000   2344.297     2.1502     2.1487  31.829550  31.830869     1.8911   59.80676  -40.27672     4.9560         19 0.0000e+00
      60139   2505.736   2382.000   2346.255     2.1381     2.1382  31.820520  31.821975     1.8914   59.80676  -40.27671     4.9560         18 0.0000e+00
      60157   2506.518   2384.000   2348.214     2.1287     2.1288  31.812201  31.814396     1.8918   59.80676  -40.27669     4.9560         20 0.0000e+00
      60180   2507.468   2386.000   2350.174     2.1117     2.1116  31.798014  31.799770     1.8925   59.80676  -40.27668     4.9560         28 0.0000e+00
      60274   2511.358   2388.000   2352.133     2.1219     2.1227  31.808265  31.810536     1.8912   59.80676  -40.27671     4.9560         38 0.0000e+00
      60341   2514.149   2390.000   2354.092     2.1092     2.1079  31.796990  31.799105     1.8901   59.80676  -40.27672     4.9560         22 0.0000e+00
      60362   2515.036   2392.000   2356.051     2.0984     2.0985  31.789731  31.790759     1.8900   59.80676  -40.27670     4.9560         22 0.0000e+00
      60384   2515.973   2394.000   2358.010     2.0975     2.0976  31.789625  31.790803     1.8901   59.80676  -40.27668     4.9560         24 0.0000e+00
      60416   2517.304   2396.000   2359.969     2.0947     2.0947  31.788001  31.789086     1.8897   59.80676  -40.27668     4.9560         43 0.0000e+00
      60542   2522.531   2398.000   2361.928     2.0998     2.1009  31.793041  31.795634     1.8867   59.80676  -40.27674     4.9560         29 0.0000e+00
      60563   2523.426   2400.000   2363.887     2.0802     2.0800  31.777068  31.778572     1.8867   59.80676  -40.27671     4.9560         24 0.0000e+00
      60589   2524.482   2402.000   2365.846     2.0730     2.0731  31.771837  31.773026     1.8862   59.80676  -40.27669     4.9560         27 0.0000e+00
      60621   2525.831   2404.000   2367.804     2.0675     2.0675  31.767618  31.768749     1.8856   59.80676  -40.27668     4.9560         41 0.0000e+00
      60681   2528.354   2406.000   2369.763     2.0608     2.0607  31.762360  31.763412     1.8845   59.80676  -40.27669     4.9560         73 0.0000e+00
      60754   2531.360   2408.000   2371.722     2.0507     2.0506  31.754222  31.755312     1.8836   59.80678  -40.27671     4.9560         71 0.0000e+00
      60806   2533.546   2410.000   2373.681     2.0398     2.0398  31.745091  31.746564     1.8840   59.80678  -40.27670     4.9560         32 0.0000e+00
      60833   2534.650   2412.000   2375.639     2.0280     2.0280  31.734976  31.736648     1.8847   59.80678  -40.27669     4.9560         26 0.0000e+00
      60859   2535.769   2414.000   2377.598     2.0201     2.0197  31.728756  31.729719     1.8854   59.80677  -40.27668     4.9560         30 0.0000e+00
      60962   2540.023   2416.000   2379.557     2.0237     2.0247  31.732831  31.735002     1.8853   59.80677  -40.27669     4.9560         52 0.0000e+00
      61046   2543.541   2418.000   2381.516     2.0155     2.0154  31.726329  31.727722     1.8852   59.80678  -40.27669     4.9560         40 0.0000e+00
      61111   2546.263   2420.000   2383.474     2.0108     2.0106  31.722992  31.724204     1.8851   59.80678  -40.27668     4.9560         49 0.0000e+00
      61231   2551.270   2422.000   2385.433     2.0060     2.0058  31.719808  31.721241     1.8838   59.80678  -40.27670     4.9560         32 0.0000e+00
      61328   2555.292   2424.000   2387.392     2.0031     2.0044  31.718573  31.720936     1.8820   59.80678  -40.27669     4.9560         73 0.0000e+00
      61424   2559.287   2426.000   2389.351     1.9900     1.9908  31.708805  31.710743     1.8794   59.80678  -40.27670     4.9560         58 0.0000e+00
      61523   2563.398   2428.000   2391.309     1.9868     1.9873  31.706854  31.708391     1.8770   59.80679  -40.27669     4.9560         89 0.0000e+00
      61629   2567.843   2430.000   2393.268     1.9821     1.9822  31.703696  31.704922     1.8750   59.80680  -40.27670     4.9560         62 0.0000e+00
      61707   2571.082   2432.000   2395.227     1.9720     1.9718  31.695339  31.696362     1.8745   59.80679  -40.27669     4.9560         74 0.0000e+00
      61814   2575.525   2434.000   2397.185     1.9653     1.9651  31.690052  31.691129     1.8734   59.80678  -40.27670     4.9560         70 0.0000e+00
      61896   2578.954   2436.000   2399.144     1.9549     1.9547  31.681546  31.682502     1.8731   59.80679  -40.27669     4.9560         80 0.0000e+00
      61994   2583.033   2438.000   2401.102     1.9472     1.9469  31.675433  31.676307     1.8732   59.80678  -40.27669     4.9560        110 0.0000e+00
      62108   2587.772   2440.000   2403.061     1.9339     1.9343  31.664226  31.665663     1.8739   59.80679  -40.27670     4.9560         56 0.0000e+00
      62166   2590.208   2442.000   2405.019     1.9236     1.9235  31.655532  31.656755     1.8752   59.80679  -40.27668     4.9560         63 0.0000e+00
      62324   2596.793   2444.000   2406.978     1.9123     1.9132  31.645342  31.648144     1.8766   59.80679  -40.27670     4.9560         56 0.0000e+00
      62356   2598.126   2446.000   2408.936     1.8858     1.8858  31.622511  31.623998     1.8786   59.80680  -40.27670     4.9560         36 0.0000e+00
      62446   2601.877   2448.000   2410.895     1.8838     1.8841  31.621996  31.623754     1.8795   59.80678  -40.27669     4.9560         50 0.0000e+00
      62553   2606.340   2450.000   2412.853     1.8700     1.8694  31.610680  31.611923     1.8788   59.80678  -40.27669     4.9560         53 0.0000e+00
      62660   2610.807   2452.000   2414.812     1.8575     1.8600  31.600904  31.604290     1.8773   59.80678  -40.27669     4.9560         81 0.0000e+00
      62747   2614.433   2454.000   2416.770     1.8470     1.8470  31.592652  31.593785     1.8769   59.80678  -40.27670     4.9560         79 0.0000e+00
      62854   2618.864   2456.000   2418.729     1.8409     1.8407  31.588195  31.589042     1.8765   59.80678  -40.27669     4.9560        120 0.0000e+00
      62945   2622.683   2458.000   2420.687     1.8295     1.8293  31.578625  31.579833     1.8763   59.80678  -40.27670     4.9560         61 0.0000e+00
      63025   2625.984   2460.000   2422.645     1.8103     1.8101  31.562103  31.563687     1.8769   59.80678  -40.27668     4.9560         58 0.0000e+00
      63141   2630.827   2462.000   2424.604     1.7966     1.7967  31.550339  31.552876     1.8770   59.80678  -40.27670     4.9560         36 0.0000e+00
      63190   2632.891   2464.000   2426.562     1.7722     1.7725  31.530046  31.531780     1.8789   59.80677  -40.27668     4.9560         63 0.0000e+00
      63350   2639.521   2466.000   2428.520     1.7765     1.7760  31.533976  31.536554     1.8789   59.80676  -40.27670     4.9560         35 0.0000e+00
      63388   2641.107   2468.000   2430.479     1.7557     1.7568  31.517246  31.519586     1.8799   59.80676  -40.27668     4.9560         47 0.0000e+00
      63528   2646.972   2470.000   2432.437     1.7592     1.7621  31.521313  31.525200     1.8799   59.80676  -40.27670     4.9560         61 0.0000e+00
      63599   2649.921   2472.000   2434.395     1.7438     1.7428  31.508349  31.509082     1.8805   59.80676  -40.27670     4.9560         46 0.0000e+00
      63689   2653.658   2474.000   2436.353     1.7381     1.7381  31.504275  31.505497     1.8811   59.80676  -40.27670     4.9560         79 0.0000e+00
      63819   2659.094   2476.000   2438.312     1.7304     1.7303  31.498559  31.499531     1.8799   59.80676  -40.27672     4.9560         72 0.0000e+00
      63884   2661.775   2478.000   2440.270     1.7264     1.7265  31.495885  31.497037     1.8795   59.80676  -40.27671     4.9560         50 0.0000e+00
