Example_Files/SBE_Processing_Files/Processed_SBE_cast_files/downcasts/dar69-01_016.cnv
* Sea-Bird SBE 9 Data File:
* FileName = D:\data\ar69-01_016.hex
* Software Version Seasave V 7.26.7.107
* Temperature SN = 4491
* Conductivity SN = 3009
* Number of Bytes Per Scan = 44
* Number of Voltage Words = 5
* Number of Scans Averaged by the Deck Unit = 1
* NMEA Latitude = 59 38.89 N
* NMEA Longitude = 038 34.97 W
* NMEA UTC (Time) = Jul 04 2022  07:20:38
** Cruise ID: AR69-01
** Chief Sci:
** Station #: 016
** Site ID: M4 OSNAP acoustic releases
# nquan = 14
# nvalues = 1509                        
# units = specified
# name 0 = scan: Scan Count
# name 1 = timeS: Time, Elapsed [seconds]
# name 2 = prDM: Pressure, Digiquartz [db]
# name 3 = depSM: Depth [salt water, m]
# name 4 = t090C: Temperature [ITS-90, deg C]
# name 5 = t190C: Temperature, 2 [ITS-90, deg C]
# name 6 = c0mS/cm: Conductivity [mS/cm]
# name 7 = c1mS/cm: Conductivity, 2 [mS/cm]
# name 8 = sbeox0V: Oxygen raw, SBE 43 [V]
# name 9 = latitude: Latitude [deg]
# name 10 = longitude: Longitude [deg]
# name 11 = v7: Voltage 7
# name 12 = nbin: number of scans per bin
# name 13 = flag: flag
# span 0 =        380,      85795       
# span 1 =     15.785,   3574.740       
# span 2 =      4.000,   3020.000       
# span 3 =      3.962,   2970.327       
# span 4 =     1.4102,     7.4276       
# span 5 =     1.4086,     7.4270       
# span 6 =  31.429603,  35.483796       
# span 7 =  31.426934,  35.485366       
# span 8 =     1.7793,     2.8223       
# span 9 =   59.64806,   59.64809       
# span 10 =  -38.58288,  -38.58284      
# span 11 =     4.9560,     4.9575      
# span 12 =          1,        118      
# span 13 = 0.0000e+00, 0.0000e+00      
# interval = decibars: 2                
# start_time = Jul 04 2022 07:20:38 [NMEA time, first data scan]
# bad_flag = -9.990e-29
*END*
[from data line 620]
      31440   1309.959   1244.000   1228.632     3.3953     3.3944  32.457331  32.458782     2.1776   59.64808  -38.58286     4.9566         55 0.0000e+00
      31490   1312.037   1246.000   1230.601     3.3947     3.3942  32.457575  32.459671     2.1771   59.64808  -38.58286     4.9566         46 0.0000e+00
      31533   1313.838   1248.000   1232.571     3.3946     3.3936  32.458468  32.459832     2.1762   59.64808  -38.58286     4.9566         42 0.0000e+00
      31576   1315.642   1250.000   1234.541     3.3963     3.3949  32.461041  32.461945     2.1757   59.64808  -38.58286     4.9567         45 0.0000e+00
      31624   1317.622   1252.000   1236.510     3.3979     3.3963  32.463581  32.464016     2.1749   59.64808  -38.58286     4.9567         49 0.0000e+00
      31672   1319.608   1254.000   1238.479     3.4002     3.3987  32.466922  32.467361     2.1744   59.64808  -38.58286     4.9566         46 0.0000e+00
      31715   1321.431   1256.000   1240.448     3.4023     3.4008  32.470011  32.470471     2.1742   59.64808  -38.58286     4.9566         43 0.0000e+00
      31768   1323.609   1258.000   1242.418     3.3987     3.3987  32.467113  32.469690     2.1735   59.64808  -38.58286     4.9566         63 0.0000e+00
      31826   1326.038   1260.000   1244.387     3.3980     3.3969  32.467482  32.468685     2.1726   59.64808  -38.58286     4.9566         47 0.0000e+00
      31868   1327.809   1262.000   1246.356     3.3982     3.3974  32.468515  32.470286     2.1726   59.64808  -38.58286     4.9565         41 0.0000e+00
      31909   1329.501   1264.000   1248.326     3.3980     3.3972  32.469224  32.470895     2.1721   59.64808  -38.58286     4.9567         42 0.0000e+00
      31955   1331.436   1266.000   1250.295     3.3982     3.3972  32.470296  32.471879     2.1714   59.64808  -38.58286     4.9566         53 0.0000e+00
      32012   1333.780   1268.000   1252.264     3.3972     3.3965  32.470178  32.471993     2.1702   59.64808  -38.58286     4.9565         53 0.0000e+00
      32057   1335.652   1270.000   1254.234     3.3980     3.3968  32.471834  32.473100     2.1700   59.64808  -38.58286     4.9565         40 0.0000e+00
      32098   1337.380   1272.000   1256.203     3.3986     3.3975  32.473282  32.474701     2.1697   59.64808  -38.58286     4.9565         45 0.0000e+00
      32148   1339.439   1274.000   1258.172     3.3997     3.3984  32.475318  32.476380     2.1691   59.64808  -38.58286     4.9567         53 0.0000e+00
      32199   1341.604   1276.000   1260.141     3.4001     3.3990  32.476520  32.477907     2.1681   59.64808  -38.58286     4.9567         50 0.0000e+00
      32248   1343.611   1278.000   1262.110     3.4011     3.3998  32.478525  32.479530     2.1676   59.64808  -38.58286     4.9566         45 0.0000e+00
      32290   1345.373   1280.000   1264.079     3.4029     3.4015  32.481352  32.482159     2.1671   59.64808  -38.58286     4.9566         42 0.0000e+00
      32337   1347.351   1282.000   1266.048     3.4028     3.4019  32.482107  32.483495     2.1665   59.64808  -38.58286     4.9566         55 0.0000e+00
      32393   1349.652   1284.000   1268.018     3.4024     3.4019  32.482519  32.484467     2.1662   59.64808  -38.58286     4.9566         49 0.0000e+00
      32437   1351.520   1286.000   1269.987     3.4004     3.3999  32.481410  32.483524     2.1655   59.64808  -38.58286     4.9565         44 0.0000e+00
      32481   1353.354   1288.000   1271.956     3.4006     3.3998  32.482476  32.484277     2.1649   59.64808  -38.58286     4.9564         45 0.0000e+00
      32528   1355.301   1290.000   1273.925     3.3995     3.3990  32.482239  32.484362     2.1646   59.64808  -38.58286     4.9566         49 0.0000e+00
      32581   1357.485   1292.000   1275.894     3.3992     3.3984  32.482749  32.484601     2.1640   59.64808  -38.58286     4.9565         52 0.0000e+00
      32626   1359.373   1294.000   1277.863     3.4000     3.3990  32.484558  32.486115     2.1637   59.64808  -38.58286     4.9565         40 0.0000e+00
      32666   1361.054   1296.000   1279.832     3.3997     3.3989  32.485184  32.487011     2.1631   59.64808  -38.58286     4.9566         43 0.0000e+00
      32714   1363.060   1298.000   1281.801     3.4003     3.3994  32.486686  32.488393     2.1627   59.64808  -38.58286     4.9565         53 0.0000e+00
      32769   1365.337   1300.000   1283.770     3.3995     3.3987  32.486874  32.488644     2.1618   59.64808  -38.58286     4.9567         54 0.0000e+00
      32818   1367.390   1302.000   1285.739     3.3992     3.3985  32.487378  32.489365     2.1613   59.64808  -38.58286     4.9566         45 0.0000e+00
      32865   1369.329   1304.000   1287.707     3.3989     3.3980  32.487870  32.489745     2.1607   59.64808  -38.58286     4.9565         49 0.0000e+00
      32912   1371.286   1306.000   1289.676     3.3998     3.3985  32.489835  32.490925     2.1601   59.64808  -38.58286     4.9565         43 0.0000e+00
      32954   1373.026   1308.000   1291.645     3.4024     3.4006  32.493449  32.493832     2.1594   59.64808  -38.58286     4.9566         43 0.0000e+00
      33001   1375.017   1310.000   1293.614     3.4041     3.4028  32.496010  32.496965     2.1584   59.64808  -38.58286     4.9565         55 0.0000e+00
      33057   1377.348   1312.000   1295.583     3.4041     3.4032  32.496812  32.498287     2.1575   59.64808  -38.58286     4.9566         49 0.0000e+00
      33098   1379.060   1314.000   1297.552     3.4055     3.4036  32.499306  32.499584     2.1570   59.64808  -38.58286     4.9566         38 0.0000e+00
      33140   1380.774   1316.000   1299.520     3.4080     3.4065  32.502697  32.503372     2.1560   59.64808  -38.58286     4.9566         47 0.0000e+00
      33193   1383.003   1318.000   1301.489     3.4082     3.4069  32.504014  32.504650     2.1549   59.64808  -38.58286     4.9567         55 0.0000e+00
      33243   1385.082   1320.000   1303.458     3.4098     3.4087  32.506530  32.507649     2.1545   59.64808  -38.58286     4.9567         47 0.0000e+00
      33290   1387.044   1322.000   1305.427     3.4092     3.4086  32.506730  32.508438     2.1546   59.64808  -38.58286     4.9566         47 0.0000e+00
      33335   1388.923   1324.000   1307.396     3.4073     3.4070  32.505713  32.507923     2.1544   59.64808  -38.58286     4.9565         44 0.0000e+00
      33382   1390.890   1326.000   1309.364     3.4063     3.4057  32.505522  32.507486     2.1539   59.64808  -38.58286     4.9566         49 0.0000e+00
      33430   1392.876   1328.000   1311.333     3.4055     3.4049  32.505786  32.507694     2.1532   59.64808  -38.58286     4.9567         48 0.0000e+00
      33481   1395.010   1330.000   1313.301     3.4060     3.4050  32.507212  32.508767     2.1520   59.64808  -38.58286     4.9565         52 0.0000e+00
      33528   1396.951   1332.000   1315.270     3.4061     3.4052  32.508123  32.509836     2.1509   59.64808  -38.58286     4.9566         41 0.0000e+00
      33568   1398.616   1334.000   1317.239     3.4071     3.4059  32.510010  32.511367     2.1510   59.64808  -38.58286     4.9566         42 0.0000e+00
      33615   1400.582   1336.000   1319.208     3.4078     3.4068  32.511647  32.513033     2.1505   59.64808  -38.58286     4.9566         52 0.0000e+00
      33666   1402.701   1338.000   1321.176     3.4080     3.4071  32.512667  32.514175     2.1500   59.64808  -38.58286     4.9564         49 0.0000e+00
      33715   1404.752   1340.000   1323.145     3.4074     3.4065  32.513070  32.514643     2.1489   59.64808  -38.58286     4.9565         49 0.0000e+00
      33762   1406.701   1342.000   1325.113     3.4092     3.4077  32.515881  32.516830     2.1483   59.64808  -38.58286     4.9566         44 0.0000e+00
      33807   1408.592   1344.000   1327.082     3.4093     3.4084  32.516985  32.518448     2.1476   59.64808  -38.58286     4.9566         51 0.0000e+00
      33863   1410.898   1346.000   1329.050     3.4097     3.4086  32.518349  32.519516     2.1466   59.64808  -38.58286     4.9565         52 0.0000e+00
      33907   1412.740   1348.000   1331.019     3.4109     3.4096  32.520406  32.521473     2.1459   59.64808  -38.58286     4.9566         40 0.0000e+00
      33948   1414.450   1350.000   1332.987     3.4115     3.4103  32.521956  32.523078     2.1451   59.64808  -38.58286     4.9566         44 0.0000e+00
      33994   1416.375   1352.000   1334.956     3.4144     3.4125  32.526079  32.526164     2.1440   59.64808  -38.58286     4.9566         48 0.0000e+00
      34043   1418.427   1354.000   1336.924     3.4159     3.4147  32.528404  32.529292     2.1432   59.64808  -38.58286     4.9567         49 0.0000e+00
      34092   1420.458   1356.000   1338.893     3.4169     3.4156  32.530240  32.531035     2.1424   59.64808  -38.58286     4.9565         48 0.0000e+00
      34139   1422.413   1358.000   1340.861     3.4179     3.4164  32.532157  32.532804     2.1415   59.64808  -38.58286     4.9566         48 0.0000e+00
      34189   1424.490   1360.000   1342.829     3.4197     3.4182  32.534906  32.535495     2.1411   59.64808  -38.58286     4.9565         50 0.0000e+00
      34237   1426.485   1362.000   1344.798     3.4191     3.4184  32.535038  32.536738     2.1411   59.64808  -38.58286     4.9566         45 0.0000e+00
      34281   1428.330   1364.000   1346.766     3.4185     3.4177  32.535532  32.536871     2.1404   59.64808  -38.58286     4.9564         44 0.0000e+00
      34326   1430.224   1366.000   1348.734     3.4189     3.4180  32.536802  32.538197     2.1398   59.64808  -38.58286     4.9566         49 0.0000e+00
      34379   1432.419   1368.000   1350.703     3.4192     3.4182  32.537893  32.539217     2.1394   59.64808  -38.58286     4.9566         55 0.0000e+00
      34430   1434.537   1370.000   1352.671     3.4194     3.4185  32.538861  32.540391     2.1388   59.64808  -38.58286     4.9566         44 0.0000e+00
      34469   1436.184   1372.000   1354.640     3.4196     3.4187  32.540061  32.541428     2.1380   59.64808  -38.58286     4.9564         39 0.0000e+00
      34513   1437.981   1374.000   1356.608     3.4213     3.4199  32.542634  32.543443     2.1375   59.64808  -38.58286     4.9564         48 0.0000e+00
      34564   1440.120   1376.000   1358.576     3.4227     3.4214  32.545001  32.545878     2.1365   59.64808  -38.58286     4.9565         53 0.0000e+00
      34618   1442.377   1378.000   1360.544     3.4249     3.4232  32.548321  32.548489     2.1354   59.64808  -38.58286     4.9566         53 0.0000e+00
      34663   1444.261   1380.000   1362.512     3.4265     3.4252  32.550865  32.551703     2.1344   59.64808  -38.58286     4.9565         38 0.0000e+00
      34699   1445.769   1382.000   1364.481     3.4269     3.4256  32.552266  32.552989     2.1336   59.64808  -38.58286     4.9565         38 0.0000e+00
      34751   1447.913   1384.000   1366.449     3.4291     3.4278  32.555335  32.556149     2.1323   59.64808  -38.58286     4.9564         68 0.0000e+00
      34815   1450.592   1386.000   1368.417     3.4289     3.4279  32.556081  32.557229     2.1305   59.64808  -38.58286     4.9565         50 0.0000e+00
      34858   1452.374   1388.000   1370.385     3.4292     3.4282  32.557250  32.558492     2.1304   59.64808  -38.58286     4.9566         39 0.0000e+00
      34895   1453.904   1390.000   1372.353     3.4297     3.4286  32.558725  32.559879     2.1305   59.64808  -38.58286     4.9564         36 0.0000e+00
      34933   1455.511   1392.000   1374.321     3.4298     3.4289  32.559773  32.561105     2.1303   59.64808  -38.58286     4.9566         45 0.0000e+00
      34992   1457.956   1394.000   1376.289     3.4299     3.4290  32.560618  32.561972     2.1296   59.64808  -38.58286     4.9565         66 0.0000e+00
      35047   1460.238   1396.000   1378.257     3.4304     3.4293  32.562103  32.563324     2.1285   59.64808  -38.58284     4.9564         44 0.0000e+00
      35087   1461.910   1398.000   1380.225     3.4302     3.4293  32.563014  32.564277     2.1279   59.64808  -38.58286     4.9565         38 0.0000e+00
      35126   1463.558   1400.000   1382.193     3.4306     3.4297  32.564368  32.565746     2.1271   59.64808  -38.58286     4.9566         43 0.0000e+00
      35182   1465.873   1402.000   1384.161     3.4309     3.4299  32.565722  32.567053     2.1260   59.64808  -38.58286     4.9565         67 0.0000e+00
      35238   1468.206   1404.000   1386.129     3.4311     3.4301  32.566727  32.568137     2.1248   59.64808  -38.58284     4.9565         42 0.0000e+00
      35278   1469.864   1406.000   1388.098     3.4317     3.4305  32.568294  32.569447     2.1243   59.64808  -38.58286     4.9566         41 0.0000e+00
      35321   1471.650   1408.000   1390.065     3.4340     3.4324  32.571680  32.572140     2.1240   59.64808  -38.58286     4.9565         46 0.0000e+00
      35371   1473.746   1410.000   1392.033     3.4340     3.4332  32.572440  32.573958     2.1235   59.64808  -38.58286     4.9565         53 0.0000e+00
      35420   1475.774   1412.000   1394.001     3.4333     3.4326  32.572668  32.574315     2.1225   59.64808  -38.58286     4.9565         43 0.0000e+00
      35463   1477.571   1414.000   1395.969     3.4354     3.4339  32.575867  32.576356     2.1220   59.64808  -38.58286     4.9567         45 0.0000e+00
      35512   1479.626   1416.000   1397.937     3.4353     3.4351  32.576420  32.578718     2.1215   59.64808  -38.58286     4.9565         53 0.0000e+00
      35563   1481.732   1418.000   1399.905     3.4348     3.4338  32.576983  32.578235     2.1206   59.64808  -38.58286     4.9565         46 0.0000e+00
      35606   1483.558   1420.000   1401.873     3.4353     3.4344  32.578239  32.579845     2.1202   59.64808  -38.58286     4.9568         45 0.0000e+00
      35653   1485.517   1422.000   1403.841     3.4366     3.4354  32.580443  32.581636     2.1197   59.64808  -38.58286     4.9566         48 0.0000e+00
      35700   1487.472   1424.000   1405.808     3.4349     3.4342  32.579840  32.581457     2.1185   59.64808  -38.58286     4.9565         47 0.0000e+00
      35753   1489.659   1426.000   1407.776     3.4359     3.4347  32.581729  32.582968     2.1176   59.64808  -38.58286     4.9565         56 0.0000e+00
      35802   1491.709   1428.000   1409.744     3.4366     3.4355  32.583428  32.584636     2.1171   59.64808  -38.58286     4.9566         43 0.0000e+00
      35846   1493.524   1430.000   1411.712     3.4374     3.4362  32.585274  32.586310     2.1161   59.64808  -38.58286     4.9566         46 0.0000e+00
      35894   1495.529   1432.000   1413.679     3.4384     3.4372  32.587139  32.588269     2.1151   59.64808  -38.58286     4.9565         47 0.0000e+00
      35939   1497.417   1434.000   1415.647     3.4391     3.4379  32.588896  32.589935     2.1148   59.64808  -38.58286     4.9566         45 0.0000e+00
      35983   1499.265   1436.000   1417.615     3.4399     3.4388  32.590629  32.591691     2.1147   59.64808  -38.58286     4.9567         44 0.0000e+00
      36027   1501.081   1438.000   1419.582     3.4391     3.4385  32.590816  32.592552     2.1140   59.64808  -38.58286     4.9566         44 0.0000e+00
      36084   1503.440   1440.000   1421.550     3.4404     3.4391  32.593135  32.593959     2.1123   59.64808  -38.58285     4.9566         71 0.0000e+00
      36145   1505.989   1442.000   1423.518     3.4435     3.4418  32.597304  32.597502     2.1104   59.64808  -38.58284     4.9565         43 0.0000e+00
      36182   1507.537   1444.000   1425.485     3.4449     3.4435  32.599669  32.600203     2.1100   59.64808  -38.58284     4.9565         36 0.0000e+00
      36218   1509.042   1446.000   1427.453     3.4440     3.4437  32.599690  32.601634     2.1096   59.64808  -38.58286     4.9565         38 0.0000e+00
