Example_Files/SBE_Processing_Files/Processed_SBE_cast_files/downcasts/dar69-01_013.cnv
* Sea-Bird SBE 9 Data File:
* FileName = D:\data\ar69-01_013.hex
* Software Version Seasave V 7.26.7.107
* Temperature SN = 4491
* Conductivity SN = 3009
* Number of Bytes Per Scan = 44
* Number of Voltage Words = 5
* Number of Scans Averaged by the Deck Unit = 1
* NMEA Latitude = 59 58.35 N
* NMEA Longitude = 039 30.42 W
* NMEA UTC (Time) = Jul 01 2022  16:41:48
** Cruise ID: AR69-01
** Chief Sci:
** Station #: 013
** Site ID: Irminger HYPM
# nquan = 14
# nvalues = 1320                        
# units = specified
# name 0 = scan: Scan Count
# name 1 = timeS: Time, Elapsed [seconds]
# name 2 = prDM: Pressure, Digiquartz [db]
# name 3 = depSM: Depth [salt water, m]
# name 4 = t090C: Temperature [ITS-90, deg C]
# name 5 = t190C: Temperature, 2 [ITS-90, deg C]
# name 6 = c0mS/cm: Conductivity [mS/cm]
# name 7 = c1mS/cm: Conductivity, 2 [mS/cm]
# name 8 = sbeox0V: Oxygen raw, SBE 43 [V]
# name 9 = latitude: Latitude [deg]
# name 10 = longitude: Longitude [deg]
# name 11 = v7: Voltage 7
# name 12 = nbin: number of scans per bin
# name 13 = flag: flag
# span 0 =       2520,      71633       
# span 1 =    104.965,   2984.679       
# span 2 =      4.000,   2642.000       
# span 3 =      3.963,   2600.748       
# span 4 =     1.6157,     7.0705       
# span 5 =     1.6157,     7.0705       
# span 6 =  31.461283,  35.143696       
# span 7 =  31.461942,  35.146484       
# span 8 =     1.8560,     2.8388       
# span 9 =   59.97192,   59.97244       
# span 10 =  -39.50690,  -39.50608      
# span 11 =     4.9560,     4.9573      
# span 12 =          1,        116      
# span 13 = 0.0000e+00, 0.0000e+00      
# interval = decibars: 2                
# start_time = Jul 01 2022 16:41:48 [NMEA time, first data scan]
# bad_flag = -9.990e-29
*END*
       2520    104.965      4.000      3.963     7.0622     7.0628  35.132991  35.135456     2.8275   59.97244  -39.50690     4.9573          1 0.0000e+00
       2598    108.221      6.000      5.943     7.0682     7.0668  35.139098  35.140025     2.8321   59.97244  -39.50690     4.9573         91 0.0000e+00
       2701    112.508      8.000      7.925     7.0663     7.0661  35.136738  35.138471     2.8388   59.97243  -39.50690     4.9573         76 0.0000e+00
       2756    114.794     10.000      9.905     7.0683     7.0680  35.139489  35.140942     2.8326   59.97244  -39.50688     4.9573         72 0.0000e+00
       2859    119.098     12.000     11.886     7.0705     7.0705  35.143696  35.146484     2.8291   59.97242  -39.50689     4.9573         58 0.0000e+00
       2906    121.053     14.000     13.868     7.0580     7.0597  35.133974  35.137804     2.8294   59.97242  -39.50688     4.9573         52 0.0000e+00
       3006    125.204     16.000     15.848     7.0491     7.0546  35.127455  35.133970     2.8208   59.97242  -39.50687     4.9573         70 0.0000e+00
       3074    128.041     18.000     17.830     6.9805     7.0216  35.066353  35.108959     2.8186   59.97242  -39.50686     4.9573         65 0.0000e+00
       3147    131.083     20.000     19.811     6.7953     6.8004  34.912497  34.922718     2.8221   59.97242  -39.50686     4.9573         88 0.0000e+00
       3243    135.077     22.000     21.791     6.7166     6.7152  34.849363  34.850626     2.8165   59.97240  -39.50686     4.9573         74 0.0000e+00
       3300    137.460     24.000     23.772     6.6595     6.6590  34.796258  34.801117     2.8123   59.97240  -39.50685     4.9573         71 0.0000e+00
       3397    141.484     26.000     25.753     6.5537     6.5510  34.701901  34.702882     2.8058   59.97240  -39.50684     4.9573         87 0.0000e+00
       3463    144.237     28.000     27.734     6.5291     6.5283  34.681365  34.683567     2.7982   59.97240  -39.50684     4.9573         74 0.0000e+00
       3539    147.407     30.000     29.715     6.5185     6.5174  34.673614  34.675194     2.7868   59.97240  -39.50684     4.9573         75 0.0000e+00
       3624    150.957     32.000     31.696     6.4881     6.4875  34.647433  34.650531     2.7654   59.97239  -39.50684     4.9573         86 0.0000e+00
       3703    154.239     34.000     33.677     6.3724     6.3725  34.545847  34.551406     2.7359   59.97238  -39.50683     4.9573         77 0.0000e+00
       3773    157.179     36.000     35.658     6.0780     6.0761  34.283098  34.292557     2.7122   59.97238  -39.50684     4.9573         71 0.0000e+00
       3863    160.933     38.000     37.638     5.7685     5.7692  34.010515  34.018808     2.6701   59.97238  -39.50682     4.9573         95 0.0000e+00
       3937    163.984     40.000     39.619     5.1921     5.1923  33.493099  33.514750     2.6558   59.97236  -39.50683     4.9573         60 0.0000e+00
       4012    167.107     42.000     41.600     4.9118     4.9110  33.256724  33.261440     2.6532   59.97238  -39.50682     4.9573         91 0.0000e+00
       4094    170.526     44.000     43.581     4.8480     4.8474  33.206025  33.208767     2.6487   59.97237  -39.50682     4.9573         69 0.0000e+00
       4168    173.641     46.000     45.561     4.8237     4.8234  33.188907  33.192270     2.6443   59.97237  -39.50680     4.9573         86 0.0000e+00
       4246    176.891     48.000     47.542     4.7656     4.7650  33.137801  33.140587     2.6398   59.97236  -39.50680     4.9573         67 0.0000e+00
       4320    179.942     50.000     49.523     4.7273     4.7268  33.105581  33.108994     2.6374   59.97236  -39.50679     4.9573         85 0.0000e+00
       4407    183.581     52.000     51.503     4.6661     4.6658  33.050566  33.053814     2.6350   59.97236  -39.50678     4.9573         71 0.0000e+00
       4463    185.919     54.000     53.484     4.6316     4.6309  33.022001  33.024868     2.6338   59.97236  -39.50679     4.9573         62 0.0000e+00
       4562    190.046     56.000     55.465     4.6128     4.6123  33.011823  33.013712     2.6275   59.97236  -39.50677     4.9573         80 0.0000e+00
       4626    192.703     58.000     57.445     4.5951     4.5943  32.998501  33.001056     2.6234   59.97236  -39.50678     4.9573         54 0.0000e+00
       4708    196.105     60.000     59.426     4.5485     4.5477  32.959438  32.961944     2.6152   59.97236  -39.50676     4.9573        104 0.0000e+00
       4797    199.813     62.000     61.406     4.4883     4.4868  32.904784  32.907538     2.6077   59.97236  -39.50677     4.9573         68 0.0000e+00
       4858    202.395     64.000     63.387     4.4290     4.4285  32.850690  32.853865     2.6064   59.97236  -39.50676     4.9573         63 0.0000e+00
       4969    207.017     66.000     65.367     4.4183     4.4175  32.846747  32.847254     2.5955   59.97234  -39.50677     4.9573         63 0.0000e+00
       5020    209.107     68.000     67.348     4.4281     4.4274  32.860420  32.862239     2.5916   59.97236  -39.50676     4.9573         65 0.0000e+00
       5100    212.466     70.000     69.328     4.4101     4.4092  32.845754  32.848308     2.5847   59.97234  -39.50676     4.9573         86 0.0000e+00
       5178    215.707     72.000     71.309     4.3576     4.3572  32.799140  32.801559     2.5791   59.97234  -39.50675     4.9573         68 0.0000e+00
       5238    218.221     74.000     73.289     4.3420     4.3414  32.786450  32.788956     2.5751   59.97234  -39.50676     4.9573         60 0.0000e+00
       5315    221.408     76.000     75.270     4.3128     4.3121  32.761927  32.764158     2.5682   59.97234  -39.50673     4.9573         99 0.0000e+00
       5396    224.780     78.000     77.250     4.2863     4.2856  32.742021  32.742820     2.5563   59.97234  -39.50674     4.9573         46 0.0000e+00
       5438    226.522     80.000     79.230     4.3080     4.3074  32.767353  32.768704     2.5521   59.97234  -39.50672     4.9573         55 0.0000e+00
       5549    231.185     82.000     81.211     4.3177     4.3175  32.779436  32.781407     2.5413   59.97234  -39.50670     4.9573         57 0.0000e+00
       5591    232.932     84.000     83.191     4.3012     4.3007  32.765114  32.768044     2.5415   59.97234  -39.50669     4.9573         43 0.0000e+00
       5668    236.118     86.000     85.172     4.2599     4.2598  32.725984  32.729467     2.5420   59.97235  -39.50667     4.9573         85 0.0000e+00
       5749    239.520     88.000     87.152     4.2236     4.2233  32.692808  32.695525     2.5429   59.97234  -39.50666     4.9573         53 0.0000e+00
       5805    241.853     90.000     89.132     4.2066     4.2060  32.678730  32.680900     2.5414   59.97234  -39.50666     4.9573         63 0.0000e+00
       5890    245.371     92.000     91.113     4.2064     4.2058  32.681292  32.682803     2.5315   59.97234  -39.50664     4.9573        102 0.0000e+00
       5969    248.664     94.000     93.093     4.2033     4.2024  32.680877  32.682736     2.5257   59.97234  -39.50664     4.9573         53 0.0000e+00
       6025    251.008     96.000     95.073     4.1949     4.1943  32.673889  32.675790     2.5262   59.97234  -39.50662     4.9573         74 0.0000e+00
       6119    254.908     98.000     97.053     4.1815     4.1809  32.661761  32.663907     2.5271   59.97233  -39.50662     4.9573         80 0.0000e+00
       6171    257.083    100.000     99.033     4.1636     4.1630  32.646572  32.648443     2.5274   59.97232  -39.50662     4.9573         50 0.0000e+00
       6248    260.310    102.000    101.013     4.1546     4.1541  32.639635  32.641451     2.5254   59.97232  -39.50661     4.9573        105 0.0000e+00
       6334    263.865    104.000    102.994     4.1472     4.1466  32.634789  32.636748     2.5255   59.97230  -39.50660     4.9573         59 0.0000e+00
       6485    270.165    106.000    104.974     4.1421     4.1407  32.630513  32.631754     2.5270   59.97230  -39.50662     4.9573         63 0.0000e+00
       6545    272.663    108.000    106.954     4.1261     4.1257  32.615967  32.618742     2.5305   59.97228  -39.50661     4.9573         50 0.0000e+00
       6604    275.105    110.000    108.934     4.1086     4.1078  32.600189  32.601927     2.5315   59.97228  -39.50660     4.9573         59 0.0000e+00
       6655    277.244    112.000    110.914     4.1037     4.1031  32.596851  32.598560     2.5313   59.97228  -39.50661     4.9573         45 0.0000e+00
       6700    279.129    114.000    112.894     4.1007     4.1003  32.595174  32.597214     2.5310   59.97228  -39.50662     4.9573         50 0.0000e+00
       6762    281.702    116.000    114.874     4.0965     4.0961  32.592083  32.594047     2.5305   59.97227  -39.50661     4.9573         67 0.0000e+00
       6814    283.876    118.000    116.854     4.0882     4.0873  32.585189  32.586936     2.5326   59.97226  -39.50661     4.9573         39 0.0000e+00
       6851    285.400    120.000    118.834     4.0801     4.0792  32.578439  32.580257     2.5343   59.97226  -39.50662     4.9573         37 0.0000e+00
       6893    287.186    122.000    120.814     4.0638     4.0633  32.563293  32.565667     2.5359   59.97226  -39.50661     4.9573         52 0.0000e+00
       6952    289.615    124.000    122.794     4.0508     4.0501  32.551916  32.553765     2.5351   59.97225  -39.50660     4.9573         55 0.0000e+00
       6997    291.497    126.000    124.774     4.0459     4.0453  32.549125  32.550715     2.5316   59.97224  -39.50660     4.9573         40 0.0000e+00
       7038    293.213    128.000    126.754     4.0469     4.0463  32.551745  32.553452     2.5297   59.97224  -39.50660     4.9573         46 0.0000e+00
       7096    295.623    130.000    128.734     4.0375     4.0370  32.543760  32.545805     2.5298   59.97224  -39.50660     4.9573         65 0.0000e+00
       7149    297.821    132.000    130.714     4.0207     4.0204  32.528221  32.531184     2.5318   59.97224  -39.50660     4.9573         39 0.0000e+00
       7184    299.307    134.000    132.694     3.9972     3.9967  32.506392  32.509034     2.5323   59.97223  -39.50660     4.9573         36 0.0000e+00
       7229    301.169    136.000    134.674     3.9849     3.9842  32.495553  32.497436     2.5328   59.97222  -39.50660     4.9573         59 0.0000e+00
       7294    303.864    138.000    136.653     3.9843     3.9839  32.496524  32.497842     2.5276   59.97222  -39.50659     4.9573         57 0.0000e+00
       7340    305.801    140.000    138.633     4.0015     4.0020  32.515894  32.518277     2.5247   59.97222  -39.50659     4.9573         42 0.0000e+00
       7379    307.428    142.000    140.613     4.0000     3.9999  32.515790  32.517767     2.5203   59.97222  -39.50660     4.9573         37 0.0000e+00
       7419    309.064    144.000    142.593     4.0031     4.0028  32.520041  32.521493     2.5116   59.97222  -39.50660     4.9573         45 0.0000e+00
       7481    311.649    146.000    144.573     4.0243     4.0242  32.542883  32.544489     2.5032   59.97221  -39.50658     4.9573         72 0.0000e+00
       7535    313.913    148.000    146.552     4.0206     4.0199  32.540791  32.543172     2.5039   59.97220  -39.50659     4.9573         38 0.0000e+00
       7569    315.335    150.000    148.532     4.0034     4.0019  32.524862  32.526462     2.5053   59.97220  -39.50660     4.9573         33 0.0000e+00
       7606    316.883    152.000    150.512     3.9829     3.9821  32.505662  32.507600     2.5061   59.97220  -39.50658     4.9573         46 0.0000e+00
       7678    319.857    154.000    152.491     3.9730     3.9725  32.497049  32.498566     2.5063   59.97220  -39.50658     4.9573         80 0.0000e+00
       7729    321.988    156.000    154.471     3.9702     3.9694  32.495160  32.497061     2.5070   59.97220  -39.50658     4.9573         32 0.0000e+00
       7758    323.199    158.000    156.451     3.9600     3.9594  32.486036  32.488095     2.5086   59.97220  -39.50658     4.9573         30 0.0000e+00
       7801    325.007    160.000    158.430     3.9479     3.9470  32.475169  32.476886     2.5109   59.97220  -39.50658     4.9573         65 0.0000e+00
       7875    328.067    162.000    160.410     3.9216     3.9209  32.450561  32.452583     2.5125   59.97218  -39.50657     4.9573         58 0.0000e+00
       7914    329.701    164.000    162.390     3.9117     3.9111  32.442157  32.443913     2.5128   59.97218  -39.50658     4.9573         34 0.0000e+00
       7947    331.095    166.000    164.369     3.9020     3.9013  32.433602  32.435642     2.5129   59.97218  -39.50658     4.9573         35 0.0000e+00
       7990    332.882    168.000    166.349     3.8950     3.8944  32.428339  32.429918     2.5130   59.97218  -39.50656     4.9573         54 0.0000e+00
       8055    335.564    170.000    168.328     3.8887     3.8880  32.423134  32.424882     2.5142   59.97218  -39.50656     4.9573         63 0.0000e+00
       8102    337.562    172.000    170.308     3.8796     3.8788  32.415132  32.417231     2.5174   59.97218  -39.50656     4.9573         38 0.0000e+00
       8142    339.216    174.000    172.287     3.8657     3.8649  32.402781  32.404646     2.5206   59.97218  -39.50655     4.9573         45 0.0000e+00
       8190    341.208    176.000    174.267     3.8517     3.8510  32.389789  32.392035     2.5226   59.97218  -39.50656     4.9573         48 0.0000e+00
       8239    343.262    178.000    176.246     3.8402     3.8395  32.379859  32.381534     2.5234   59.97218  -39.50656     4.9573         53 0.0000e+00
       8291    345.408    180.000    178.226     3.8302     3.8292  32.371336  32.372954     2.5229   59.97218  -39.50654     4.9573         47 0.0000e+00
       8336    347.280    182.000    180.205     3.8274     3.8265  32.370328  32.371492     2.5221   59.97218  -39.50654     4.9573         46 0.0000e+00
       8385    349.329    184.000    182.184     3.8253     3.8246  32.369697  32.371572     2.5227   59.97218  -39.50654     4.9573         49 0.0000e+00
       8428    351.132    186.000    184.164     3.8182     3.8177  32.363965  32.365681     2.5234   59.97218  -39.50654     4.9573         39 0.0000e+00
       8470    352.864    188.000    186.143     3.8124     3.8121  32.359089  32.361524     2.5240   59.97218  -39.50654     4.9573         46 0.0000e+00
       8521    355.010    190.000    188.122     3.7998     3.7991  32.347958  32.349750     2.5233   59.97218  -39.50654     4.9573         56 0.0000e+00
       8578    357.357    192.000    190.102     3.7941     3.7946  32.343868  32.345885     2.5196   59.97218  -39.50654     4.9573         53 0.0000e+00
       8624    359.283    194.000    192.081     3.8187     3.8180  32.370710  32.371790     2.5155   59.97218  -39.50654     4.9573         42 0.0000e+00
       8666    361.029    196.000    194.060     3.8176     3.8165  32.370955  32.371428     2.5082   59.97218  -39.50652     4.9573         43 0.0000e+00
       8712    362.975    198.000    196.040     3.8455     3.8441  32.400896  32.400643     2.5003   59.97218  -39.50652     4.9573         52 0.0000e+00
       8767    365.247    200.000    198.019     3.8553     3.8545  32.411803  32.412949     2.4882   59.97218  -39.50652     4.9573         52 0.0000e+00
       8813    367.161    202.000    199.998     3.8698     3.8681  32.428229  32.427766     2.4790   59.97218  -39.50652     4.9573         42 0.0000e+00
       8855    368.927    204.000    201.977     3.8775     3.8769  32.436932  32.438090     2.4723   59.97216  -39.50652     4.9573         44 0.0000e+00
       8901    370.852    206.000    203.956     3.8885     3.8874  32.449351  32.449958     2.4671   59.97218  -39.50652     4.9573         49 0.0000e+00
       8955    373.067    208.000    205.936     3.8892     3.8886  32.450786  32.452242     2.4636   59.97217  -39.50652     4.9573         56 0.0000e+00
