Example_Files/SBE_Processing_Files/Processed_SBE_cast_files/downcasts/dar69-01_016.cnv
* Sea-Bird SBE 9 Data File:
* FileName = D:\data\ar69-01_016.hex
* Software Version Seasave V 7.26.7.107
* Temperature SN = 4491
* Conductivity SN = 3009
* Number of Bytes Per Scan = 44
* Number of Voltage Words = 5
* Number of Scans Averaged by the Deck Unit = 1
* NMEA Latitude = 59 38.89 N
* NMEA Longitude = 038 34.97 W
* NMEA UTC (Time) = Jul 04 2022  07:20:38
** Cruise ID: AR69-01
** Chief Sci:
** Station #: 016
** Site ID: M4 OSNAP acoustic releases
# nquan = 14
# nvalues = 1509                        
# units = specified
# name 0 = scan: Scan Count
# name 1 = timeS: Time, Elapsed [seconds]
# name 2 = prDM: Pressure, Digiquartz [db]
# name 3 = depSM: Depth [salt water, m]
# name 4 = t090C: Temperature [ITS-90, deg C]
# name 5 = t190C: Temperature, 2 [ITS-90, deg C]
# name 6 = c0mS/cm: Conductivity [mS/cm]
# name 7 = c1mS/cm: Conductivity, 2 [mS/cm]
# name 8 = sbeox0V: Oxygen raw, SBE 43 [V]
# name 9 = latitude: Latitude [deg]
# name 10 = longitude: Longitude [deg]
# name 11 = v7: Voltage 7
# name 12 = nbin: number of scans per bin
# name 13 = flag: flag
# span 0 =        380,      85795       
# span 1 =     15.785,   3574.740       
# span 2 =      4.000,   3020.000       
# span 3 =      3.962,   2970.327       
# span 4 =     1.4102,     7.4276       
# span 5 =     1.4086,     7.4270       
# span 6 =  31.429603,  35.483796       
# span 7 =  31.426934,  35.485366       
# span 8 =     1.7793,     2.8223       
# span 9 =   59.64806,   59.64809       
# span 10 =  -38.58288,  -38.58284      
# span 11 =     4.9560,     4.9575      
# span 12 =          1,        118      
# span 13 = 0.0000e+00, 0.0000e+00      
# interval = decibars: 2                
# start_time = Jul 04 2022 07:20:38 [NMEA time, first data scan]
# bad_flag = -9.990e-29
*END*
[from data line 930]
      46126   1921.871   1864.000   1838.278     3.4320     3.4317  32.793111  32.795607     1.9583   59.64808  -38.58286     4.9560         45 0.0000e+00
      46174   1923.875   1866.000   1840.242     3.4316     3.4312  32.793523  32.796030     1.9580   59.64808  -38.58286     4.9560         53 0.0000e+00
      46225   1925.998   1868.000   1842.206     3.4304     3.4302  32.793157  32.796020     1.9576   59.64808  -38.58284     4.9562         45 0.0000e+00
      46267   1927.731   1870.000   1844.170     3.4307     3.4296  32.794583  32.796027     1.9570   59.64808  -38.58285     4.9564         42 0.0000e+00
      46318   1929.866   1872.000   1846.133     3.4313     3.4306  32.796312  32.798262     1.9559   59.64808  -38.58286     4.9564         61 0.0000e+00
      46374   1932.228   1874.000   1848.097     3.4299     3.4301  32.795920  32.799006     1.9553   59.64808  -38.58286     4.9564         45 0.0000e+00
      46413   1933.846   1876.000   1850.061     3.4255     3.4267  32.792529  32.797104     1.9551   59.64808  -38.58286     4.9565         38 0.0000e+00
      46453   1935.514   1878.000   1852.025     3.4241     3.4247  32.791934  32.795854     1.9545   59.64808  -38.58286     4.9563         44 0.0000e+00
      46503   1937.604   1880.000   1853.988     3.4200     3.4209  32.788721  32.793414     1.9541   59.64808  -38.58286     4.9563         54 0.0000e+00
      46557   1939.823   1882.000   1855.952     3.4192     3.4191  32.788751  32.792195     1.9535   59.64808  -38.58284     4.9564         51 0.0000e+00
      46602   1941.710   1884.000   1857.915     3.4178     3.4181  32.788190  32.792081     1.9533   59.64808  -38.58284     4.9565         40 0.0000e+00
      46641   1943.335   1886.000   1859.879     3.4135     3.4151  32.784795  32.790580     1.9534   59.64808  -38.58286     4.9563         39 0.0000e+00
      46685   1945.161   1888.000   1861.842     3.4092     3.4108  32.781429  32.787292     1.9534   59.64808  -38.58286     4.9564         52 0.0000e+00
      46748   1947.782   1890.000   1863.806     3.4075     3.4073  32.780879  32.784575     1.9527   59.64808  -38.58284     4.9564         64 0.0000e+00
      46798   1949.855   1892.000   1865.769     3.4080     3.4075  32.782427  32.785605     1.9523   59.64808  -38.58284     4.9565         40 0.0000e+00
      46836   1951.468   1894.000   1867.733     3.4048     3.4058  32.780218  32.785488     1.9522   59.64808  -38.58285     4.9565         39 0.0000e+00
      46878   1953.213   1896.000   1869.697     3.4020     3.4027  32.778206  32.783095     1.9521   59.64808  -38.58286     4.9563         47 0.0000e+00
      46929   1955.326   1898.000   1871.660     3.3999     3.4004  32.776975  32.781694     1.9516   59.64808  -38.58286     4.9564         52 0.0000e+00
      46976   1957.305   1900.000   1873.623     3.3991     3.3989  32.777053  32.780736     1.9514   59.64808  -38.58284     4.9563         44 0.0000e+00
      47024   1959.281   1902.000   1875.587     3.3909     3.3936  32.769712  32.777510     1.9513   59.64808  -38.58284     4.9563         52 0.0000e+00
      47074   1961.378   1904.000   1877.550     3.3884     3.3892  32.768167  32.773604     1.9507   59.64808  -38.58284     4.9562         45 0.0000e+00
      47115   1963.092   1906.000   1879.514     3.3902     3.3885  32.771340  32.772888     1.9500   59.64808  -38.58285     4.9563         40 0.0000e+00
      47157   1964.851   1908.000   1881.477     3.3907     3.3905  32.772820  32.776762     1.9495   59.64808  -38.58286     4.9563         47 0.0000e+00
      47212   1967.130   1910.000   1883.440     3.3870     3.3876  32.770046  32.774936     1.9489   59.64808  -38.58285     4.9563         58 0.0000e+00
      47265   1969.325   1912.000   1885.404     3.3812     3.3839  32.764965  32.772843     1.9487   59.64808  -38.58284     4.9563         47 0.0000e+00
      47308   1971.146   1914.000   1887.367     3.3747     3.3764  32.759944  32.766113     1.9480   59.64808  -38.58286     4.9563         42 0.0000e+00
      47354   1973.038   1916.000   1889.330     3.3745     3.3749  32.760918  32.765741     1.9473   59.64808  -38.58286     4.9563         50 0.0000e+00
      47404   1975.135   1918.000   1891.293     3.3728     3.3730  32.760094  32.764877     1.9471   59.64808  -38.58285     4.9564         47 0.0000e+00
      47446   1976.864   1920.000   1893.257     3.3704     3.3709  32.759000  32.763992     1.9469   59.64808  -38.58286     4.9563         39 0.0000e+00
      47490   1978.728   1922.000   1895.220     3.3705     3.3703  32.760066  32.764029     1.9465   59.64808  -38.58286     4.9563         53 0.0000e+00
      47546   1981.055   1924.000   1897.183     3.3689     3.3689  32.759344  32.763560     1.9461   59.64808  -38.58284     4.9564         51 0.0000e+00
      47590   1982.890   1926.000   1899.146     3.3671     3.3674  32.758522  32.763075     1.9457   59.64808  -38.58284     4.9564         42 0.0000e+00
      47633   1984.660   1928.000   1901.110     3.3662     3.3662  32.758561  32.762707     1.9451   59.64808  -38.58286     4.9564         44 0.0000e+00
      47679   1986.577   1930.000   1903.073     3.3635     3.3642  32.756767  32.761822     1.9445   59.64808  -38.58286     4.9563         48 0.0000e+00
      47732   1988.791   1932.000   1905.036     3.3608     3.3614  32.755203  32.760023     1.9437   59.64808  -38.58286     4.9564         58 0.0000e+00
      47786   1991.048   1934.000   1906.999     3.3589     3.3590  32.754369  32.758609     1.9429   59.64808  -38.58284     4.9563         46 0.0000e+00
      47827   1992.757   1936.000   1908.962     3.3573     3.3578  32.753690  32.758433     1.9425   59.64808  -38.58285     4.9564         39 0.0000e+00
      47868   1994.454   1938.000   1910.925     3.3549     3.3555  32.752206  32.757236     1.9421   59.64808  -38.58286     4.9563         45 0.0000e+00
      47918   1996.528   1940.000   1912.888     3.3504     3.3519  32.748580  32.754862     1.9420   59.64808  -38.58286     4.9564         53 0.0000e+00
      47970   1998.714   1942.000   1914.851     3.3452     3.3465  32.744320  32.750547     1.9415   59.64808  -38.58285     4.9563         51 0.0000e+00
      48017   2000.671   1944.000   1916.815     3.3460     3.3449  32.746392  32.749285     1.9409   59.64808  -38.58284     4.9562         41 0.0000e+00
      48056   2002.292   1946.000   1918.778     3.3460     3.3460  32.747299  32.751814     1.9407   59.64808  -38.58286     4.9564         40 0.0000e+00
      48105   2004.344   1948.000   1920.741     3.3416     3.3428  32.743698  32.749767     1.9404   59.64808  -38.58286     4.9561         59 0.0000e+00
      48159   2006.564   1950.000   1922.704     3.3356     3.3373  32.738880  32.745489     1.9404   59.64808  -38.58286     4.9560         43 0.0000e+00
      48199   2008.258   1952.000   1924.667     3.3348     3.3349  32.739093  32.743861     1.9399   59.64808  -38.58286     4.9561         43 0.0000e+00
      48249   2010.323   1954.000   1926.629     3.3348     3.3344  32.739999  32.743912     1.9391   59.64808  -38.58286     4.9563         56 0.0000e+00
      48304   2012.633   1956.000   1928.593     3.3342     3.3338  32.740400  32.744250     1.9387   59.64808  -38.58286     4.9561         51 0.0000e+00
      48349   2014.482   1958.000   1930.555     3.3326     3.3327  32.739910  32.744247     1.9381   59.64808  -38.58286     4.9560         40 0.0000e+00
      48387   2016.103   1960.000   1932.518     3.3315     3.3315  32.739889  32.743930     1.9378   59.64808  -38.58286     4.9561         39 0.0000e+00
      48434   2018.034   1962.000   1934.481     3.3300     3.3302  32.739441  32.743591     1.9374   59.64808  -38.58286     4.9563         55 0.0000e+00
      48489   2020.324   1964.000   1936.444     3.3289     3.3287  32.739383  32.743098     1.9368   59.64808  -38.58286     4.9562         50 0.0000e+00
      48534   2022.203   1966.000   1938.407     3.3283     3.3280  32.739634  32.743140     1.9363   59.64808  -38.58286     4.9564         42 0.0000e+00
      48576   2023.954   1968.000   1940.370     3.3268     3.3270  32.739035  32.743156     1.9360   59.64808  -38.58286     4.9563         44 0.0000e+00
      48626   2026.025   1970.000   1942.332     3.3235     3.3244  32.737022  32.741723     1.9354   59.64808  -38.58286     4.9563         54 0.0000e+00
      48674   2028.056   1972.000   1944.295     3.3215     3.3218  32.736094  32.740180     1.9351   59.64808  -38.58286     4.9563         43 0.0000e+00
      48720   2029.972   1974.000   1946.258     3.3204     3.3205  32.735945  32.739837     1.9347   59.64808  -38.58286     4.9564         52 0.0000e+00
      48775   2032.246   1976.000   1948.221     3.3191     3.3191  32.735632  32.739315     1.9342   59.64808  -38.58284     4.9563         53 0.0000e+00
      48822   2034.193   1978.000   1950.184     3.3189     3.3183  32.736370  32.739246     1.9333   59.64808  -38.58284     4.9564         41 0.0000e+00
      48861   2035.838   1980.000   1952.146     3.3193     3.3187  32.737815  32.740502     1.9325   59.64808  -38.58286     4.9563         40 0.0000e+00
      48904   2037.644   1982.000   1954.109     3.3186     3.3182  32.737931  32.741007     1.9320   59.64808  -38.58286     4.9564         49 0.0000e+00
      48961   2039.989   1984.000   1956.072     3.3173     3.3172  32.737616  32.740938     1.9317   59.64808  -38.58285     4.9564         58 0.0000e+00
      49011   2042.063   1986.000   1958.034     3.3148     3.3154  32.736099  32.740279     1.9314   59.64808  -38.58284     4.9564         42 0.0000e+00
      49050   2043.696   1988.000   1959.997     3.3124     3.3130  32.734718  32.738931     1.9312   59.64808  -38.58284     4.9565         39 0.0000e+00
      49092   2045.466   1990.000   1961.960     3.3099     3.3107  32.733331  32.737844     1.9307   59.64808  -38.58286     4.9563         47 0.0000e+00
      49145   2047.668   1992.000   1963.922     3.3087     3.3088  32.733150  32.736733     1.9302   59.64808  -38.58286     4.9564         60 0.0000e+00
      49205   2050.167   1994.000   1965.885     3.3071     3.3072  32.732810  32.736340     1.9293   59.64808  -38.58284     4.9563         51 0.0000e+00
      49245   2051.844   1996.000   1967.847     3.3075     3.3069  32.734213  32.736798     1.9287   59.64808  -38.58284     4.9563         36 0.0000e+00
      49284   2053.440   1998.000   1969.810     3.3083     3.3074  32.735982  32.738089     1.9282   59.64808  -38.58285     4.9563         43 0.0000e+00
      49335   2055.565   2000.000   1971.773     3.3099     3.3085  32.738713  32.739946     1.9274   59.64808  -38.58286     4.9564         56 0.0000e+00
      49388   2057.775   2002.000   1973.735     3.3109     3.3100  32.740760  32.742589     1.9265   59.64808  -38.58284     4.9563         50 0.0000e+00
      49434   2059.727   2004.000   1975.697     3.3097     3.3094  32.740340  32.742988     1.9259   59.64808  -38.58284     4.9563         42 0.0000e+00
      49473   2061.334   2006.000   1977.660     3.3081     3.3084  32.739681  32.743070     1.9256   59.64808  -38.58286     4.9563         37 0.0000e+00
      49515   2063.104   2008.000   1979.622     3.3067     3.3069  32.739200  32.742569     1.9252   59.64808  -38.58286     4.9563         51 0.0000e+00
      49573   2065.505   2010.000   1981.585     3.3055     3.3052  32.739193  32.741754     1.9244   59.64808  -38.58284     4.9563         59 0.0000e+00
      49625   2067.669   2012.000   1983.547     3.3017     3.3030  32.736128  32.741139     1.9237   59.64808  -38.58284     4.9560         46 0.0000e+00
      49667   2069.403   2014.000   1985.510     3.3000     3.3004  32.735542  32.739131     1.9237   59.64808  -38.58286     4.9560         39 0.0000e+00
      49708   2071.124   2016.000   1987.472     3.2992     3.2992  32.735586  32.738996     1.9234   59.64808  -38.58286     4.9563         46 0.0000e+00
      49763   2073.411   2018.000   1989.434     3.2975     3.2978  32.734740  32.738661     1.9233   59.64808  -38.58285     4.9564         60 0.0000e+00
      49816   2075.610   2020.000   1991.397     3.2945     3.2950  32.732811  32.736915     1.9230   59.64808  -38.58284     4.9564         44 0.0000e+00
      49855   2077.246   2022.000   1993.359     3.2937     3.2938  32.732816  32.736604     1.9228   59.64808  -38.58285     4.9563         37 0.0000e+00
      49896   2078.940   2024.000   1995.321     3.2936     3.2932  32.733627  32.736638     1.9224   59.64808  -38.58286     4.9564         46 0.0000e+00
      49948   2081.111   2026.000   1997.284     3.2942     3.2934  32.735135  32.737513     1.9219   59.64808  -38.58285     4.9563         56 0.0000e+00
      49998   2083.213   2028.000   1999.246     3.2931     3.2930  32.735045  32.738149     1.9214   59.64808  -38.58285     4.9563         44 0.0000e+00
      50041   2085.003   2030.000   2001.208     3.2955     3.2939  32.738909  32.739455     1.9209   59.64808  -38.58286     4.9565         44 0.0000e+00
      50088   2086.978   2032.000   2003.171     3.2926     3.2934  32.736730  32.741145     1.9203   59.64808  -38.58285     4.9564         51 0.0000e+00
      50139   2089.064   2034.000   2005.133     3.2902     3.2902  32.735550  32.738587     1.9192   59.64808  -38.58285     4.9563         47 0.0000e+00
      50185   2090.999   2036.000   2007.095     3.2913     3.2905  32.737773  32.739851     1.9186   59.64808  -38.58286     4.9562         47 0.0000e+00
      50233   2093.001   2038.000   2009.057     3.2910     3.2905  32.738382  32.740857     1.9182   59.64808  -38.58286     4.9560         49 0.0000e+00
      50281   2095.011   2040.000   2011.019     3.2878     3.2886  32.736268  32.740424     1.9176   59.64808  -38.58284     4.9560         47 0.0000e+00
      50327   2096.914   2042.000   2012.981     3.2857     3.2861  32.735153  32.738875     1.9173   59.64808  -38.58286     4.9563         45 0.0000e+00
      50372   2098.799   2044.000   2014.944     3.2832     3.2838  32.733570  32.737865     1.9169   59.64808  -38.58286     4.9563         46 0.0000e+00
      50420   2100.776   2046.000   2016.906     3.2819     3.2822  32.733145  32.736979     1.9165   59.64808  -38.58286     4.9561         49 0.0000e+00
      50467   2102.734   2048.000   2018.868     3.2789     3.2797  32.731039  32.735848     1.9160   59.64808  -38.58286     4.9560         44 0.0000e+00
      50511   2104.596   2050.000   2020.830     3.2768     3.2773  32.729832  32.734388     1.9157   59.64808  -38.58286     4.9563         46 0.0000e+00
      50561   2106.674   2052.000   2022.792     3.2758     3.2759  32.729689  32.733606     1.9152   59.64808  -38.58286     4.9563         54 0.0000e+00
      50614   2108.864   2054.000   2024.754     3.2755     3.2751  32.730503  32.733507     1.9150   59.64808  -38.58284     4.9563         48 0.0000e+00
      50658   2110.711   2056.000   2026.716     3.2736     3.2741  32.729607  32.733917     1.9150   59.64808  -38.58284     4.9563         43 0.0000e+00
      50701   2112.509   2058.000   2028.678     3.2712     3.2716  32.728336  32.732587     1.9149   59.64808  -38.58286     4.9562         44 0.0000e+00
      50748   2114.455   2060.000   2030.640     3.2716     3.2711  32.729737  32.732575     1.9144   59.64808  -38.58286     4.9560         51 0.0000e+00
      50802   2116.705   2062.000   2032.602     3.2701     3.2701  32.729385  32.732866     1.9135   59.64808  -38.58284     4.9560         53 0.0000e+00
      50849   2118.656   2064.000   2034.564     3.2710     3.2697  32.731590  32.733082     1.9129   59.64808  -38.58284     4.9560         42 0.0000e+00
      50891   2120.397   2066.000   2036.526     3.2746     3.2726  32.736416  32.736542     1.9125   59.64808  -38.58284     4.9560         44 0.0000e+00
