Example_Files/SBE_Processing_Files/Processed_SBE_cast_files/downcasts/dar69-01_020.cnv
* Sea-Bird SBE 9 Data File:
* FileName = D:\data\ar69-01_020.hex
* Software Version Seasave V 7.26.7.107
* Temperature SN = 4491
* Conductivity SN = 3009
* Number of Bytes Per Scan = 44
* Number of Voltage Words = 5
* Number of Scans Averaged by the Deck Unit = 1
* NMEA Latitude = 59 52.54 N
* NMEA Longitude = 039 36.97 W
* NMEA UTC (Time) = Jul 06 2022  17:11:20
** Cruise ID: AR69-01
** Chief Sci:
** Station #: 020
** Site ID: OSNAP cal dip
# nquan = 14
# nvalues = 1319                        
# units = specified
# name 0 = scan: Scan Count
# name 1 = timeS: Time, Elapsed [seconds]
# name 2 = prDM: Pressure, Digiquartz [db]
# name 3 = depSM: Depth [salt water, m]
# name 4 = t090C: Temperature [ITS-90, deg C]
# name 5 = t190C: Temperature, 2 [ITS-90, deg C]
# name 6 = c0mS/cm: Conductivity [mS/cm]
# name 7 = c1mS/cm: Conductivity, 2 [mS/cm]
# name 8 = sbeox0V: Oxygen raw, SBE 43 [V]
# name 9 = latitude: Latitude [deg]
# name 10 = longitude: Longitude [deg]
# name 11 = v7: Voltage 7
# name 12 = nbin: number of scans per bin
# name 13 = flag: flag
# span 0 =        528,      72934       
# span 1 =     21.971,   3038.866       
# span 2 =      4.000,   2640.000       
# span 3 =      3.962,   2598.811       
# span 4 =     1.8301,     7.9367       
# span 5 =     1.8287,     7.9497       
# span 6 =  31.650396,  35.902587       
# span 7 =  31.649374,  35.912120       
# span 8 =     1.8361,     2.8304       
# span 9 =   59.87562,   59.87568       
# span 10 =  -39.61610,  -39.61602      
# span 11 =     4.9560,     4.9573      
# span 12 =          1,        119      
# span 13 = 0.0000e+00, 0.0000e+00      
# interval = decibars: 2                
# start_time = Jul 06 2022 17:11:20 [NMEA time, first data scan]
# bad_flag = -9.990e-29
*END*
[from data line 1239]
      60838   2534.880   2482.000   2444.173     2.3566     2.3567  32.068752  32.069418     1.8439   59.87563  -39.61604     4.9560         33 0.0000e+00
      60874   2536.356   2484.000   2446.131     2.3529     2.3530  32.066059  32.066792     1.8440   59.87564  -39.61604     4.9560         42 0.0000e+00
      60935   2538.937   2486.000   2448.089     2.3475     2.3476  32.061906  32.062491     1.8438   59.87563  -39.61604     4.9560         71 0.0000e+00
      60987   2541.089   2488.000   2450.047     2.3463     2.3464  32.061767  32.062270     1.8435   59.87564  -39.61604     4.9560         38 0.0000e+00
      61025   2542.678   2490.000   2452.005     2.3451     2.3455  32.061417  32.062317     1.8433   59.87564  -39.61604     4.9560         41 0.0000e+00
      61071   2544.576   2492.000   2453.963     2.3427     2.3427  32.059967  32.060448     1.8430   59.87563  -39.61604     4.9560         50 0.0000e+00
      61123   2546.760   2494.000   2455.921     2.3405     2.3406  32.058670  32.059312     1.8426   59.87563  -39.61604     4.9560         52 0.0000e+00
      61170   2548.722   2496.000   2457.879     2.3368     2.3370  32.055917  32.056701     1.8424   59.87564  -39.61604     4.9560         44 0.0000e+00
      61215   2550.594   2498.000   2459.837     2.3330     2.3331  32.053050  32.053683     1.8425   59.87564  -39.61604     4.9560         46 0.0000e+00
      61263   2552.565   2500.000   2461.795     2.3308     2.3310  32.051691  32.052349     1.8428   59.87564  -39.61604     4.9560         48 0.0000e+00
      61311   2554.563   2502.000   2463.753     2.3257     2.3260  32.047668  32.048465     1.8429   59.87564  -39.61604     4.9560         48 0.0000e+00
      61356   2556.456   2504.000   2465.711     2.3216     2.3218  32.044630  32.045283     1.8429   59.87564  -39.61604     4.9560         43 0.0000e+00
      61401   2558.351   2506.000   2467.669     2.3174     2.3177  32.041312  32.042295     1.8425   59.87564  -39.61604     4.9560         50 0.0000e+00
      61454   2560.522   2508.000   2469.627     2.3109     2.3110  32.036201  32.036872     1.8421   59.87564  -39.61604     4.9560         50 0.0000e+00
      61497   2562.316   2510.000   2471.585     2.3095     2.3097  32.035821  32.036470     1.8420   59.87564  -39.61604     4.9560         38 0.0000e+00
      61538   2564.029   2512.000   2473.543     2.3078     2.3079  32.035126  32.035752     1.8420   59.87564  -39.61604     4.9560         48 0.0000e+00
      61599   2566.575   2514.000   2475.501     2.3050     2.3052  32.033381  32.033997     1.8413   59.87564  -39.61604     4.9560         65 0.0000e+00
      61650   2568.694   2516.000   2477.459     2.2993     2.2996  32.028696  32.029708     1.8411   59.87564  -39.61604     4.9560         41 0.0000e+00
      61690   2570.362   2518.000   2479.417     2.2939     2.2941  32.024408  32.025143     1.8412   59.87564  -39.61604     4.9560         41 0.0000e+00
      61734   2572.197   2520.000   2481.374     2.2890     2.2893  32.020564  32.021407     1.8412   59.87564  -39.61604     4.9560         46 0.0000e+00
      61778   2574.023   2522.000   2483.332     2.2851     2.2854  32.017733  32.018627     1.8412   59.87564  -39.61604     4.9560         42 0.0000e+00
      61821   2575.823   2524.000   2485.290     2.2795     2.2797  32.013370  32.014094     1.8411   59.87564  -39.61604     4.9560         48 0.0000e+00
      61879   2578.264   2526.000   2487.248     2.2772     2.2774  32.011993  32.012643     1.8407   59.87564  -39.61604     4.9560         62 0.0000e+00
      61929   2580.321   2528.000   2489.205     2.2743     2.2745  32.010144  32.010889     1.8405   59.87564  -39.61604     4.9560         38 0.0000e+00
      61964   2581.785   2530.000   2491.163     2.2732     2.2734  32.010140  32.010834     1.8406   59.87564  -39.61605     4.9560         35 0.0000e+00
      62007   2583.596   2532.000   2493.121     2.2707     2.2709  32.008577  32.009286     1.8404   59.87564  -39.61604     4.9560         60 0.0000e+00
      62079   2586.567   2534.000   2495.079     2.2673     2.2675  32.006060  32.006870     1.8401   59.87564  -39.61604     4.9560         57 0.0000e+00
      62115   2588.097   2536.000   2497.036     2.2631     2.2632  32.002949  32.003428     1.8399   59.87564  -39.61604     4.9560         34 0.0000e+00
      62153   2589.659   2538.000   2498.994     2.2610     2.2611  32.001742  32.002310     1.8396   59.87564  -39.61604     4.9560         43 0.0000e+00
      62202   2591.697   2540.000   2500.952     2.2595     2.2598  32.001259  32.001974     1.8397   59.87565  -39.61604     4.9560         51 0.0000e+00
      62251   2593.730   2542.000   2502.909     2.2574     2.2576  31.999942  32.000737     1.8399   59.87565  -39.61604     4.9560         50 0.0000e+00
      62310   2596.204   2544.000   2504.867     2.2535     2.2537  31.996952  31.997701     1.8397   59.87564  -39.61604     4.9560         64 0.0000e+00
      62365   2598.490   2546.000   2506.824     2.2494     2.2498  31.993834  31.994781     1.8400   59.87565  -39.61604     4.9560         49 0.0000e+00
      62453   2602.164   2548.000   2508.782     2.2422     2.2436  31.987808  31.989626     1.8401   59.87565  -39.61604     4.9560         71 0.0000e+00
      62544   2605.962   2550.000   2510.740     2.2356     2.2359  31.982188  31.982929     1.8403   59.87565  -39.61604     4.9560         81 0.0000e+00
      62636   2609.780   2552.000   2512.697     2.2324     2.2326  31.979859  31.980583     1.8409   59.87564  -39.61604     4.9560         75 0.0000e+00
      62752   2614.617   2554.000   2514.655     2.2275     2.2281  31.976018  31.977219     1.8413   59.87564  -39.61604     4.9560         63 0.0000e+00
      62812   2617.145   2556.000   2516.612     2.2254     2.2255  31.974927  31.975559     1.8414   59.87564  -39.61604     4.9560         73 0.0000e+00
      62937   2622.348   2558.000   2518.570     2.2200     2.2207  31.970571  31.971971     1.8411   59.87564  -39.61604     4.9560         61 0.0000e+00
      63024   2625.971   2560.000   2520.527     2.2126     2.2130  31.964364  31.965412     1.8411   59.87564  -39.61604     4.9560         67 0.0000e+00
      63100   2629.142   2562.000   2522.485     2.2096     2.2098  31.962286  31.963111     1.8413   59.87564  -39.61604     4.9560         61 0.0000e+00
      63215   2633.911   2564.000   2524.442     2.2074     2.2081  31.961123  31.962185     1.8411   59.87564  -39.61604     4.9560         82 0.0000e+00
      63310   2637.891   2566.000   2526.399     2.2054     2.2056  31.959983  31.960650     1.8412   59.87564  -39.61604     4.9560         51 0.0000e+00
      63384   2640.951   2568.000   2528.357     2.1999     2.2004  31.955704  31.956801     1.8409   59.87564  -39.61603     4.9560         63 0.0000e+00
      63496   2645.614   2570.000   2530.314     2.1965     2.1969  31.953555  31.954495     1.8403   59.87564  -39.61604     4.9560         42 0.0000e+00
      63575   2648.925   2572.000   2532.272     2.1944     2.1946  31.952230  31.952978     1.8403   59.87564  -39.61604     4.9560         72 0.0000e+00
      63691   2653.737   2574.000   2534.229     2.1884     2.1887  31.947565  31.948413     1.8399   59.87564  -39.61604     4.9560         54 0.0000e+00
      63763   2656.756   2576.000   2536.186     2.1808     2.1811  31.941109  31.941872     1.8403   59.87564  -39.61604     4.9560         93 0.0000e+00
      63864   2660.970   2578.000   2538.144     2.1785     2.1785  31.939796  31.940258     1.8404   59.87564  -39.61604     4.9560         78 0.0000e+00
      63962   2665.040   2580.000   2540.101     2.1717     2.1721  31.934523  31.935533     1.8400   59.87564  -39.61604     4.9560         46 0.0000e+00
      64055   2668.906   2582.000   2542.058     2.1683     2.1684  31.932088  31.932837     1.8398   59.87564  -39.61604     4.9560         68 0.0000e+00
      64139   2672.417   2584.000   2544.015     2.1621     2.1622  31.927123  31.927683     1.8399   59.87564  -39.61604     4.9560         68 0.0000e+00
      64246   2676.869   2586.000   2545.973     2.1598     2.1600  31.925857  31.926536     1.8399   59.87564  -39.61603     4.9560         76 0.0000e+00
      64322   2680.055   2588.000   2547.930     2.1584     2.1586  31.925433  31.926007     1.8399   59.87564  -39.61604     4.9560         90 0.0000e+00
      64438   2684.855   2590.000   2549.887     2.1522     2.1523  31.920438  31.921138     1.8394   59.87564  -39.61604     4.9560         75 0.0000e+00
      64517   2688.163   2592.000   2551.844     2.1499     2.1501  31.919327  31.919878     1.8389   59.87565  -39.61604     4.9560         94 0.0000e+00
      64624   2692.627   2594.000   2553.801     2.1497     2.1498  31.919923  31.920460     1.8381   59.87565  -39.61604     4.9560         84 0.0000e+00
      64702   2695.864   2596.000   2555.758     2.1407     2.1419  31.912402  31.914023     1.8383   59.87566  -39.61604     4.9560         75 0.0000e+00
      64811   2700.418   2598.000   2557.715     2.1339     2.1361  31.907059  31.909757     1.8380   59.87566  -39.61604     4.9560         71 0.0000e+00
      64884   2703.477   2600.000   2559.673     2.1248     2.1251  31.899503  31.900363     1.8378   59.87566  -39.61604     4.9560         94 0.0000e+00
      65001   2708.348   2602.000   2561.630     2.1094     2.1101  31.886205  31.887573     1.8378   59.87566  -39.61604     4.9560         77 0.0000e+00
      65085   2711.821   2604.000   2563.587     2.1017     2.1018  31.879993  31.880674     1.8376   59.87566  -39.61605     4.9560         98 0.0000e+00
      65175   2715.592   2606.000   2565.544     2.0959     2.0961  31.875620  31.876381     1.8376   59.87566  -39.61605     4.9560         69 0.0000e+00
      65270   2719.557   2608.000   2567.501     2.0904     2.0905  31.871447  31.872013     1.8375   59.87566  -39.61604     4.9560        116 0.0000e+00
      65360   2723.298   2610.000   2569.458     2.0771     2.0773  31.860154  31.861036     1.8375   59.87566  -39.61606     4.9560         68 0.0000e+00
      65464   2727.626   2612.000   2571.415     2.0669     2.0692  31.851891  31.854379     1.8367   59.87566  -39.61605     4.9560         83 0.0000e+00
      65556   2731.439   2614.000   2573.372     2.0555     2.0559  31.842471  31.843591     1.8361   59.87566  -39.61606     4.9560         82 0.0000e+00
      65639   2734.911   2616.000   2575.329     2.0244     2.0233  31.815127  31.815155     1.8367   59.87566  -39.61604     4.9560         76 0.0000e+00
      65753   2739.683   2618.000   2577.286     2.0206     2.0191  31.812195  31.812037     1.8371   59.87566  -39.61606     4.9560         48 0.0000e+00
      65834   2743.027   2620.000   2579.243     2.0014     2.0005  31.795587  31.795914     1.8372   59.87566  -39.61605     4.9560         66 0.0000e+00
      65919   2746.586   2622.000   2581.200     1.9799     1.9816  31.777103  31.779512     1.8379   59.87566  -39.61606     4.9560         61 0.0000e+00
      66024   2750.965   2624.000   2583.157     1.9713     1.9722  31.770100  31.771377     1.8383   59.87566  -39.61605     4.9560         86 0.0000e+00
      66125   2755.162   2626.000   2585.113     1.9648     1.9649  31.764995  31.765618     1.8385   59.87566  -39.61606     4.9560         75 0.0000e+00
      66205   2758.519   2628.000   2587.070     1.9399     1.9420  31.742881  31.745677     1.8396   59.87565  -39.61606     4.9560         82 0.0000e+00
      66305   2762.671   2630.000   2589.027     1.9195     1.9203  31.725292  31.726703     1.8413   59.87566  -39.61606     4.9560         73 0.0000e+00
      66395   2766.437   2632.000   2590.984     1.9006     1.9008  31.709062  31.709981     1.8418   59.87564  -39.61606     4.9560        111 0.0000e+00
      66495   2770.596   2634.000   2592.941     1.8765     1.8767  31.688721  31.689561     1.8421   59.87565  -39.61606     4.9560         80 0.0000e+00
      66591   2774.599   2636.000   2594.897     1.8633     1.8635  31.677966  31.678657     1.8423   59.87564  -39.61606     4.9560        108 0.0000e+00
      66740   2780.787   2638.000   2596.854     1.8556     1.8544  31.672176  31.671916     1.8424   59.87565  -39.61606     4.9560         91 0.0000e+00
      72934   3038.866   2640.000   2598.811     1.8301     1.8287  31.650396  31.649374     1.8434   59.87565  -39.61605     4.9560        119 0.0000e+00
