Example_Files/SBE_Processing_Files/Processed_SBE_cast_files/downcasts/dar69-01_013.cnv
* Sea-Bird SBE 9 Data File:
* FileName = D:\data\ar69-01_013.hex
* Software Version Seasave V 7.26.7.107
* Temperature SN = 4491
* Conductivity SN = 3009
* Number of Bytes Per Scan = 44
* Number of Voltage Words = 5
* Number of Scans Averaged by the Deck Unit = 1
* NMEA Latitude = 59 58.35 N
* NMEA Longitude = 039 30.42 W
* NMEA UTC (Time) = Jul 01 2022  16:41:48
** Cruise ID: AR69-01
** Chief Sci:
** Station #: 013
** Site ID: Irminger HYPM
# nquan = 14
# nvalues = 1320                        
# units = specified
# name 0 = scan: Scan Count
# name 1 = timeS: Time, Elapsed [seconds]
# name 2 = prDM: Pressure, Digiquartz [db]
# name 3 = depSM: Depth [salt water, m]
# name 4 = t090C: Temperature [ITS-90, deg C]
# name 5 = t190C: Temperature, 2 [ITS-90, deg C]
# name 6 = c0mS/cm: Conductivity [mS/cm]
# name 7 = c1mS/cm: Conductivity, 2 [mS/cm]
# name 8 = sbeox0V: Oxygen raw, SBE 43 [V]
# name 9 = latitude: Latitude [deg]
# name 10 = longitude: Longitude [deg]
# name 11 = v7: Voltage 7
# name 12 = nbin: number of scans per bin
# name 13 = flag: flag
# span 0 =       2520,      71633       
# span 1 =    104.965,   2984.679       
# span 2 =      4.000,   2642.000       
# span 3 =      3.963,   2600.748       
# span 4 =     1.6157,     7.0705       
# span 5 =     1.6157,     7.0705       
# span 6 =  31.461283,  35.143696       
# span 7 =  31.461942,  35.146484       
# span 8 =     1.8560,     2.8388       
# span 9 =   59.97192,   59.97244       
# span 10 =  -39.50690,  -39.50608      
# span 11 =     4.9560,     4.9573      
# span 12 =          1,        116      
# span 13 = 0.0000e+00, 0.0000e+00      
# interval = decibars: 2                
# start_time = Jul 01 2022 16:41:48 [NMEA time, first data scan]
# bad_flag = -9.990e-29
*END*
[from data line 1239]
      62891   2620.419   2482.000   2444.154     2.2091     2.2090  31.921476  31.922360     1.8803   59.97222  -39.50652     4.9560         57 0.0000e+00
      62947   2622.742   2484.000   2446.112     2.2049     2.2048  31.918566  31.919704     1.8795   59.97222  -39.50654     4.9560         46 0.0000e+00
      62987   2624.433   2486.000   2448.070     2.1987     2.1986  31.914049  31.914920     1.8792   59.97222  -39.50654     4.9560         41 0.0000e+00
      63031   2626.269   2488.000   2450.028     2.1943     2.1943  31.911048  31.912187     1.8790   59.97222  -39.50654     4.9560         46 0.0000e+00
      63077   2628.166   2490.000   2451.986     2.1883     2.1879  31.906628  31.907320     1.8790   59.97222  -39.50655     4.9560         45 0.0000e+00
      63125   2630.178   2492.000   2453.944     2.1836     2.1834  31.903405  31.904217     1.8787   59.97222  -39.50656     4.9560         53 0.0000e+00
      63182   2632.539   2494.000   2455.902     2.1818     2.1816  31.902554  31.903418     1.8787   59.97222  -39.50656     4.9560         56 0.0000e+00
      63230   2634.545   2496.000   2457.860     2.1793     2.1790  31.901172  31.901927     1.8786   59.97222  -39.50656     4.9560         42 0.0000e+00
      63271   2636.236   2498.000   2459.818     2.1762     2.1760  31.899239  31.899929     1.8783   59.97222  -39.50658     4.9560         42 0.0000e+00
      63319   2638.245   2500.000   2461.776     2.1694     2.1694  31.893959  31.895142     1.8773   59.97222  -39.50658     4.9562         56 0.0000e+00
      63374   2640.557   2502.000   2463.734     2.1608     2.1607  31.886911  31.888235     1.8766   59.97222  -39.50658     4.9563         49 0.0000e+00
      63417   2642.346   2504.000   2465.692     2.1444     2.1444  31.872492  31.873826     1.8766   59.97222  -39.50658     4.9560         40 0.0000e+00
      63459   2644.063   2506.000   2467.650     2.1392     2.1392  31.868729  31.869838     1.8765   59.97222  -39.50658     4.9560         43 0.0000e+00
      63504   2645.971   2508.000   2469.608     2.1340     2.1340  31.864958  31.866065     1.8761   59.97222  -39.50658     4.9560         50 0.0000e+00
      63559   2648.252   2510.000   2471.566     2.1279     2.1278  31.860534  31.861536     1.8752   59.97222  -39.50659     4.9560         54 0.0000e+00
      63606   2650.194   2512.000   2473.524     2.1211     2.1211  31.855555  31.856531     1.8746   59.97222  -39.50660     4.9560         40 0.0000e+00
      63645   2651.843   2514.000   2475.482     2.1131     2.1131  31.849063  31.850362     1.8744   59.97222  -39.50659     4.9560         43 0.0000e+00
      63695   2653.929   2516.000   2477.440     2.1034     2.1033  31.841305  31.842246     1.8740   59.97222  -39.50658     4.9560         58 0.0000e+00
      63753   2656.315   2518.000   2479.397     2.0951     2.0950  31.834773  31.835757     1.8736   59.97222  -39.50660     4.9560         52 0.0000e+00
      63799   2658.244   2520.000   2481.355     2.0909     2.0907  31.831758  31.832740     1.8730   59.97223  -39.50660     4.9560         42 0.0000e+00
      63841   2659.985   2522.000   2483.313     2.0853     2.0852  31.827606  31.828520     1.8727   59.97224  -39.50660     4.9560         43 0.0000e+00
      63886   2661.876   2524.000   2485.271     2.0798     2.0798  31.823346  31.824553     1.8725   59.97224  -39.50660     4.9560         49 0.0000e+00
      63942   2664.198   2526.000   2487.229     2.0710     2.0711  31.816251  31.817463     1.8722   59.97224  -39.50658     4.9560         69 0.0000e+00
      64034   2668.034   2528.000   2489.186     2.0611     2.0609  31.808089  31.809007     1.8723   59.97224  -39.50660     4.9560         80 0.0000e+00
      64110   2671.218   2530.000   2491.144     2.0524     2.0508  31.801279  31.801076     1.8723   59.97224  -39.50659     4.9560         71 0.0000e+00
      64212   2675.478   2532.000   2493.102     2.0372     2.0363  31.788085  31.788964     1.8726   59.97224  -39.50660     4.9560         52 0.0000e+00
      64303   2679.235   2534.000   2495.059     2.0266     2.0241  31.779205  31.778185     1.8731   59.97224  -39.50660     4.9560         71 0.0000e+00
      64385   2682.662   2536.000   2497.017     2.0143     2.0140  31.769608  31.770396     1.8737   59.97224  -39.50660     4.9560         71 0.0000e+00
      64500   2687.439   2538.000   2498.975     2.0120     2.0117  31.768756  31.769426     1.8733   59.97224  -39.50660     4.9560         78 0.0000e+00
      64577   2690.648   2540.000   2500.932     2.0080     2.0078  31.766182  31.767016     1.8728   59.97225  -39.50660     4.9560         90 0.0000e+00
      64682   2695.052   2542.000   2502.890     2.0028     2.0027  31.762308  31.763240     1.8723   59.97224  -39.50660     4.9560        106 0.0000e+00
      64765   2698.484   2544.000   2504.847     1.9926     1.9926  31.754127  31.755134     1.8723   59.97226  -39.50660     4.9560         65 0.0000e+00
      64886   2703.559   2546.000   2506.805     1.9908     1.9904  31.753309  31.754025     1.8717   59.97226  -39.50661     4.9560         63 0.0000e+00
      64939   2705.769   2548.000   2508.763     1.9820     1.9819  31.746477  31.747606     1.8714   59.97226  -39.50661     4.9560         47 0.0000e+00
      65066   2711.024   2550.000   2510.720     1.9812     1.9809  31.746470  31.747397     1.8709   59.97226  -39.50662     4.9560         49 0.0000e+00
      65136   2713.951   2552.000   2512.678     1.9771     1.9771  31.743762  31.744748     1.8705   59.97226  -39.50662     4.9560         60 0.0000e+00
      65252   2718.784   2554.000   2514.635     1.9756     1.9755  31.743149  31.744143     1.8698   59.97226  -39.50662     4.9560         46 0.0000e+00
      65332   2722.120   2556.000   2516.593     1.9734     1.9720  31.742035  31.741874     1.8695   59.97226  -39.50662     4.9560         74 0.0000e+00
      65442   2726.697   2558.000   2518.550     1.9631     1.9630  31.733819  31.734768     1.8693   59.97226  -39.50661     4.9560         53 0.0000e+00
      65520   2729.975   2560.000   2520.508     1.9586     1.9574  31.730595  31.730578     1.8689   59.97228  -39.50661     4.9560         73 0.0000e+00
      65614   2733.856   2562.000   2522.465     1.9486     1.9485  31.722607  31.723743     1.8688   59.97228  -39.50660     4.9560         51 0.0000e+00
      65720   2738.297   2564.000   2524.422     1.9447     1.9437  31.719909  31.720302     1.8678   59.97228  -39.50660     4.9560         64 0.0000e+00
      65796   2741.465   2566.000   2526.380     1.9348     1.9347  31.712136  31.713205     1.8676   59.97228  -39.50659     4.9560         66 0.0000e+00
      65927   2746.923   2568.000   2528.337     1.9326     1.9282  31.710838  31.708365     1.8669   59.97228  -39.50660     4.9560         52 0.0000e+00
      65972   2748.776   2570.000   2530.294     1.9203     1.9201  31.700922  31.701931     1.8671   59.97228  -39.50659     4.9560         55 0.0000e+00
      66109   2754.486   2572.000   2532.252     1.9146     1.9148  31.696608  31.698605     1.8666   59.97230  -39.50660     4.9560         41 0.0000e+00
      66173   2757.164   2574.000   2534.209     1.9048     1.9040  31.688970  31.689399     1.8667   59.97230  -39.50659     4.9560         61 0.0000e+00
      66289   2762.020   2576.000   2536.167     1.8972     1.8968  31.682883  31.684012     1.8661   59.97230  -39.50660     4.9560         44 0.0000e+00
      66364   2765.111   2578.000   2538.124     1.8918     1.8910  31.679107  31.679456     1.8659   59.97230  -39.50659     4.9560         71 0.0000e+00
      66472   2769.638   2580.000   2540.081     1.8824     1.8822  31.671908  31.672921     1.8653   59.97230  -39.50660     4.9560         61 0.0000e+00
      66557   2773.172   2582.000   2542.038     1.8676     1.8656  31.659304  31.658892     1.8654   59.97230  -39.50659     4.9560         82 0.0000e+00
      66663   2777.579   2584.000   2543.996     1.8545     1.8543  31.648695  31.649489     1.8652   59.97230  -39.50660     4.9560         56 0.0000e+00
      66743   2780.934   2586.000   2545.953     1.8519     1.8520  31.647230  31.648184     1.8650   59.97230  -39.50660     4.9560        108 0.0000e+00
      66845   2785.156   2588.000   2547.910     1.8410     1.8409  31.638386  31.639399     1.8645   59.97230  -39.50660     4.9560        101 0.0000e+00
      66942   2789.206   2590.000   2549.867     1.8230     1.8228  31.623232  31.624411     1.8641   59.97230  -39.50660     4.9560         82 0.0000e+00
      67028   2792.773   2592.000   2551.824     1.8135     1.8135  31.615634  31.616656     1.8639   59.97230  -39.50660     4.9560         94 0.0000e+00
      67127   2796.933   2594.000   2553.781     1.8102     1.8100  31.613619  31.614320     1.8634   59.97230  -39.50661     4.9560         98 0.0000e+00
      67220   2800.798   2596.000   2555.738     1.8055     1.8054  31.610281  31.611277     1.8632   59.97230  -39.50662     4.9560         71 0.0000e+00
      67328   2805.297   2598.000   2557.696     1.7976     1.7970  31.604056  31.604846     1.8627   59.97230  -39.50662     4.9560         42 0.0000e+00
      67397   2808.147   2600.000   2559.653     1.7911     1.7897  31.599114  31.598927     1.8629   59.97230  -39.50662     4.9560         69 0.0000e+00
      67515   2813.087   2602.000   2561.610     1.7839     1.7842  31.593535  31.594746     1.8628   59.97230  -39.50664     4.9560         80 0.0000e+00
      67585   2815.993   2604.000   2563.567     1.7816     1.7815  31.592422  31.593215     1.8628   59.97230  -39.50664     4.9560         66 0.0000e+00
      67702   2820.895   2606.000   2565.524     1.7758     1.7745  31.587958  31.588050     1.8621   59.97230  -39.50664     4.9560         66 0.0000e+00
      67786   2824.371   2608.000   2567.481     1.7598     1.7597  31.574928  31.575800     1.8620   59.97230  -39.50664     4.9560        105 0.0000e+00
      67879   2828.248   2610.000   2569.438     1.7519     1.7523  31.568965  31.570391     1.8618   59.97230  -39.50664     4.9560         60 0.0000e+00
      67972   2832.121   2612.000   2571.395     1.7478     1.7465  31.566225  31.566227     1.8611   59.97230  -39.50665     4.9560         73 0.0000e+00
      68056   2835.619   2614.000   2573.352     1.7337     1.7338  31.554760  31.555929     1.8609   59.97230  -39.50665     4.9560         60 0.0000e+00
      68184   2840.944   2616.000   2575.309     1.7322     1.7308  31.554202  31.554097     1.8607   59.97230  -39.50665     4.9560         58 0.0000e+00
      68254   2843.864   2618.000   2577.266     1.7276     1.7272  31.551096  31.551717     1.8606   59.97231  -39.50665     4.9560         70 0.0000e+00
      68455   2852.249   2620.000   2579.223     1.7248     1.7229  31.549481  31.548833     1.8603   59.97232  -39.50665     4.9560         74 0.0000e+00
      69725   2905.187   2622.000   2581.180     1.7172     1.7137  31.543254  31.541405     1.8596   59.97236  -39.50663     4.9560        109 0.0000e+00
      70105   2920.986   2624.000   2583.136     1.6935     1.6932  31.523469  31.524314     1.8581   59.97238  -39.50664     4.9560         98 0.0000e+00
      70196   2924.785   2626.000   2585.093     1.6721     1.6723  31.505286  31.506623     1.8575   59.97238  -39.50664     4.9560         64 0.0000e+00
      70265   2927.648   2628.000   2587.050     1.6562     1.6566  31.492062  31.493631     1.8572   59.97238  -39.50666     4.9560         67 0.0000e+00
      70328   2930.284   2630.000   2589.007     1.6408     1.6409  31.479406  31.480491     1.8573   59.97237  -39.50666     4.9560         72 0.0000e+00
      70437   2934.851   2632.000   2590.964     1.6349     1.6350  31.474982  31.476036     1.8569   59.97238  -39.50668     4.9560         85 0.0000e+00
      70513   2938.015   2634.000   2592.921     1.6264     1.6269  31.468383  31.469700     1.8567   59.97236  -39.50669     4.9560         70 0.0000e+00
      70597   2941.505   2636.000   2594.877     1.6226     1.6224  31.465802  31.466453     1.8566   59.97236  -39.50670     4.9560        104 0.0000e+00
      70697   2945.652   2638.000   2596.834     1.6191     1.6191  31.463576  31.464320     1.8561   59.97236  -39.50672     4.9560         84 0.0000e+00
      70785   2949.327   2640.000   2598.791     1.6157     1.6157  31.461283  31.461942     1.8560   59.97236  -39.50674     4.9560        104 0.0000e+00
      71633   2984.679   2642.000   2600.748     1.6180     1.6175  31.463973  31.464424     1.8566   59.97239  -39.50675     4.9560        116 0.0000e+00
