Example_Files/SBE_Processing_Files/Processed_SBE_cast_files/downcasts/dar69-01_019.cnv
* Sea-Bird SBE 9 Data File:
* FileName = D:\data\ar69-01_019.hex
* Software Version Seasave V 7.26.7.107
* Temperature SN = 4491
* Conductivity SN = 3009
* Number of Bytes Per Scan = 44
* Number of Voltage Words = 5
* Number of Scans Averaged by the Deck Unit = 1
* NMEA Latitude = 59 46.49 N
* NMEA Longitude = 039 54.39 W
* NMEA UTC (Time) = Jul 05 2022  21:23:04
** Cruise ID: AR69-01
** Chief Sci:
** Station #: 019
** Site ID: FLMA
# nquan = 14
# nvalues = 1313                        
# units = specified
# name 0 = scan: Scan Count
# name 1 = timeS: Time, Elapsed [seconds]
# name 2 = prDM: Pressure, Digiquartz [db]
# name 3 = depSM: Depth [salt water, m]
# name 4 = t090C: Temperature [ITS-90, deg C]
# name 5 = t190C: Temperature, 2 [ITS-90, deg C]
# name 6 = c0mS/cm: Conductivity [mS/cm]
# name 7 = c1mS/cm: Conductivity, 2 [mS/cm]
# name 8 = sbeox0V: Oxygen raw, SBE 43 [V]
# name 9 = latitude: Latitude [deg]
# name 10 = longitude: Longitude [deg]
# name 11 = v7: Voltage 7
# name 12 = nbin: number of scans per bin
# name 13 = flag: flag
# span 0 =       1033,      69011       
# span 1 =     42.987,   2875.412       
# span 2 =      4.000,   2628.000       
# span 3 =      3.962,   2587.091       
# span 4 =     1.9471,     7.6443       
# span 5 =     1.9437,     7.6403       
# span 6 =  31.749217,  35.645356       
# span 7 =  31.746680,  35.646693       
# span 8 =     1.8368,     2.8533       
# span 9 =   59.77486,   59.77490       
# span 10 =  -39.90656,  -39.90650      
# span 11 =     4.9560,     4.9573      
# span 12 =          1,        119      
# span 13 = 0.0000e+00, 0.0000e+00      
# interval = decibars: 2                
# start_time = Jul 05 2022 21:23:05 [NMEA time, first data scan]
# bad_flag = -9.990e-29
*END*
[from data line 104]
       8545    355.981    212.000    209.897     3.9028     3.9027  32.460687  32.462504     2.4797   59.77488  -39.90652     4.9573         59 0.0000e+00
       8589    357.847    214.000    211.876     3.9039     3.9034  32.463043  32.464470     2.4761   59.77488  -39.90653     4.9573         35 0.0000e+00
       8623    359.258    216.000    213.856     3.9094     3.9092  32.469999  32.470963     2.4739   59.77488  -39.90654     4.9573         37 0.0000e+00
       8677    361.504    218.000    215.835     3.9196     3.9194  32.481105  32.482582     2.4708   59.77488  -39.90653     4.9573         73 0.0000e+00
       8743    364.236    220.000    217.814     3.9173     3.9168  32.479946  32.481691     2.4677   59.77488  -39.90652     4.9573         47 0.0000e+00
       8779    365.750    222.000    219.793     3.9106     3.9102  32.474912  32.476598     2.4676   59.77488  -39.90654     4.9573         33 0.0000e+00
       8815    367.270    224.000    221.772     3.9057     3.9053  32.471275  32.473026     2.4671   59.77488  -39.90654     4.9573         43 0.0000e+00
       8874    369.693    226.000    223.751     3.8991     3.8988  32.465997  32.467669     2.4653   59.77488  -39.90652     4.9573         69 0.0000e+00
       8931    372.071    228.000    225.730     3.8960     3.8955  32.464449  32.465734     2.4641   59.77488  -39.90653     4.9573         42 0.0000e+00
       8967    373.583    230.000    227.709     3.8956     3.8950  32.464920  32.466306     2.4641   59.77488  -39.90654     4.9573         35 0.0000e+00
       9005    375.151    232.000    229.688     3.8938     3.8934  32.464141  32.465758     2.4638   59.77488  -39.90653     4.9573         44 0.0000e+00
       9061    377.506    234.000    231.667     3.8907     3.8902  32.462178  32.463629     2.4639   59.77488  -39.90652     4.9573         64 0.0000e+00
       9117    379.827    236.000    233.646     3.8858     3.8855  32.458167  32.460114     2.4651   59.77489  -39.90652     4.9573         45 0.0000e+00
       9157    381.515    238.000    235.625     3.8764     3.8759  32.450130  32.451771     2.4662   59.77490  -39.90652     4.9573         40 0.0000e+00
       9201    383.317    240.000    237.603     3.8691     3.8685  32.444164  32.445741     2.4665   59.77490  -39.90652     4.9573         50 0.0000e+00
       9256    385.619    242.000    239.582     3.8602     3.8596  32.436536  32.438025     2.4666   59.77490  -39.90652     4.9573         53 0.0000e+00
       9305    387.678    244.000    241.561     3.8587     3.8583  32.436351  32.437733     2.4660   59.77490  -39.90652     4.9573         51 0.0000e+00
       9354    389.724    246.000    243.540     3.8583     3.8578  32.436983  32.438306     2.4659   59.77490  -39.90652     4.9573         43 0.0000e+00
       9394    391.396    248.000    245.519     3.8543     3.8541  32.433911  32.436100     2.4671   59.77490  -39.90652     4.9573         41 0.0000e+00
       9441    393.344    250.000    247.497     3.8403     3.8401  32.421844  32.423777     2.4683   59.77490  -39.90652     4.9573         53 0.0000e+00
       9492    395.462    252.000    249.477     3.8354     3.8349  32.418253  32.419653     2.4685   59.77490  -39.90652     4.9573         46 0.0000e+00
       9538    397.378    254.000    251.455     3.8340     3.8334  32.417928  32.419201     2.4683   59.77490  -39.90652     4.9573         47 0.0000e+00
       9585    399.339    256.000    253.434     3.8327     3.8322  32.417636  32.419073     2.4677   59.77490  -39.90652     4.9573         48 0.0000e+00
       9636    401.444    258.000    255.412     3.8316     3.8313  32.417592  32.419096     2.4683   59.77490  -39.90652     4.9573         51 0.0000e+00
       9684    403.453    260.000    257.391     3.8223     3.8221  32.409849  32.411857     2.4679   59.77490  -39.90652     4.9573         48 0.0000e+00
       9735    405.595    262.000    259.369     3.8196     3.8191  32.408476  32.409810     2.4671   59.77490  -39.90652     4.9573         51 0.0000e+00
       9780    407.446    264.000    261.348     3.8170     3.8164  32.407217  32.408564     2.4670   59.77490  -39.90652     4.9573         39 0.0000e+00
       9821    409.149    266.000    263.327     3.8157     3.8152  32.407121  32.408539     2.4665   59.77490  -39.90652     4.9573         47 0.0000e+00
       9876    411.439    268.000    265.306     3.8148     3.8144  32.407364  32.408822     2.4648   59.77490  -39.90651     4.9573         56 0.0000e+00
       9922    413.381    270.000    267.284     3.8143     3.8138  32.407965  32.409260     2.4641   59.77490  -39.90652     4.9573         41 0.0000e+00
       9963    415.104    272.000    269.263     3.8140     3.8135  32.408689  32.409990     2.4625   59.77490  -39.90652     4.9573         45 0.0000e+00
      10020    417.465    274.000    271.241     3.8108     3.8102  32.406853  32.408188     2.4608   59.77490  -39.90651     4.9573         63 0.0000e+00
      10070    419.549    276.000    273.220     3.8072     3.8067  32.404603  32.405963     2.4595   59.77490  -39.90652     4.9573         35 0.0000e+00
      10101    420.833    278.000    275.199     3.8066     3.8061  32.405115  32.406467     2.4592   59.77490  -39.90652     4.9573         32 0.0000e+00
      10159    423.251    280.000    277.177     3.8055     3.8048  32.404934  32.406063     2.4571   59.77490  -39.90651     4.9573         80 0.0000e+00
      10220    425.797    282.000    279.156     3.8028     3.8024  32.403432  32.404884     2.4555   59.77490  -39.90651     4.9573         34 0.0000e+00
      10250    427.060    284.000    281.134     3.7999     3.7986  32.401513  32.402277     2.4549   59.77490  -39.90652     4.9573         32 0.0000e+00
      10295    428.908    286.000    283.113     3.7959     3.7953  32.398848  32.400164     2.4540   59.77490  -39.90652     4.9573         60 0.0000e+00
      10355    431.405    288.000    285.091     3.7933     3.7928  32.397418  32.398774     2.4530   59.77490  -39.90652     4.9573         51 0.0000e+00
      10400    433.295    290.000    287.069     3.7910     3.7906  32.396303  32.397733     2.4519   59.77490  -39.90652     4.9573         44 0.0000e+00
      10445    435.156    292.000    289.048     3.7891     3.7887  32.395475  32.396879     2.4510   59.77489  -39.90652     4.9573         44 0.0000e+00
      10486    436.882    294.000    291.026     3.7862     3.7859  32.393712  32.395283     2.4489   59.77490  -39.90652     4.9573         41 0.0000e+00
      10534    438.885    296.000    293.005     3.7787     3.7784  32.387510  32.389188     2.4473   59.77490  -39.90651     4.9573         56 0.0000e+00
      10590    441.200    298.000    294.983     3.7746     3.7740  32.384503  32.385772     2.4452   59.77490  -39.90651     4.9573         49 0.0000e+00
      10635    443.073    300.000    296.961     3.7721     3.7717  32.383301  32.384662     2.4429   59.77490  -39.90652     4.9573         44 0.0000e+00
      10678    444.895    302.000    298.940     3.7726     3.7722  32.384959  32.386288     2.4397   59.77490  -39.90652     4.9573         44 0.0000e+00
      10728    446.975    304.000    300.918     3.7737     3.7731  32.387287  32.388529     2.4360   59.77490  -39.90650     4.9570         61 0.0000e+00
      10791    449.580    306.000    302.896     3.7763     3.7758  32.391209  32.392301     2.4329   59.77488  -39.90652     4.9570         49 0.0000e+00
      10826    451.025    308.000    304.875     3.7779     3.7775  32.394016  32.395149     2.4309   59.77488  -39.90652     4.9573         30 0.0000e+00
      10860    452.458    310.000    306.853     3.7798     3.7794  32.396899  32.398096     2.4268   59.77490  -39.90652     4.9573         46 0.0000e+00
      10926    455.216    312.000    308.831     3.7874     3.7869  32.405846  32.406354     2.4131   59.77489  -39.90652     4.9571         62 0.0000e+00
      10965    456.820    314.000    310.809     3.8090     3.8087  32.429405  32.430494     2.4061   59.77488  -39.90652     4.9570         33 0.0000e+00
      11007    458.595    316.000    312.787     3.8138     3.8132  32.435209  32.436231     2.4009   59.77488  -39.90652     4.9571         57 0.0000e+00
      11071    461.232    318.000    314.765     3.8144     3.8140  32.436700  32.438056     2.3980   59.77488  -39.90652     4.9570         56 0.0000e+00
      11111    462.931    320.000    316.743     3.8127     3.8124  32.435960  32.437592     2.3997   59.77488  -39.90652     4.9569         33 0.0000e+00
      11147    464.407    322.000    318.721     3.8032     3.8030  32.427406  32.429409     2.4008   59.77488  -39.90652     4.9570         44 0.0000e+00
      11207    466.913    324.000    320.699     3.7934     3.7929  32.418763  32.420201     2.4037   59.77488  -39.90652     4.9572         64 0.0000e+00
      11258    469.026    326.000    322.677     3.7826     3.7819  32.409011  32.410175     2.4058   59.77488  -39.90652     4.9573         44 0.0000e+00
      11300    470.807    328.000    324.656     3.7808     3.7803  32.408238  32.409494     2.4076   59.77488  -39.90652     4.9573         40 0.0000e+00
      11339    472.413    330.000    326.634     3.7748     3.7743  32.403089  32.404659     2.4066   59.77488  -39.90652     4.9573         42 0.0000e+00
      11393    474.654    332.000    328.612     3.7774     3.7765  32.407064  32.407608     2.4043   59.77488  -39.90652     4.9572         61 0.0000e+00
      11445    476.829    334.000    330.590     3.7820     3.7815  32.412644  32.413845     2.4041   59.77488  -39.90652     4.9571         44 0.0000e+00
      11490    478.693    336.000    332.568     3.7767     3.7746  32.408111  32.407985     2.4041   59.77488  -39.90652     4.9569         47 0.0000e+00
      11535    480.594    338.000    334.546     3.7742     3.7738  32.406726  32.408056     2.4050   59.77488  -39.90654     4.9570         41 0.0000e+00
      11575    482.238    340.000    336.524     3.7668     3.7667  32.400472  32.402566     2.4063   59.77488  -39.90654     4.9570         42 0.0000e+00
      11627    484.415    342.000    338.502     3.7584     3.7555  32.393323  32.392312     2.4093   59.77488  -39.90652     4.9571         66 0.0000e+00
      11692    487.120    344.000    340.480     3.7454     3.7453  32.381301  32.383269     2.4127   59.77488  -39.90654     4.9570         51 0.0000e+00
      11731    488.750    346.000    342.457     3.7413     3.7413  32.378592  32.380331     2.4134   59.77488  -39.90653     4.9570         35 0.0000e+00
      11768    490.284    348.000    344.435     3.7384     3.7373  32.376601  32.377420     2.4148   59.77488  -39.90652     4.9570         42 0.0000e+00
      11819    492.406    350.000    346.413     3.7367     3.7368  32.376076  32.378097     2.4188   59.77488  -39.90653     4.9570         57 0.0000e+00
      11871    494.600    352.000    348.391     3.7258     3.7255  32.366214  32.368015     2.4236   59.77488  -39.90654     4.9570         44 0.0000e+00
      11910    496.228    354.000    350.369     3.7148     3.7144  32.356281  32.357905     2.4229   59.77488  -39.90654     4.9569         40 0.0000e+00
      11960    498.298    356.000    352.346     3.7223     3.7221  32.365185  32.366348     2.4190   59.77487  -39.90653     4.9570         59 0.0000e+00
      12014    500.534    358.000    354.324     3.7304     3.7299  32.374536  32.375672     2.4155   59.77486  -39.90652     4.9569         42 0.0000e+00
      12054    502.192    360.000    356.302     3.7280     3.7270  32.373192  32.374057     2.4152   59.77487  -39.90652     4.9570         46 0.0000e+00
      12111    504.577    362.000    358.280     3.7221     3.7217  32.368246  32.369765     2.4147   59.77486  -39.90654     4.9571         59 0.0000e+00
      12157    506.497    364.000    360.257     3.7187     3.7190  32.365948  32.367975     2.4137   59.77486  -39.90652     4.9569         38 0.0000e+00
      12196    508.139    366.000    362.235     3.7180     3.7172  32.366107  32.367266     2.4140   59.77486  -39.90652     4.9570         46 0.0000e+00
      12253    510.494    368.000    364.213     3.7144     3.7138  32.363401  32.364702     2.4152   59.77486  -39.90652     4.9570         59 0.0000e+00
      12302    512.531    370.000    366.190     3.7086     3.7083  32.358658  32.360260     2.4159   59.77486  -39.90652     4.9569         40 0.0000e+00
      12339    514.063    372.000    368.168     3.7058     3.7054  32.356696  32.358188     2.4173   59.77486  -39.90652     4.9570         37 0.0000e+00
      12386    516.062    374.000    370.146     3.7006     3.7005  32.352421  32.354219     2.4188   59.77486  -39.90652     4.9570         63 0.0000e+00
      12446    518.537    376.000    372.123     3.6925     3.6921  32.345463  32.346957     2.4210   59.77486  -39.90652     4.9568         45 0.0000e+00
      12482    520.035    378.000    374.101     3.6899     3.6894  32.343773  32.345266     2.4221   59.77486  -39.90652     4.9569         34 0.0000e+00
      12528    521.964    380.000    376.078     3.6865     3.6861  32.341435  32.342814     2.4221   59.77486  -39.90652     4.9569         62 0.0000e+00
      12589    524.497    382.000    378.056     3.6856     3.6852  32.341459  32.342740     2.4225   59.77486  -39.90652     4.9569         49 0.0000e+00
      12630    526.215    384.000    380.033     3.6846     3.6841  32.341540  32.342734     2.4216   59.77486  -39.90652     4.9569         40 0.0000e+00
      12675    528.098    386.000    382.011     3.6857     3.6855  32.343602  32.345022     2.4213   59.77486  -39.90652     4.9569         50 0.0000e+00
      12724    530.142    388.000    383.988     3.6846     3.6840  32.343510  32.344778     2.4225   59.77486  -39.90652     4.9569         49 0.0000e+00
      12774    532.203    390.000    385.966     3.6777     3.6778  32.337735  32.339733     2.4237   59.77486  -39.90652     4.9569         47 0.0000e+00
      12818    534.059    392.000    387.943     3.6717     3.6717  32.332867  32.334774     2.4247   59.77486  -39.90652     4.9568         44 0.0000e+00
      12868    536.131    394.000    389.921     3.6649     3.6644  32.327153  32.328525     2.4254   59.77486  -39.90652     4.9568         56 0.0000e+00
      12918    538.227    396.000    391.898     3.6588     3.6583  32.322341  32.323686     2.4252   59.77486  -39.90652     4.9568         42 0.0000e+00
      12960    539.965    398.000    393.875     3.6559     3.6556  32.320495  32.322048     2.4244   59.77486  -39.90652     4.9568         46 0.0000e+00
      13011    542.087    400.000    395.853     3.6544     3.6539  32.320067  32.321361     2.4247   59.77486  -39.90652     4.9568         51 0.0000e+00
      13058    544.039    402.000    397.830     3.6528     3.6523  32.319685  32.320932     2.4247   59.77486  -39.90652     4.9569         46 0.0000e+00
      13109    546.183    404.000    399.808     3.6522     3.6519  32.320015  32.321330     2.4250   59.77486  -39.90652     4.9568         56 0.0000e+00
      13162    548.359    406.000    401.785     3.6535     3.6529  32.322133  32.323268     2.4243   59.77486  -39.90652     4.9569         45 0.0000e+00
      13204    550.112    408.000    403.762     3.6525     3.6520  32.322227  32.323400     2.4230   59.77486  -39.90652     4.9569         43 0.0000e+00
      13250    552.056    410.000    405.739     3.6536     3.6529  32.324267  32.325333     2.4217   59.77486  -39.90652     4.9568         51 0.0000e+00
      13301    554.160    412.000    407.717     3.6534     3.6527  32.325274  32.326284     2.4197   59.77486  -39.90652     4.9568         47 0.0000e+00
      13346    556.032    414.000    409.694     3.6521     3.6517  32.325402  32.326636     2.4182   59.77486  -39.90652     4.9570         45 0.0000e+00
