Example_Files/SBE_Processing_Files/Processed_SBE_cast_files/downcasts/dar69-01_010.cnv
* Sea-Bird SBE 9 Data File:
* FileName = D:\data\ar69-01_010.hex
* Software Version Seasave V 7.26.7.107
* Temperature SN = 4491
* Conductivity SN = 3009
* Number of Bytes Per Scan = 44
* Number of Voltage Words = 5
* Number of Scans Averaged by the Deck Unit = 1
* NMEA Latitude = 59 48.41 N
* NMEA Longitude = 040 16.60 W
* NMEA UTC (Time) = Jun 29 2022  14:57:01
** Cruise ID: AR69-01
** Chief Sci:
** Station #: 010
** Site ID: M3
# nquan = 14
# nvalues = 1295                        
# units = specified
# name 0 = scan: Scan Count
# name 1 = timeS: Time, Elapsed [seconds]
# name 2 = prDM: Pressure, Digiquartz [db]
# name 3 = depSM: Depth [salt water, m]
# name 4 = t090C: Temperature [ITS-90, deg C]
# name 5 = t190C: Temperature, 2 [ITS-90, deg C]
# name 6 = c0mS/cm: Conductivity [mS/cm]
# name 7 = c1mS/cm: Conductivity, 2 [mS/cm]
# name 8 = sbeox0V: Oxygen raw, SBE 43 [V]
# name 9 = latitude: Latitude [deg]
# name 10 = longitude: Longitude [deg]
# name 11 = v7: Voltage 7
# name 12 = nbin: number of scans per bin
# name 13 = flag: flag
# span 0 =       1056,      73756       
# span 1 =     43.964,   3073.139       
# span 2 =      4.000,   2592.000       
# span 3 =      3.962,   2551.858       
# span 4 =     1.4946,     6.9179       
# span 5 =     1.4946,     6.9160       
# span 6 =  31.323694,  35.014143       
# span 7 =  31.324611,  35.014686       
# span 8 =     1.8623,     2.8200       
# span 9 =   59.80674,   59.80680       
# span 10 =  -40.27674,  -40.27666      
# span 11 =     4.9560,     4.9573      
# span 12 =          6,        121      
# span 13 = 0.0000e+00, 0.0000e+00      
# interval = decibars: 2                
# start_time = Jun 29 2022 14:57:01 [NMEA time, first data scan]
# bad_flag = -9.990e-29
*END*
       1056     43.964      4.000      3.962     6.9179     6.9160  35.014143  35.014686     2.8102   59.80675  -40.27672     4.9573          6 0.0000e+00
       1147     47.763      6.000      5.944     6.8929     6.8896  35.001486  35.002706     2.8126   59.80678  -40.27672     4.9573         90 0.0000e+00
       1224     50.944      8.000      7.924     6.8740     6.8647  34.994176  34.992592     2.8150   59.80677  -40.27670     4.9573         71 0.0000e+00
       1341     55.817     10.000      9.906     6.8518     6.8493  34.985612  34.986703     2.8200   59.80678  -40.27672     4.9573        107 0.0000e+00
       1438     59.881     12.000     11.887     6.8596     6.8532  34.990463  34.988889     2.8179   59.80678  -40.27672     4.9573         76 0.0000e+00
       1531     63.732     14.000     13.868     6.8494     6.8453  34.987598  34.988560     2.8182   59.80678  -40.27671     4.9573        121 0.0000e+00
       1632     67.952     16.000     15.849     6.8309     6.8292  34.977687  34.978686     2.8181   59.80678  -40.27672     4.9573         63 0.0000e+00
       1720     71.636     18.000     17.830     6.8170     6.8163  34.967632  34.969601     2.8155   59.80678  -40.27672     4.9573        119 0.0000e+00
       1812     75.468     20.000     19.811     6.8010     6.8006  34.956244  34.959061     2.8122   59.80678  -40.27672     4.9573         66 0.0000e+00
       1905     79.347     22.000     21.792     6.7783     6.7781  34.938956  34.941471     2.8115   59.80678  -40.27672     4.9573         95 0.0000e+00
       2003     83.431     24.000     23.773     6.7640     6.7632  34.928546  34.930674     2.8085   59.80678  -40.27671     4.9573         99 0.0000e+00
       2090     87.046     26.000     25.754     6.7458     6.7449  34.913963  34.915773     2.8039   59.80678  -40.27672     4.9573         69 0.0000e+00
       2191     91.239     28.000     27.735     6.7446     6.7434  34.915796  34.916609     2.8040   59.80678  -40.27671     4.9573         75 0.0000e+00
       2280     94.948     30.000     29.715     6.7454     6.7442  34.919886  34.921052     2.8031   59.80678  -40.27672     4.9573         57 0.0000e+00
       2355     98.066     32.000     31.696     6.7451     6.7444  34.923496  34.925223     2.8018   59.80678  -40.27670     4.9573         94 0.0000e+00
       2494    103.859     34.000     33.677     6.7461     6.7451  34.926072  34.928093     2.7909   59.80678  -40.27672     4.9573         53 0.0000e+00
       2543    105.918     36.000     35.658     6.7362     6.7355  34.920526  34.922904     2.7781   59.80678  -40.27670     4.9573         69 0.0000e+00
       2658    110.689     38.000     37.639     6.7299     6.7290  34.917768  34.919144     2.7735   59.80677  -40.27670     4.9573         97 0.0000e+00
       2756    114.812     40.000     39.620     6.7353     6.7327  34.926609  34.925945     2.7725   59.80678  -40.27670     4.9573         39 0.0000e+00
       2820    117.474     42.000     41.600     6.7106     6.7114  34.900428  34.905673     2.7711   59.80678  -40.27670     4.9573         58 0.0000e+00
       2948    122.793     44.000     43.581     6.6624     6.6673  34.852966  34.868016     2.7522   59.80678  -40.27672     4.9573         38 0.0000e+00
       2987    124.403     46.000     45.562     6.4440     6.4437  34.660315  34.668060     2.7548   59.80678  -40.27670     4.9573         49 0.0000e+00
       3137    130.671     48.000     47.543     6.4763     6.4581  34.688020  34.683915     2.7266   59.80678  -40.27672     4.9573         35 0.0000e+00
       3176    132.296     50.000     49.523     6.3061     6.3044  34.539947  34.547227     2.7266   59.80678  -40.27671     4.9573         45 0.0000e+00
       3342    139.197     52.000     51.504     6.4208     6.4316  34.642087  34.662967     2.6966   59.80678  -40.27672     4.9573         49 0.0000e+00
       3390    141.188     54.000     53.485     6.0373     6.0389  34.308483  34.318518     2.6935   59.80678  -40.27672     4.9573         32 0.0000e+00
       3477    144.840     56.000     55.465     5.9662     5.9774  34.242305  34.268710     2.6735   59.80678  -40.27670     4.9573         56 0.0000e+00
       3590    149.545     58.000     57.446     5.6759     5.7194  33.983917  34.050074     2.6357   59.80678  -40.27672     4.9573         38 0.0000e+00
       3667    152.750     60.000     59.427     5.5008     5.5123  33.845334  33.861995     2.6321   59.80678  -40.27670     4.9573         71 0.0000e+00
       3800    158.282     62.000     61.407     5.5061     5.4934  33.859441  33.854804     2.6081   59.80680  -40.27672     4.9573         39 0.0000e+00
       3835    159.762     64.000     63.387     5.4604     5.4593  33.837764  33.839738     2.6053   59.80678  -40.27671     4.9573         52 0.0000e+00
       3975    165.574     66.000     65.368     5.4146     5.4292  33.798996  33.816503     2.5910   59.80679  -40.27671     4.9573         87 0.0000e+00
       4050    168.697     68.000     67.349     5.2562     5.2558  33.647672  33.651093     2.5935   59.80678  -40.27671     4.9573         71 0.0000e+00
       4130    172.032     70.000     69.329     5.2004     5.2006  33.594024  33.598242     2.5939   59.80678  -40.27670     4.9573        103 0.0000e+00
       4247    176.914     72.000     71.310     5.1519     5.1512  33.551404  33.553046     2.5851   59.80678  -40.27671     4.9573        103 0.0000e+00
       4320    179.941     74.000     73.290     5.1474     5.1469  33.552138  33.554608     2.5819   59.80678  -40.27670     4.9573         68 0.0000e+00
       4420    184.125     76.000     75.271     5.1369     5.1362  33.543885  33.545865     2.5786   59.80678  -40.27670     4.9573        118 0.0000e+00
       4526    188.549     78.000     77.251     5.1243     5.1234  33.533007  33.534901     2.5734   59.80678  -40.27671     4.9573         89 0.0000e+00
       4608    191.969     80.000     79.232     5.1012     5.1007  33.512062  33.514578     2.5714   59.80678  -40.27670     4.9573         89 0.0000e+00
       4713    196.315     82.000     81.212     5.0765     5.0764  33.491520  33.494207     2.5665   59.80678  -40.27670     4.9573        100 0.0000e+00
       4804    200.105     84.000     83.192     5.0777     5.0773  33.496135  33.497987     2.5632   59.80677  -40.27671     4.9573        106 0.0000e+00
       4907    204.409     86.000     85.173     5.0813     5.0805  33.502598  33.504268     2.5593   59.80677  -40.27670     4.9573         78 0.0000e+00
       4986    207.694     88.000     87.153     5.0628     5.0609  33.486502  33.487775     2.5568   59.80676  -40.27670     4.9573         76 0.0000e+00
       5108    212.799     90.000     89.133     5.0445     5.0420  33.466991  33.469794     2.5522   59.80676  -40.27670     4.9573         56 0.0000e+00
       5183    215.911     92.000     91.114     5.0095     5.0079  33.435126  33.436356     2.5509   59.80676  -40.27670     4.9573         84 0.0000e+00
       5284    220.128     94.000     93.094     4.9393     4.9387  33.364094  33.368853     2.5549   59.80676  -40.27670     4.9573         84 0.0000e+00
       5376    223.939     96.000     95.074     4.8961     4.8951  33.323581  33.325483     2.5545   59.80676  -40.27670     4.9573         99 0.0000e+00
       5484    228.455     98.000     97.054     4.8950     4.8956  33.325659  33.328817     2.5514   59.80676  -40.27670     4.9573         93 0.0000e+00
       5566    231.892    100.000     99.035     4.8914     4.8908  33.324301  33.326274     2.5511   59.80677  -40.27669     4.9573         73 0.0000e+00
       5692    237.127    102.000    101.015     4.8912     4.8905  33.325283  33.327152     2.5479   59.80676  -40.27670     4.9573         78 0.0000e+00
       5782    240.864    104.000    102.995     4.8895     4.8889  33.325072  33.327041     2.5478   59.80676  -40.27670     4.9573         78 0.0000e+00
       6033    251.333    106.000    104.975     4.8913     4.8903  33.327825  33.329562     2.5457   59.80676  -40.27670     4.9573         65 0.0000e+00
       6166    256.855    108.000    106.956     4.9079     4.9103  33.348360  33.352260     2.5400   59.80676  -40.27670     4.9573         36 0.0000e+00
       6199    258.268    110.000    108.936     4.9047     4.9024  33.348603  33.348578     2.5376   59.80676  -40.27669     4.9573         38 0.0000e+00
       6276    261.458    112.000    110.916     4.9030     4.9035  33.347785  33.350997     2.5308   59.80676  -40.27669     4.9573         67 0.0000e+00
       6340    264.131    114.000    112.896     4.9060     4.9053  33.355727  33.356370     2.5252   59.80676  -40.27670     4.9573         39 0.0000e+00
       6378    265.701    116.000    114.876     4.9006     4.9007  33.352061  33.355114     2.5231   59.80676  -40.27671     4.9573         37 0.0000e+00
       6413    267.174    118.000    116.856     4.8943     4.8938  33.347161  33.349662     2.5211   59.80676  -40.27670     4.9573         34 0.0000e+00
       6453    268.834    120.000    118.836     4.8832     4.8825  33.337355  33.339454     2.5192   59.80676  -40.27669     4.9573         51 0.0000e+00
       6525    271.840    122.000    120.816     4.8650     4.8650  33.319731  33.323096     2.5160   59.80676  -40.27669     4.9573         76 0.0000e+00
       6577    273.988    124.000    122.796     4.8300     4.8289  33.285141  33.288215     2.5182   59.80676  -40.27672     4.9573         35 0.0000e+00
       6609    275.343    126.000    124.776     4.7861     4.7863  33.242807  33.247497     2.5200   59.80676  -40.27671     4.9573         34 0.0000e+00
       6646    276.859    128.000    126.756     4.7690     4.7682  33.227827  33.230104     2.5204   59.80676  -40.27670     4.9573         40 0.0000e+00
       6697    279.005    130.000    128.736     4.7550     4.7541  33.215406  33.217334     2.5191   59.80676  -40.27668     4.9573         71 0.0000e+00
       6771    282.099    132.000    130.716     4.7496     4.7487  33.211452  33.213123     2.5175   59.80676  -40.27671     4.9573         53 0.0000e+00
       6807    283.570    134.000    132.696     4.7425     4.7420  33.205405  33.207838     2.5166   59.80676  -40.27672     4.9573         32 0.0000e+00
       6840    284.954    136.000    134.675     4.7191     4.7179  33.183270  33.186240     2.5153   59.80676  -40.27670     4.9573         37 0.0000e+00
       6887    286.917    138.000    136.655     4.6985     4.6974  33.165454  33.167485     2.5134   59.80676  -40.27669     4.9573         54 0.0000e+00
       6938    289.052    140.000    138.635     4.6804     4.6795  33.149884  33.151891     2.5111   59.80676  -40.27668     4.9573         55 0.0000e+00
       7011    292.103    142.000    140.615     4.6713     4.6707  33.143134  33.144732     2.5065   59.80676  -40.27671     4.9573         67 0.0000e+00
       7049    293.685    144.000    142.595     4.6745     4.6738  33.147132  33.148933     2.5042   59.80676  -40.27671     4.9573         27 0.0000e+00
       7075    294.750    146.000    144.574     4.6661     4.6658  33.138951  33.142942     2.5037   59.80676  -40.27670     4.9573         26 0.0000e+00
       7115    296.434    148.000    146.554     4.6380     4.6372  33.114202  33.116492     2.5028   59.80676  -40.27669     4.9573         64 0.0000e+00
       7189    299.501    150.000    148.534     4.6304     4.6295  33.108776  33.110404     2.4982   59.80676  -40.27670     4.9573         66 0.0000e+00
       7242    301.699    152.000    150.514     4.6253     4.6244  33.104965  33.107038     2.4960   59.80676  -40.27671     4.9573         43 0.0000e+00
       7276    303.142    154.000    152.493     4.6021     4.6012  33.083602  33.086848     2.4946   59.80676  -40.27672     4.9573         28 0.0000e+00
       7304    304.303    156.000    154.473     4.5803     4.5799  33.064461  33.067820     2.4935   59.80676  -40.27671     4.9573         31 0.0000e+00
       7365    306.847    158.000    156.453     4.5679     4.5672  33.053822  33.055702     2.4947   59.80676  -40.27669     4.9573         66 0.0000e+00
       7428    309.457    160.000    158.432     4.5587     4.5581  33.045775  33.047972     2.4950   59.80676  -40.27670     4.9573         47 0.0000e+00
       7477    311.515    162.000    160.412     4.5559     4.5551  33.044298  33.045979     2.4943   59.80676  -40.27672     4.9573         45 0.0000e+00
       7514    313.050    164.000    162.392     4.5541     4.5534  33.043876  33.045621     2.4933   59.80678  -40.27672     4.9573         33 0.0000e+00
       7548    314.472    166.000    164.371     4.5539     4.5534  33.044749  33.046681     2.4928   59.80678  -40.27670     4.9573         39 0.0000e+00
       7603    316.758    168.000    166.351     4.5524     4.5518  33.044433  33.046202     2.4911   59.80678  -40.27670     4.9573         73 0.0000e+00
       7673    319.663    170.000    168.330     4.5456     4.5448  33.038688  33.040845     2.4871   59.80678  -40.27671     4.9573         52 0.0000e+00
       7711    321.251    172.000    170.310     4.5330     4.5322  33.028242  33.029984     2.4829   59.80678  -40.27672     4.9573         33 0.0000e+00
       7744    322.612    174.000    172.290     4.5275     4.5265  33.024090  33.026009     2.4827   59.80678  -40.27672     4.9573         34 0.0000e+00
       7785    324.333    176.000    174.269     4.5153     4.5145  33.013720  33.015659     2.4846   59.80678  -40.27670     4.9573         50 0.0000e+00
       7850    327.043    178.000    176.248     4.5072     4.5067  33.006944  33.008687     2.4848   59.80678  -40.27670     4.9573         81 0.0000e+00
       7918    329.886    180.000    178.228     4.4964     4.4957  32.997464  32.999533     2.4836   59.80678  -40.27672     4.9573         41 0.0000e+00
       7946    331.056    182.000    180.207     4.4887     4.4876  32.990896  32.992678     2.4833   59.80678  -40.27672     4.9573         26 0.0000e+00
       7973    332.179    184.000    182.187     4.4837     4.4829  32.987158  32.988905     2.4833   59.80678  -40.27672     4.9573         30 0.0000e+00
       8030    334.538    186.000    184.166     4.4764     4.4751  32.981070  32.982512     2.4841   59.80678  -40.27670     4.9573         86 0.0000e+00
       8104    337.620    188.000    186.146     4.4658     4.4650  32.972115  32.973914     2.4836   59.80678  -40.27672     4.9573         51 0.0000e+00
       8144    339.286    190.000    188.125     4.4634     4.4627  32.970956  32.972740     2.4836   59.80678  -40.27672     4.9573         33 0.0000e+00
       8173    340.518    192.000    190.104     4.4543     4.4533  32.962599  32.964906     2.4836   59.80678  -40.27671     4.9573         28 0.0000e+00
       8203    341.758    194.000    192.084     4.4415     4.4408  32.951507  32.953602     2.4834   59.80678  -40.27670     4.9573         35 0.0000e+00
       8294    345.544    196.000    194.063     4.4422     4.4420  32.953079  32.955706     2.4812   59.80678  -40.27671     4.9573         58 0.0000e+00
       8342    347.552    198.000    196.042     4.4351     4.4345  32.948132  32.949855     2.4794   59.80678  -40.27674     4.9573         27 0.0000e+00
       8368    348.636    200.000    198.021     4.4384     4.4373  32.952386  32.953577     2.4779   59.80678  -40.27673     4.9573         28 0.0000e+00
       8403    350.080    202.000    200.001     4.4369     4.4367  32.951810  32.953980     2.4774   59.80678  -40.27670     4.9573         45 0.0000e+00
       8461    352.519    204.000    201.980     4.4325     4.4319  32.948228  32.950162     2.4775   59.80678  -40.27670     4.9573         68 0.0000e+00
       8528    355.287    206.000    203.959     4.4254     4.4247  32.942226  32.944144     2.4772   59.80678  -40.27673     4.9573         58 0.0000e+00
       8572    357.125    208.000    205.938     4.4173     4.4166  32.935500  32.937264     2.4776   59.80676  -40.27674     4.9573         34 0.0000e+00
