Example_Files/SBE_Processing_Files/Processed_SBE_cast_files/downcasts/dar69-01_014.cnv
* Sea-Bird SBE 9 Data File:
* FileName = D:\data\ar69-01_014.hex
* Software Version Seasave V 7.26.7.107
* Temperature SN = 4491
* Conductivity SN = 3009
* Number of Bytes Per Scan = 44
* Number of Voltage Words = 5
* Number of Scans Averaged by the Deck Unit = 1
* NMEA Latitude = 59 43.02 N
* NMEA Longitude = 039 20.16 W
* NMEA UTC (Time) = Jul 02 2022  14:08:39
** Cruise ID: AR69-01
** Chief Sci:
** Station #: 014
** Site ID: Irminger FLMB (OSNAP acoustic release test)
# nquan = 14
# nvalues = 1422                        
# units = specified
# name 0 = scan: Scan Count
# name 1 = timeS: Time, Elapsed [seconds]
# name 2 = prDM: Pressure, Digiquartz [db]
# name 3 = depSM: Depth [salt water, m]
# name 4 = t090C: Temperature [ITS-90, deg C]
# name 5 = t190C: Temperature, 2 [ITS-90, deg C]
# name 6 = c0mS/cm: Conductivity [mS/cm]
# name 7 = c1mS/cm: Conductivity, 2 [mS/cm]
# name 8 = sbeox0V: Oxygen raw, SBE 43 [V]
# name 9 = latitude: Latitude [deg]
# name 10 = longitude: Longitude [deg]
# name 11 = v7: Voltage 7
# name 12 = nbin: number of scans per bin
# name 13 = flag: flag
# span 0 =       1057,      87483       
# span 1 =     44.015,   3645.071       
# span 2 =      4.000,   2846.000       
# span 3 =      3.962,   2800.297       
# span 4 =     1.4594,     7.0970       
# span 5 =     1.4594,     7.1123       
# span 6 =  31.401531,  35.189165       
# span 7 =  31.402222,  35.204353       
# span 8 =     1.8047,     2.8088       
# span 9 =   59.71706,   59.71708       
# span 10 =  -39.33595,  -39.33588      
# span 11 =     4.9560,     4.9573      
# span 12 =          1,        152      
# span 13 = 0.0000e+00, 0.0000e+00      
# interval = decibars: 2                
# start_time = Jul 02 2022 14:08:39 [NMEA time, first data scan]
# bad_flag = -9.990e-29
*END*
[from data line 310]
      18636    776.456    624.000    617.201     3.5083     3.5078  32.280885  32.281673     2.3633   59.71708  -39.33594     4.9570         44 0.0000e+00
      18684    778.474    626.000    619.176     3.5145     3.5133  32.288000  32.288120     2.3631   59.71708  -39.33594     4.9570         53 0.0000e+00
      18737    780.681    628.000    621.151     3.5144     3.5151  32.288755  32.290947     2.3629   59.71708  -39.33594     4.9570         52 0.0000e+00
      18786    782.717    630.000    623.126     3.5089     3.5098  32.284033  32.286920     2.3619   59.71708  -39.33594     4.9570         44 0.0000e+00
      18828    784.448    632.000    625.102     3.5096     3.5090  32.285826  32.286824     2.3613   59.71708  -39.33594     4.9570         41 0.0000e+00
      18874    786.365    634.000    627.077     3.5074     3.5076  32.284549  32.286199     2.3609   59.71708  -39.33594     4.9569         51 0.0000e+00
      18925    788.503    636.000    629.052     3.5227     3.5216  32.301296  32.301174     2.3601   59.71707  -39.33594     4.9570         52 0.0000e+00
      18978    790.710    638.000    631.027     3.5276     3.5270  32.306817  32.308020     2.3601   59.71706  -39.33594     4.9570         51 0.0000e+00
      19023    792.587    640.000    633.002     3.5292     3.5299  32.309650  32.311580     2.3596   59.71708  -39.33594     4.9568         41 0.0000e+00
      19065    794.326    642.000    634.977     3.5463     3.5469  32.328014  32.329691     2.3589   59.71708  -39.33594     4.9569         45 0.0000e+00
      19118    796.528    644.000    636.952     3.5582     3.5581  32.340798  32.342119     2.3582   59.71706  -39.33594     4.9570         58 0.0000e+00
      19170    798.693    646.000    638.927     3.5557     3.5565  32.338941  32.341562     2.3569   59.71706  -39.33594     4.9570         45 0.0000e+00
      19214    800.542    648.000    640.902     3.5516     3.5516  32.335834  32.337250     2.3562   59.71707  -39.33594     4.9570         45 0.0000e+00
      19261    802.485    650.000    642.877     3.5444     3.5456  32.328970  32.332866     2.3553   59.71708  -39.33594     4.9568         49 0.0000e+00
      19310    804.533    652.000    644.852     3.5377     3.5354  32.324001  32.322342     2.3545   59.71706  -39.33594     4.9570         48 0.0000e+00
      19356    806.456    654.000    646.827     3.5468     3.5470  32.333813  32.335406     2.3535   59.71706  -39.33594     4.9569         45 0.0000e+00
      19404    808.464    656.000    648.802     3.5495     3.5494  32.337365  32.338857     2.3524   59.71706  -39.33594     4.9570         53 0.0000e+00
      19455    810.595    658.000    650.777     3.5524     3.5528  32.341437  32.343122     2.3512   59.71706  -39.33594     4.9570         44 0.0000e+00
      19496    812.276    660.000    652.752     3.5555     3.5550  32.345545  32.346331     2.3491   59.71707  -39.33594     4.9570         41 0.0000e+00
      19546    814.365    662.000    654.727     3.5638     3.5633  32.354882  32.355977     2.3472   59.71707  -39.33594     4.9570         59 0.0000e+00
      19598    816.557    664.000    656.702     3.5483     3.5509  32.339565  32.345543     2.3468   59.71706  -39.33594     4.9570         44 0.0000e+00
      19641    818.350    666.000    658.677     3.5109     3.5105  32.303413  32.304916     2.3462   59.71706  -39.33594     4.9570         47 0.0000e+00
      19695    820.599    668.000    660.652     3.5090     3.5096  32.302275  32.304519     2.3455   59.71708  -39.33594     4.9570         54 0.0000e+00
      19741    822.493    670.000    662.626     3.5069     3.5063  32.301170  32.302181     2.3441   59.71707  -39.33594     4.9570         41 0.0000e+00
      19788    824.456    672.000    664.601     3.5045     3.5042  32.299734  32.300891     2.3437   59.71706  -39.33594     4.9568         53 0.0000e+00
      19835    826.421    674.000    666.576     3.5064     3.5063  32.302743  32.303919     2.3440   59.71707  -39.33594     4.9570         40 0.0000e+00
      19878    828.220    676.000    668.551     3.5106     3.5101  32.307896  32.308976     2.3441   59.71708  -39.33594     4.9569         51 0.0000e+00
      19932    830.446    678.000    670.526     3.5109     3.5106  32.309108  32.310322     2.3448   59.71706  -39.33594     4.9568         49 0.0000e+00
      19977    832.327    680.000    672.500     3.5120     3.5144  32.314908  32.314632     2.3435   59.71706  -39.33594     4.9568         46 0.0000e+00
      20024    834.295    682.000    674.475     3.5417     3.5411  32.342554  32.343259     2.3420   59.71706  -39.33594     4.9569         46 0.0000e+00
      20071    836.250    684.000    676.449     3.5479     3.5470  32.349741  32.350459     2.3409   59.71708  -39.33594     4.9569         52 0.0000e+00
      20127    838.589    686.000    678.424     3.5252     3.5251  32.327449  32.329851     2.3395   59.71707  -39.33594     4.9568         53 0.0000e+00
      20172    840.456    688.000    680.399     3.5085     3.5078  32.311617  32.313023     2.3378   59.71706  -39.33594     4.9568         42 0.0000e+00
      20218    842.368    690.000    682.374     3.5009     3.5006  32.304968  32.306296     2.3368   59.71707  -39.33594     4.9569         50 0.0000e+00
      20265    844.347    692.000    684.348     3.5007     3.5003  32.305736  32.306912     2.3363   59.71708  -39.33594     4.9568         42 0.0000e+00
      20309    846.151    694.000    686.323     3.5151     3.5154  32.321729  32.322718     2.3373   59.71708  -39.33594     4.9569         52 0.0000e+00
      20366    848.523    696.000    688.297     3.5397     3.5391  32.347666  32.348261     2.3381   59.71706  -39.33594     4.9569         50 0.0000e+00
      20407    850.249    698.000    690.272     3.5426     3.5420  32.351447  32.352534     2.3371   59.71707  -39.33594     4.9568         42 0.0000e+00
      20455    852.266    700.000    692.247     3.5402     3.5395  32.349875  32.350708     2.3362   59.71707  -39.33594     4.9569         50 0.0000e+00
      20499    854.088    702.000    694.221     3.5368     3.5377  32.347185  32.349957     2.3353   59.71707  -39.33594     4.9569         41 0.0000e+00
      20554    856.359    704.000    696.195     3.5247     3.5240  32.335668  32.336808     2.3345   59.71708  -39.33593     4.9569         67 0.0000e+00
      20608    858.620    706.000    698.170     3.5287     3.5287  32.340993  32.342306     2.3333   59.71707  -39.33593     4.9569         38 0.0000e+00
      20643    860.071    708.000    700.144     3.5283     3.5266  32.341477  32.341312     2.3316   59.71706  -39.33593     4.9570         37 0.0000e+00
      20696    862.297    710.000    702.119     3.5178     3.5181  32.331552  32.333674     2.3286   59.71708  -39.33592     4.9570         65 0.0000e+00
      20748    864.443    712.000    704.093     3.5109     3.5118  32.325574  32.328386     2.3261   59.71706  -39.33592     4.9569         39 0.0000e+00
      20787    866.063    714.000    706.068     3.5126     3.5124  32.328417  32.329702     2.3250   59.71706  -39.33592     4.9568         42 0.0000e+00
      20835    868.100    716.000    708.042     3.5143     3.5138  32.331155  32.332123     2.3238   59.71706  -39.33592     4.9569         53 0.0000e+00
      20886    870.226    718.000    710.016     3.5147     3.5144  32.332605  32.333758     2.3220   59.71706  -39.33592     4.9568         50 0.0000e+00
      20936    872.290    720.000    711.991     3.5133     3.5129  32.332124  32.333376     2.3194   59.71706  -39.33592     4.9568         48 0.0000e+00
      20980    874.121    722.000    713.965     3.5084     3.5081  32.328220  32.329662     2.3190   59.71706  -39.33592     4.9568         41 0.0000e+00
      21026    876.046    724.000    715.940     3.5013     3.5011  32.321968  32.323420     2.3200   59.71706  -39.33592     4.9569         54 0.0000e+00
      21078    878.203    726.000    717.914     3.5030     3.5022  32.325055  32.325585     2.3211   59.71706  -39.33592     4.9569         45 0.0000e+00
      21123    880.086    728.000    719.888     3.5080     3.5075  32.331009  32.331979     2.3226   59.71706  -39.33594     4.9568         49 0.0000e+00
      21174    882.220    730.000    721.862     3.5155     3.5158  32.339749  32.341329     2.3254   59.71708  -39.33592     4.9568         50 0.0000e+00
      21222    884.214    732.000    723.836     3.5253     3.5249  32.350805  32.351712     2.3274   59.71707  -39.33592     4.9569         48 0.0000e+00
      21269    886.157    734.000    725.811     3.5320     3.5317  32.358577  32.359676     2.3283   59.71706  -39.33593     4.9569         43 0.0000e+00
      21310    887.866    736.000    727.785     3.5318     3.5322  32.359177  32.361167     2.3270   59.71707  -39.33592     4.9568         41 0.0000e+00
      21358    889.895    738.000    729.759     3.5369     3.5368  32.365326  32.366506     2.3252   59.71708  -39.33593     4.9569         59 0.0000e+00
      21415    892.244    740.000    731.733     3.5423     3.5416  32.371622  32.372462     2.3246   59.71706  -39.33594     4.9568         47 0.0000e+00
      21456    893.960    742.000    733.707     3.5389     3.5380  32.369175  32.369917     2.3247   59.71708  -39.33594     4.9569         40 0.0000e+00
      21502    895.866    744.000    735.681     3.5373     3.5369  32.368416  32.369632     2.3244   59.71708  -39.33594     4.9569         52 0.0000e+00
      21555    898.083    746.000    737.656     3.5383     3.5379  32.370367  32.371434     2.3229   59.71706  -39.33593     4.9569         51 0.0000e+00
      21603    900.067    748.000    739.630     3.5401     3.5395  32.373069  32.373926     2.3206   59.71706  -39.33594     4.9569         47 0.0000e+00
      21652    902.144    750.000    741.604     3.5431     3.5427  32.376979  32.378224     2.3177   59.71707  -39.33594     4.9569         50 0.0000e+00
      21696    903.961    752.000    743.578     3.5445     3.5441  32.379538  32.380561     2.3155   59.71708  -39.33594     4.9567         39 0.0000e+00
      21741    905.848    754.000    745.552     3.5434     3.5425  32.379154  32.379829     2.3134   59.71707  -39.33594     4.9568         55 0.0000e+00
      21794    908.060    756.000    747.526     3.5348     3.5353  32.371135  32.373887     2.3097   59.71706  -39.33594     4.9570         45 0.0000e+00
      21839    909.896    758.000    749.500     3.5197     3.5191  32.357032  32.358408     2.3071   59.71706  -39.33594     4.9569         47 0.0000e+00
      21886    911.857    760.000    751.474     3.5156     3.5150  32.353970  32.355063     2.3043   59.71707  -39.33594     4.9568         45 0.0000e+00
      21930    913.718    762.000    753.448     3.5149     3.5143  32.354243  32.355211     2.3014   59.71706  -39.33594     4.9567         47 0.0000e+00
      21982    915.875    764.000    755.422     3.5149     3.5145  32.355300  32.356426     2.2995   59.71706  -39.33594     4.9569         55 0.0000e+00
      22035    918.104    766.000    757.396     3.5144     3.5141  32.355766  32.356889     2.2989   59.71706  -39.33594     4.9570         50 0.0000e+00
      22081    920.008    768.000    759.370     3.5137     3.5134  32.355986  32.357238     2.2978   59.71706  -39.33594     4.9568         42 0.0000e+00
      22123    921.754    770.000    761.343     3.5132     3.5128  32.356386  32.357616     2.2970   59.71706  -39.33594     4.9566         44 0.0000e+00
      22173    923.839    772.000    763.317     3.5122     3.5118  32.356364  32.357513     2.2971   59.71706  -39.33594     4.9569         56 0.0000e+00
      22226    926.038    774.000    765.291     3.5118     3.5114  32.357027  32.358200     2.2972   59.71706  -39.33594     4.9568         46 0.0000e+00
      22266    927.721    776.000    767.265     3.5119     3.5115  32.358030  32.359202     2.2969   59.71706  -39.33594     4.9569         39 0.0000e+00
      22312    929.616    778.000    769.239     3.5133     3.5128  32.360388  32.361404     2.2962   59.71706  -39.33594     4.9569         53 0.0000e+00
      22366    931.875    780.000    771.213     3.5161     3.5155  32.364109  32.365036     2.2945   59.71706  -39.33594     4.9569         53 0.0000e+00
      22414    933.872    782.000    773.186     3.5134     3.5132  32.362578  32.363792     2.2936   59.71706  -39.33594     4.9572         41 0.0000e+00
      22453    935.498    784.000    775.160     3.5130     3.5127  32.363057  32.364360     2.2939   59.71706  -39.33594     4.9567         41 0.0000e+00
      22505    937.669    786.000    777.134     3.5095     3.5091  32.360558  32.361768     2.2945   59.71708  -39.33594     4.9568         60 0.0000e+00
      22556    939.799    788.000    779.107     3.5083     3.5079  32.360297  32.361460     2.2939   59.71706  -39.33594     4.9569         44 0.0000e+00
      22605    941.839    790.000    781.081     3.5074     3.5070  32.360288  32.361504     2.2927   59.71706  -39.33594     4.9568         55 0.0000e+00
      22657    944.000    792.000    783.055     3.5068     3.5064  32.360737  32.361871     2.2917   59.71706  -39.33593     4.9572         42 0.0000e+00
      22693    945.499    794.000    785.029     3.5076     3.5073  32.362696  32.363840     2.2904   59.71706  -39.33594     4.9568         36 0.0000e+00
      22741    947.509    796.000    787.002     3.5080     3.5076  32.363915  32.364988     2.2889   59.71706  -39.33593     4.9570         63 0.0000e+00
      22795    949.765    798.000    788.976     3.5078     3.5075  32.364657  32.365850     2.2885   59.71706  -39.33592     4.9571         39 0.0000e+00
      22835    951.427    800.000    790.949     3.5060     3.5057  32.363687  32.364956     2.2875   59.71708  -39.33592     4.9569         47 0.0000e+00
      22887    953.581    802.000    792.923     3.5041     3.5038  32.362692  32.363921     2.2858   59.71707  -39.33592     4.9569         50 0.0000e+00
      22934    955.554    804.000    794.896     3.5026     3.5022  32.362079  32.363347     2.2836   59.71706  -39.33592     4.9568         50 0.0000e+00
      22987    957.737    806.000    796.870     3.5016     3.5013  32.362185  32.363324     2.2818   59.71707  -39.33592     4.9568         50 0.0000e+00
      23031    959.568    808.000    798.844     3.5016     3.5012  32.363049  32.364309     2.2795   59.71708  -39.33592     4.9569         42 0.0000e+00
      23078    961.562    810.000    800.817     3.4999     3.4995  32.362533  32.363605     2.2765   59.71707  -39.33592     4.9568         52 0.0000e+00
      23126    963.529    812.000    802.790     3.4970     3.4965  32.360690  32.361801     2.2750   59.71706  -39.33592     4.9568         41 0.0000e+00
      23170    965.366    814.000    804.764     3.4928     3.4922  32.357347  32.358517     2.2747   59.71706  -39.33592     4.9567         53 0.0000e+00
      23226    967.690    816.000    806.737     3.4900     3.4897  32.355625  32.356880     2.2742   59.71706  -39.33592     4.9568         48 0.0000e+00
      23268    969.442    818.000    808.711     3.4864     3.4859  32.352887  32.354030     2.2731   59.71708  -39.33592     4.9569         46 0.0000e+00
      23323    971.744    820.000    810.684     3.4841     3.4838  32.351504  32.352716     2.2717   59.71706  -39.33592     4.9568         53 0.0000e+00
      23363    973.406    822.000    812.658     3.4825     3.4821  32.350672  32.352028     2.2712   59.71706  -39.33592     4.9568         34 0.0000e+00
      23404    975.136    824.000    814.631     3.4773     3.4770  32.346390  32.347778     2.2706   59.71706  -39.33592     4.9568         57 0.0000e+00
      23468    977.774    826.000    816.604     3.4721     3.4721  32.342328  32.343862     2.2703   59.71706  -39.33592     4.9568         56 0.0000e+00
