Example_Files/SBE_Processing_Files/Processed_SBE_cast_files/downcasts/dar69-01_014.cnv
* Sea-Bird SBE 9 Data File:
* FileName = D:\data\ar69-01_014.hex
* Software Version Seasave V 7.26.7.107
* Temperature SN = 4491
* Conductivity SN = 3009
* Number of Bytes Per Scan = 44
* Number of Voltage Words = 5
* Number of Scans Averaged by the Deck Unit = 1
* NMEA Latitude = 59 43.02 N
* NMEA Longitude = 039 20.16 W
* NMEA UTC (Time) = Jul 02 2022  14:08:39
** Cruise ID: AR69-01
** Chief Sci:
** Station #: 014
** Site ID: Irminger FLMB (OSNAP acoustic release test)
# nquan = 14
# nvalues = 1422                        
# units = specified
# name 0 = scan: Scan Count
# name 1 = timeS: Time, Elapsed [seconds]
# name 2 = prDM: Pressure, Digiquartz [db]
# name 3 = depSM: Depth [salt water, m]
# name 4 = t090C: Temperature [ITS-90, deg C]
# name 5 = t190C: Temperature, 2 [ITS-90, deg C]
# name 6 = c0mS/cm: Conductivity [mS/cm]
# name 7 = c1mS/cm: Conductivity, 2 [mS/cm]
# name 8 = sbeox0V: Oxygen raw, SBE 43 [V]
# name 9 = latitude: Latitude [deg]
# name 10 = longitude: Longitude [deg]
# name 11 = v7: Voltage 7
# name 12 = nbin: number of scans per bin
# name 13 = flag: flag
# span 0 =       1057,      87483       
# span 1 =     44.015,   3645.071       
# span 2 =      4.000,   2846.000       
# span 3 =      3.962,   2800.297       
# span 4 =     1.4594,     7.0970       
# span 5 =     1.4594,     7.1123       
# span 6 =  31.401531,  35.189165       
# span 7 =  31.402222,  35.204353       
# span 8 =     1.8047,     2.8088       
# span 9 =   59.71706,   59.71708       
# span 10 =  -39.33595,  -39.33588      
# span 11 =     4.9560,     4.9573      
# span 12 =          1,        152      
# span 13 = 0.0000e+00, 0.0000e+00      
# interval = decibars: 2                
# start_time = Jul 02 2022 14:08:39 [NMEA time, first data scan]
# bad_flag = -9.990e-29
*END*
[from data line 723]
      38268   1594.478   1450.000   1431.380     3.4736     3.4733  32.635232  32.636160     2.0943   59.71708  -39.33590     4.9560         43 0.0000e+00
      38317   1596.499   1452.000   1433.347     3.4720     3.4716  32.634487  32.635477     2.0936   59.71708  -39.33592     4.9566         54 0.0000e+00
      38368   1598.636   1454.000   1435.315     3.4710     3.4710  32.634368  32.635473     2.0926   59.71708  -39.33592     4.9566         47 0.0000e+00
      38415   1600.581   1456.000   1437.283     3.4736     3.4732  32.637932  32.638872     2.0918   59.71708  -39.33592     4.9567         46 0.0000e+00
      38459   1602.418   1458.000   1439.250     3.4718     3.4716  32.637086  32.638260     2.0916   59.71708  -39.33592     4.9565         45 0.0000e+00
      38510   1604.560   1460.000   1441.218     3.4695     3.4691  32.635480  32.636480     2.0916   59.71708  -39.33592     4.9566         53 0.0000e+00
      38555   1606.434   1462.000   1443.185     3.4650     3.4652  32.631802  32.633591     2.0915   59.71708  -39.33591     4.9566         41 0.0000e+00
      38610   1608.714   1464.000   1445.152     3.4609     3.4606  32.628483  32.629598     2.0905   59.71708  -39.33592     4.9564         63 0.0000e+00
      38657   1610.674   1466.000   1447.120     3.4625     3.4623  32.631392  32.632394     2.0900   59.71708  -39.33590     4.9563         34 0.0000e+00
      38693   1612.174   1468.000   1449.087     3.4625     3.4623  32.632241  32.633388     2.0891   59.71708  -39.33590     4.9566         44 0.0000e+00
      38748   1614.450   1470.000   1451.054     3.4626     3.4623  32.633236  32.634171     2.0885   59.71708  -39.33592     4.9565         55 0.0000e+00
      38791   1616.248   1472.000   1453.022     3.4632     3.4630  32.634907  32.635829     2.0878   59.71708  -39.33592     4.9564         38 0.0000e+00
      38838   1618.226   1474.000   1454.989     3.4633     3.4630  32.635877  32.636842     2.0868   59.71708  -39.33592     4.9566         60 0.0000e+00
      38895   1620.581   1476.000   1456.957     3.4644     3.4641  32.638091  32.638976     2.0856   59.71708  -39.33592     4.9566         44 0.0000e+00
      38934   1622.223   1478.000   1458.924     3.4647     3.4644  32.639268  32.640240     2.0851   59.71708  -39.33592     4.9568         42 0.0000e+00
      38985   1624.352   1480.000   1460.891     3.4643     3.4639  32.639630  32.640559     2.0849   59.71708  -39.33591     4.9566         57 0.0000e+00
      39037   1626.486   1482.000   1462.859     3.4643     3.4640  32.640621  32.641578     2.0838   59.71708  -39.33592     4.9565         44 0.0000e+00
      39077   1628.167   1484.000   1464.826     3.4620     3.4619  32.639209  32.640427     2.0833   59.71708  -39.33592     4.9567         40 0.0000e+00
      39122   1630.043   1486.000   1466.793     3.4612     3.4610  32.639233  32.640401     2.0823   59.71708  -39.33591     4.9566         52 0.0000e+00
      39176   1632.275   1488.000   1468.760     3.4630     3.4628  32.642189  32.643139     2.0815   59.71708  -39.33592     4.9566         50 0.0000e+00
      39222   1634.205   1490.000   1470.727     3.4682     3.4680  32.648606  32.649623     2.0808   59.71708  -39.33592     4.9567         44 0.0000e+00
      39264   1635.957   1492.000   1472.694     3.4685     3.4683  32.649710  32.650802     2.0804   59.71708  -39.33592     4.9567         41 0.0000e+00
      39309   1637.826   1494.000   1474.662     3.4665     3.4663  32.648660  32.649626     2.0799   59.71708  -39.33592     4.9566         53 0.0000e+00
      39366   1640.196   1496.000   1476.629     3.4662     3.4659  32.649116  32.650058     2.0789   59.71708  -39.33592     4.9566         52 0.0000e+00
      39409   1642.007   1498.000   1478.596     3.4668     3.4665  32.650708  32.651709     2.0776   59.71708  -39.33592     4.9565         40 0.0000e+00
      39453   1643.837   1500.000   1480.563     3.4692     3.4688  32.654315  32.655051     2.0766   59.71708  -39.33592     4.9566         51 0.0000e+00
      39513   1646.329   1502.000   1482.530     3.4720     3.4718  32.658335  32.659207     2.0758   59.71708  -39.33592     4.9566         57 0.0000e+00
      39556   1648.124   1504.000   1484.497     3.4728     3.4726  32.660053  32.661117     2.0752   59.71708  -39.33592     4.9567         36 0.0000e+00
      39594   1649.691   1506.000   1486.464     3.4736     3.4734  32.661829  32.662802     2.0741   59.71708  -39.33592     4.9567         43 0.0000e+00
      39644   1651.774   1508.000   1488.431     3.4741     3.4737  32.663262  32.664079     2.0729   59.71708  -39.33592     4.9567         54 0.0000e+00
      39693   1653.822   1510.000   1490.398     3.4740     3.4737  32.664075  32.665095     2.0721   59.71708  -39.33592     4.9566         45 0.0000e+00
      39738   1655.726   1512.000   1492.365     3.4730     3.4728  32.664196  32.665220     2.0718   59.71708  -39.33592     4.9568         46 0.0000e+00
      39783   1657.592   1514.000   1494.332     3.4682     3.4680  32.660176  32.661406     2.0713   59.71708  -39.33592     4.9566         45 0.0000e+00
      39837   1659.826   1516.000   1496.299     3.4651     3.4648  32.657903  32.658866     2.0705   59.71708  -39.33592     4.9567         62 0.0000e+00
      39891   1662.095   1518.000   1498.266     3.4649     3.4646  32.658764  32.659688     2.0690   59.71708  -39.33592     4.9565         42 0.0000e+00
      39928   1663.611   1520.000   1500.233     3.4669     3.4667  32.661923  32.663021     2.0685   59.71708  -39.33592     4.9566         36 0.0000e+00
      39972   1665.469   1522.000   1502.200     3.4663     3.4662  32.662242  32.663407     2.0681   59.71708  -39.33592     4.9567         56 0.0000e+00
      40028   1667.809   1524.000   1504.167     3.4656     3.4654  32.662396  32.663371     2.0672   59.71708  -39.33592     4.9567         49 0.0000e+00
      40074   1669.710   1526.000   1506.134     3.4650     3.4648  32.662700  32.663759     2.0664   59.71708  -39.33592     4.9566         46 0.0000e+00
      40120   1671.632   1528.000   1508.100     3.4660     3.4656  32.664744  32.665550     2.0653   59.71708  -39.33592     4.9567         46 0.0000e+00
      40166   1673.544   1530.000   1510.067     3.4698     3.4691  32.669714  32.670098     2.0640   59.71708  -39.33592     4.9567         44 0.0000e+00
      40208   1675.283   1532.000   1512.034     3.4712     3.4710  32.672136  32.673055     2.0634   59.71708  -39.33592     4.9567         41 0.0000e+00
      40256   1677.309   1534.000   1514.001     3.4710     3.4708  32.672876  32.673949     2.0628   59.71708  -39.33592     4.9566         59 0.0000e+00
      40314   1679.699   1536.000   1515.967     3.4714     3.4712  32.674305  32.675220     2.0617   59.71708  -39.33592     4.9565         48 0.0000e+00
      40356   1681.451   1538.000   1517.934     3.4751     3.4744  32.679293  32.679412     2.0607   59.71708  -39.33594     4.9566         42 0.0000e+00
      40401   1683.353   1540.000   1519.901     3.4839     3.4836  32.689273  32.690194     2.0590   59.71708  -39.33592     4.9567         49 0.0000e+00
      40455   1685.592   1542.000   1521.868     3.4844     3.4842  32.690593  32.691692     2.0575   59.71708  -39.33592     4.9567         58 0.0000e+00
      40508   1687.797   1544.000   1523.834     3.4851     3.4851  32.692628  32.693758     2.0562   59.71708  -39.33592     4.9566         43 0.0000e+00
      40545   1689.329   1546.000   1525.801     3.4857     3.4854  32.693990  32.695017     2.0554   59.71708  -39.33592     4.9567         36 0.0000e+00
      40587   1691.101   1548.000   1527.768     3.4859     3.4856  32.695007  32.695965     2.0544   59.71708  -39.33592     4.9566         51 0.0000e+00
      40641   1693.335   1550.000   1529.734     3.4840     3.4839  32.693832  32.695000     2.0538   59.71708  -39.33592     4.9567         51 0.0000e+00
      40692   1695.471   1552.000   1531.701     3.4814     3.4812  32.692048  32.693173     2.0534   59.71708  -39.33592     4.9566         53 0.0000e+00
      40740   1697.460   1554.000   1533.668     3.4772     3.4769  32.688922  32.689849     2.0535   59.71708  -39.33592     4.9567         41 0.0000e+00
      40779   1699.097   1556.000   1535.634     3.4736     3.4734  32.686107  32.687273     2.0535   59.71708  -39.33592     4.9567         42 0.0000e+00
      40831   1701.266   1558.000   1537.601     3.4714     3.4711  32.684624  32.685692     2.0533   59.71708  -39.33592     4.9566         58 0.0000e+00
      40880   1703.302   1560.000   1539.567     3.4695     3.4692  32.683963  32.684852     2.0530   59.71708  -39.33591     4.9566         42 0.0000e+00
      40930   1705.384   1562.000   1541.534     3.4677     3.4676  32.682914  32.684074     2.0529   59.71708  -39.33592     4.9566         58 0.0000e+00
      40980   1707.441   1564.000   1543.500     3.4663     3.4659  32.682343  32.683342     2.0521   59.71708  -39.33592     4.9565         38 0.0000e+00
      41018   1709.023   1566.000   1545.467     3.4692     3.4688  32.686529  32.687219     2.0515   59.71708  -39.33592     4.9566         43 0.0000e+00
      41072   1711.304   1568.000   1547.433     3.4706     3.4703  32.688798  32.689789     2.0510   59.71708  -39.33590     4.9567         58 0.0000e+00
      41118   1713.210   1570.000   1549.400     3.4690     3.4688  32.688008  32.689069     2.0500   59.71708  -39.33591     4.9567         39 0.0000e+00
      41161   1714.982   1572.000   1551.366     3.4705     3.4702  32.690586  32.691495     2.0484   59.71708  -39.33592     4.9567         50 0.0000e+00
      41213   1717.183   1574.000   1553.332     3.4751     3.4749  32.696639  32.697352     2.0469   59.71708  -39.33590     4.9566         49 0.0000e+00
      41261   1719.154   1576.000   1555.299     3.4789     3.4786  32.701751  32.702707     2.0455   59.71708  -39.33590     4.9565         50 0.0000e+00
      41312   1721.283   1578.000   1557.265     3.4791     3.4788  32.702899  32.703687     2.0441   59.71708  -39.33592     4.9566         48 0.0000e+00
      41354   1723.052   1580.000   1559.232     3.4825     3.4822  32.707609  32.708374     2.0434   59.71708  -39.33591     4.9567         39 0.0000e+00
      41400   1724.969   1582.000   1561.198     3.4836     3.4834  32.709767  32.710703     2.0419   59.71708  -39.33590     4.9566         58 0.0000e+00
      41456   1727.296   1584.000   1563.164     3.4840     3.4838  32.711173  32.712132     2.0411   59.71708  -39.33592     4.9567         44 0.0000e+00
      41497   1729.003   1586.000   1565.130     3.4844     3.4841  32.712349  32.713326     2.0406   59.71708  -39.33590     4.9566         46 0.0000e+00
      41549   1731.147   1588.000   1567.097     3.4848     3.4845  32.713660  32.714644     2.0394   59.71708  -39.33590     4.9566         51 0.0000e+00
      41595   1733.070   1590.000   1569.063     3.4852     3.4850  32.715046  32.715968     2.0386   59.71708  -39.33592     4.9566         45 0.0000e+00
      41642   1735.021   1592.000   1571.029     3.4857     3.4855  32.716429  32.717456     2.0380   59.71708  -39.33591     4.9566         47 0.0000e+00
      41686   1736.867   1594.000   1572.995     3.4862     3.4859  32.718012  32.718919     2.0372   59.71708  -39.33592     4.9565         44 0.0000e+00
      41732   1738.803   1596.000   1574.962     3.4870     3.4868  32.719875  32.720789     2.0366   59.71708  -39.33591     4.9567         48 0.0000e+00
      41782   1740.895   1598.000   1576.928     3.4876     3.4873  32.721703  32.722596     2.0356   59.71708  -39.33591     4.9567         53 0.0000e+00
      41834   1743.040   1600.000   1578.894     3.4879     3.4876  32.722977  32.723924     2.0345   59.71708  -39.33592     4.9567         47 0.0000e+00
      41879   1744.930   1602.000   1580.860     3.4884     3.4882  32.724681  32.725578     2.0336   59.71708  -39.33592     4.9566         47 0.0000e+00
      41929   1746.994   1604.000   1582.826     3.4884     3.4881  32.725485  32.726433     2.0327   59.71708  -39.33592     4.9566         50 0.0000e+00
      41977   1748.996   1606.000   1584.792     3.4882     3.4880  32.726285  32.727217     2.0318   59.71708  -39.33592     4.9567         47 0.0000e+00
      42023   1750.914   1608.000   1586.759     3.4889     3.4887  32.727978  32.728888     2.0313   59.71708  -39.33592     4.9566         44 0.0000e+00
      42067   1752.737   1610.000   1588.724     3.4893     3.4891  32.729361  32.730315     2.0306   59.71708  -39.33592     4.9566         45 0.0000e+00
      42114   1754.694   1612.000   1590.691     3.4896     3.4894  32.730648  32.731545     2.0297   59.71708  -39.33592     4.9566         48 0.0000e+00
      42160   1756.619   1614.000   1592.657     3.4897     3.4895  32.731641  32.732589     2.0288   59.71708  -39.33592     4.9567         45 0.0000e+00
      42208   1758.627   1616.000   1594.623     3.4897     3.4895  32.732582  32.733593     2.0283   59.71708  -39.33592     4.9567         53 0.0000e+00
      42262   1760.889   1618.000   1596.589     3.4892     3.4889  32.732997  32.734000     2.0281   59.71708  -39.33592     4.9566         51 0.0000e+00
      42307   1762.748   1620.000   1598.555     3.4889     3.4887  32.733685  32.734703     2.0279   59.71708  -39.33592     4.9568         41 0.0000e+00
      42350   1764.527   1622.000   1600.521     3.4890     3.4887  32.734770  32.735727     2.0271   59.71708  -39.33592     4.9566         47 0.0000e+00
      42403   1766.736   1624.000   1602.487     3.4889     3.4886  32.735556  32.736530     2.0258   59.71708  -39.33592     4.9566         53 0.0000e+00
      42450   1768.719   1626.000   1604.453     3.4891     3.4888  32.736738  32.737726     2.0249   59.71708  -39.33592     4.9566         46 0.0000e+00
      42498   1770.702   1628.000   1606.419     3.4883     3.4880  32.736884  32.737849     2.0244   59.71708  -39.33594     4.9566         48 0.0000e+00
      42542   1772.531   1630.000   1608.385     3.4880     3.4877  32.737498  32.738416     2.0237   59.71708  -39.33592     4.9567         41 0.0000e+00
      42586   1774.357   1632.000   1610.350     3.4870     3.4867  32.737366  32.738355     2.0236   59.71708  -39.33593     4.9567         46 0.0000e+00
      42631   1776.239   1634.000   1612.316     3.4850     3.4848  32.736195  32.737345     2.0236   59.71708  -39.33594     4.9566         45 0.0000e+00
      42685   1778.519   1636.000   1614.282     3.4852     3.4849  32.737345  32.738189     2.0229   59.71708  -39.33592     4.9566         64 0.0000e+00
      42739   1780.734   1638.000   1616.248     3.4827     3.4826  32.735827  32.737076     2.0221   59.71708  -39.33594     4.9567         39 0.0000e+00
      42776   1782.291   1640.000   1618.214     3.4779     3.4777  32.731899  32.733172     2.0213   59.71708  -39.33594     4.9567         41 0.0000e+00
      42827   1784.428   1642.000   1620.180     3.4710     3.4709  32.726121  32.727322     2.0204   59.71708  -39.33592     4.9566         58 0.0000e+00
      42878   1786.541   1644.000   1622.145     3.4690     3.4688  32.725186  32.726199     2.0204   59.71708  -39.33592     4.9566         43 0.0000e+00
      42920   1788.298   1646.000   1624.111     3.4685     3.4683  32.725591  32.726534     2.0201   59.71708  -39.33592     4.9568         44 0.0000e+00
      42968   1790.286   1648.000   1626.077     3.4652     3.4650  32.723404  32.724472     2.0197   59.71708  -39.33592     4.9567         52 0.0000e+00
      43019   1792.397   1650.000   1628.042     3.4639     3.4634  32.723300  32.723997     2.0187   59.71708  -39.33592     4.9566         47 0.0000e+00
      43064   1794.284   1652.000   1630.008     3.4680     3.4675  32.728674  32.729151     2.0174   59.71708  -39.33592     4.9567         46 0.0000e+00
