Example_Files/SBE_Processing_Files/Processed_SBE_cast_files/downcasts/dar69-01_022.cnv
* Sea-Bird SBE 9 Data File:
* FileName = D:\data\ar69-01_022.hex
* Software Version Seasave V 7.26.7.107
* Temperature SN = 4491
* Conductivity SN = 3009
* Number of Bytes Per Scan = 44
* Number of Voltage Words = 5
* Number of Scans Averaged by the Deck Unit = 1
* NMEA Latitude = 59 55.83 N
* NMEA Longitude = 039 28.98 W
* NMEA UTC (Time) = Jul 12 2022  09:36:48
** Cruise ID: AR69-01
** Chief Sci:
** Station #: 022
** Site ID: OOI cal dip - CTDMOs (SUMO area)
# nquan = 14
# nvalues = 1315                        
# units = specified
# name 0 = scan: Scan Count
# name 1 = timeS: Time, Elapsed [seconds]
# name 2 = prDM: Pressure, Digiquartz [db]
# name 3 = depSM: Depth [salt water, m]
# name 4 = t090C: Temperature [ITS-90, deg C]
# name 5 = t190C: Temperature, 2 [ITS-90, deg C]
# name 6 = c0mS/cm: Conductivity [mS/cm]
# name 7 = c1mS/cm: Conductivity, 2 [mS/cm]
# name 8 = sbeox0V: Oxygen raw, SBE 43 [V]
# name 9 = latitude: Latitude [deg]
# name 10 = longitude: Longitude [deg]
# name 11 = v7: Voltage 7
# name 12 = nbin: number of scans per bin
# name 13 = flag: flag
# span 0 =        -46,      79548       
# span 1 =     -1.959,   3314.449       
# span 2 =     12.000,   2640.000       
# span 3 =     11.887,   2598.799       
# span 4 =     1.7251,     7.7932       
# span 5 =     1.7246,     7.7927       
# span 6 =  31.555306,  35.815939       
# span 7 =  31.554647,  35.816923       
# span 8 =     1.8568,     2.8319       
# span 9 =   59.93050,   59.93056       
# span 10 =  -39.48300,  -39.48288      
# span 11 =     4.9560,     4.9573      
# span 12 =          4,        135      
# span 13 = 0.0000e+00, 0.0000e+00      
# interval = decibars: 2                
# start_time = Jul 12 2022 09:36:48 [NMEA time, first data scan]
# bad_flag = -9.990e-29
*END*
        -46     -1.959     12.000     11.887     7.7905     7.7902  35.811536  35.813242     2.8190   59.93056  -39.48296     4.9573          4 0.0000e+00
         56      2.302     14.000     13.868     7.7916     7.7911  35.813372  35.814422     2.8164   59.93052  -39.48296     4.9573        114 0.0000e+00
        152      6.285     16.000     15.849     7.7932     7.7927  35.815939  35.816923     2.8168   59.93054  -39.48296     4.9573         58 0.0000e+00
        229      9.483     18.000     17.830     7.7913     7.7911  35.814809  35.816387     2.8162   59.93053  -39.48296     4.9573         71 0.0000e+00
        330     13.711     20.000     19.811     7.7882     7.7875  35.812971  35.813866     2.8147   59.93053  -39.48296     4.9573         52 0.0000e+00
        406     16.891     22.000     21.792     7.7890     7.7886  35.814547  35.815666     2.8160   59.93053  -39.48296     4.9573         78 0.0000e+00
        504     20.966     24.000     23.773     7.7343     7.7337  35.767203  35.771617     2.8179   59.93052  -39.48296     4.9573         61 0.0000e+00
        584     24.310     26.000     25.753     7.6622     7.6404  35.704757  35.692421     2.8208   59.93053  -39.48297     4.9573        108 0.0000e+00
        689     28.687     28.000     27.734     7.3128     7.3205  35.397161  35.407853     2.8319   59.93052  -39.48296     4.9573         80 0.0000e+00
        761     31.666     30.000     29.715     7.2382     7.2391  35.329718  35.334394     2.8312   59.93052  -39.48297     4.9573         85 0.0000e+00
        855     35.576     32.000     31.696     7.1083     7.1117  35.213124  35.220026     2.8265   59.93053  -39.48297     4.9573        103 0.0000e+00
        961     39.991     34.000     33.677     6.9093     6.9092  35.034082  35.038553     2.8227   59.93052  -39.48297     4.9573         87 0.0000e+00
       1035     43.085     36.000     35.658     6.8368     6.8364  34.969460  34.972303     2.8165   59.93053  -39.48297     4.9573         81 0.0000e+00
       1133     47.156     38.000     37.638     6.6571     6.6555  34.808216  34.811859     2.8026   59.93054  -39.48296     4.9573        100 0.0000e+00
       1223     50.903     40.000     39.619     6.5384     6.5366  34.706387  34.708015     2.7872   59.93054  -39.48296     4.9573         93 0.0000e+00
       1314     54.696     42.000     41.600     6.4453     6.4448  34.625649  34.628296     2.7759   59.93053  -39.48296     4.9573         79 0.0000e+00
       1401     58.330     44.000     43.581     6.3719     6.3722  34.563149  34.566175     2.7585   59.93054  -39.48296     4.9573        103 0.0000e+00
       1497     62.327     46.000     45.561     6.2348     6.2360  34.443900  34.451390     2.7267   59.93054  -39.48295     4.9573         86 0.0000e+00
       1579     65.752     48.000     47.542     6.0224     6.0223  34.258639  34.261375     2.7060   59.93053  -39.48296     4.9573         85 0.0000e+00
       1679     69.933     50.000     49.523     5.8069     5.8072  34.063306  34.070283     2.6724   59.93054  -39.48294     4.9573        100 0.0000e+00
       1765     73.516     52.000     51.504     5.5025     5.5015  33.790390  33.795326     2.6595   59.93054  -39.48294     4.9573         90 0.0000e+00
       1863     77.588     54.000     53.484     5.3877     5.3875  33.691443  33.694194     2.6446   59.93054  -39.48294     4.9573         88 0.0000e+00
       1943     80.933     56.000     55.465     5.2230     5.2239  33.546429  33.553330     2.6285   59.93054  -39.48294     4.9573         84 0.0000e+00
       2048     85.306     58.000     57.445     4.9830     4.9839  33.331494  33.336226     2.6180   59.93053  -39.48294     4.9573        118 0.0000e+00
       2140     89.140     60.000     59.426     4.8276     4.8283  33.200801  33.205785     2.6134   59.93054  -39.48294     4.9573         70 0.0000e+00
       2230     92.868     62.000     61.407     4.7044     4.7047  33.094575  33.098347     2.6104   59.93054  -39.48294     4.9573        117 0.0000e+00
       2337     97.348     64.000     63.387     4.6417     4.6415  33.041675  33.044075     2.6055   59.93054  -39.48295     4.9573         84 0.0000e+00
       2432    101.292     66.000     65.368     4.6023     4.6018  33.009963  33.011650     2.6011   59.93054  -39.48294     4.9573         89 0.0000e+00
       2547    106.066     68.000     67.348     4.5614     4.5615  32.975163  32.977717     2.5940   59.93054  -39.48295     4.9573         78 0.0000e+00
       2624    109.277     70.000     69.329     4.5144     4.5140  32.934567  32.936365     2.5903   59.93054  -39.48294     4.9573         82 0.0000e+00
       2743    114.260     72.000     71.309     4.4788     4.4786  32.904944  32.906935     2.5806   59.93054  -39.48294     4.9573         95 0.0000e+00
       2832    117.971     74.000     73.290     4.4296     4.4299  32.863004  32.865424     2.5755   59.93054  -39.48295     4.9573         95 0.0000e+00
       2940    122.465     76.000     75.270     4.4157     4.4152  32.852596  32.853785     2.5715   59.93053  -39.48296     4.9573        112 0.0000e+00
       3040    126.620     78.000     77.250     4.4117     4.4111  32.851750  32.852750     2.5668   59.93052  -39.48296     4.9573         85 0.0000e+00
       3126    130.190     80.000     79.231     4.3877     4.3875  32.831669  32.833499     2.5648   59.93053  -39.48296     4.9573        100 0.0000e+00
       3247    135.266     82.000     81.211     4.3633     4.3625  32.810110  32.811289     2.5617   59.93052  -39.48296     4.9573        110 0.0000e+00
       3332    138.800     84.000     83.191     4.3432     4.3426  32.793699  32.794849     2.5583   59.93052  -39.48296     4.9573         81 0.0000e+00
       3428    142.780     86.000     85.172     4.3347     4.3343  32.788640  32.789883     2.5531   59.93052  -39.48296     4.9573        108 0.0000e+00
       3531    147.083     88.000     87.152     4.3220     4.3215  32.778989  32.780169     2.5511   59.93052  -39.48296     4.9573        106 0.0000e+00
       3642    151.688     90.000     89.133     4.3153     4.3146  32.773896  32.774968     2.5490   59.93052  -39.48296     4.9573         90 0.0000e+00
       3714    154.728     92.000     91.113     4.3056     4.3052  32.766114  32.767628     2.5467   59.93052  -39.48296     4.9573         68 0.0000e+00
       3846    160.208     94.000     93.093     4.2839     4.2833  32.747806  32.748922     2.5426   59.93052  -39.48296     4.9573         72 0.0000e+00
       3914    163.036     96.000     95.073     4.2664     4.2657  32.733435  32.734622     2.5378   59.93052  -39.48296     4.9573         84 0.0000e+00
       4034    168.036     98.000     97.054     4.2552     4.2546  32.725263  32.726208     2.5346   59.93052  -39.48296     4.9573         96 0.0000e+00
       4122    171.727    100.000     99.034     4.2567     4.2568  32.727801  32.729435     2.5310   59.93052  -39.48296     4.9573         90 0.0000e+00
       4211    175.431    102.000    101.014     4.2784     4.2776  32.752555  32.752567     2.5165   59.93052  -39.48296     4.9573         92 0.0000e+00
       4610    192.054    104.000    102.994     4.3180     4.3163  32.795630  32.794961     2.4995   59.93052  -39.48296     4.9573        125 0.0000e+00
       4958    206.536    106.000    104.974     4.3365     4.3360  32.816464  32.817398     2.4858   59.93052  -39.48295     4.9573         65 0.0000e+00
       4999    208.254    108.000    106.954     4.3364     4.3360  32.817680  32.818652     2.4816   59.93052  -39.48294     4.9573         44 0.0000e+00
       5042    210.038    110.000    108.934     4.3319     4.3314  32.814813  32.816050     2.4782   59.93052  -39.48296     4.9573         46 0.0000e+00
       5099    212.420    112.000    110.915     4.3181     4.3176  32.802844  32.804089     2.4763   59.93052  -39.48296     4.9573         64 0.0000e+00
       5157    214.849    114.000    112.895     4.3077     4.3072  32.793744  32.795063     2.4771   59.93052  -39.48296     4.9573         52 0.0000e+00
       5203    216.770    116.000    114.874     4.2956     4.2952  32.782810  32.784114     2.4780   59.93052  -39.48296     4.9573         41 0.0000e+00
       5241    218.353    118.000    116.855     4.2882     4.2875  32.776329  32.777530     2.4783   59.93052  -39.48296     4.9573         37 0.0000e+00
       5282    220.039    120.000    118.835     4.2802     4.2795  32.769757  32.770676     2.4782   59.93052  -39.48295     4.9573         46 0.0000e+00
       5338    222.379    122.000    120.815     4.2772     4.2770  32.767929  32.769430     2.4776   59.93052  -39.48295     4.9573         63 0.0000e+00
       5393    224.651    124.000    122.795     4.2639     4.2635  32.755982  32.757465     2.4794   59.93052  -39.48296     4.9573         42 0.0000e+00
       5430    226.202    126.000    124.775     4.2515     4.2514  32.744715  32.746660     2.4808   59.93052  -39.48296     4.9573         37 0.0000e+00
       5476    228.109    128.000    126.755     4.2380     4.2374  32.732536  32.733709     2.4818   59.93052  -39.48295     4.9573         60 0.0000e+00
       5540    230.772    130.000    128.734     4.2286     4.2283  32.724645  32.725912     2.4814   59.93052  -39.48295     4.9573         56 0.0000e+00
       5586    232.726    132.000    130.714     4.2257     4.2252  32.723117  32.723966     2.4786   59.93052  -39.48296     4.9573         43 0.0000e+00
       5627    234.429    134.000    132.694     4.2236     4.2231  32.722456  32.723487     2.4775   59.93052  -39.48296     4.9573         39 0.0000e+00
       5667    236.095    136.000    134.674     4.2199     4.2192  32.720437  32.721367     2.4764   59.93052  -39.48296     4.9573         42 0.0000e+00
       5714    238.039    138.000    136.654     4.2139     4.2134  32.715919  32.716887     2.4748   59.93052  -39.48296     4.9573         53 0.0000e+00
       5770    240.372    140.000    138.634     4.2110     4.2105  32.714215  32.715179     2.4729   59.93052  -39.48296     4.9573         55 0.0000e+00
       5819    242.422    142.000    140.613     4.2058     4.2053  32.710531  32.711620     2.4712   59.93052  -39.48296     4.9573         44 0.0000e+00
       5862    244.220    144.000    142.593     4.2039     4.2034  32.709942  32.710858     2.4690   59.93052  -39.48296     4.9573         45 0.0000e+00
       5910    246.228    146.000    144.573     4.1999     4.1996  32.707159  32.708291     2.4679   59.93052  -39.48296     4.9573         50 0.0000e+00
       5960    248.290    148.000    146.553     4.1908     4.1907  32.699352  32.701124     2.4694   59.93052  -39.48296     4.9573         47 0.0000e+00
       6005    250.170    150.000    148.533     4.1685     4.1683  32.678743  32.680507     2.4672   59.93052  -39.48296     4.9573         46 0.0000e+00
       6058    252.356    152.000    150.513     4.1696     4.1691  32.682243  32.682676     2.4626   59.93052  -39.48296     4.9573         57 0.0000e+00
       6107    254.437    154.000    152.492     4.1785     4.1784  32.692962  32.693957     2.4594   59.93052  -39.48296     4.9573         42 0.0000e+00
       6148    256.124    156.000    154.472     4.1785     4.1783  32.694115  32.695221     2.4570   59.93052  -39.48296     4.9573         42 0.0000e+00
       6192    257.952    158.000    156.451     4.1830     4.1823  32.699832  32.700196     2.4537   59.93052  -39.48296     4.9573         46 0.0000e+00
       6241    260.008    160.000    158.431     4.1897     4.1886  32.707666  32.707689     2.4501   59.93052  -39.48296     4.9573         54 0.0000e+00
       6299    262.404    162.000    160.411     4.1943     4.1939  32.713438  32.714321     2.4454   59.93052  -39.48296     4.9573         56 0.0000e+00
       6347    264.411    164.000    162.390     4.1912     4.1908  32.712445  32.713588     2.4426   59.93052  -39.48296     4.9573         41 0.0000e+00
       6385    266.020    166.000    164.370     4.1850     4.1846  32.707652  32.708796     2.4411   59.93052  -39.48296     4.9573         39 0.0000e+00
       6427    267.755    168.000    166.349     4.1820     4.1815  32.705870  32.706962     2.4395   59.93052  -39.48296     4.9573         46 0.0000e+00
       6480    269.973    170.000    168.329     4.1810     4.1806  32.706187  32.707142     2.4372   59.93052  -39.48296     4.9573         58 0.0000e+00
       6537    272.344    172.000    170.308     4.1774     4.1771  32.704010  32.705114     2.4351   59.93052  -39.48296     4.9573         54 0.0000e+00
       6587    274.400    174.000    172.288     4.1762     4.1759  32.703984  32.704999     2.4341   59.93052  -39.48296     4.9573         44 0.0000e+00
       6627    276.082    176.000    174.267     4.1762     4.1758  32.704930  32.705863     2.4339   59.93052  -39.48296     4.9573         39 0.0000e+00
       6668    277.803    178.000    176.247     4.1758     4.1755  32.705482  32.706469     2.4338   59.93052  -39.48296     4.9573         46 0.0000e+00
       6720    279.960    180.000    178.226     4.1757     4.1753  32.706272  32.707102     2.4327   59.93052  -39.48296     4.9573         54 0.0000e+00
       6770    282.061    182.000    180.205     4.1746     4.1742  32.706282  32.707201     2.4311   59.93052  -39.48296     4.9573         45 0.0000e+00
       6812    283.779    184.000    182.185     4.1722     4.1719  32.705216  32.706181     2.4293   59.93052  -39.48296     4.9573         41 0.0000e+00
       6859    285.758    186.000    184.164     4.1676     4.1672  32.701989  32.703101     2.4273   59.93052  -39.48296     4.9573         56 0.0000e+00
       6918    288.190    188.000    186.144     4.1644     4.1640  32.700179  32.701123     2.4271   59.93052  -39.48296     4.9573         53 0.0000e+00
       6960    289.959    190.000    188.123     4.1559     4.1552  32.692730  32.694073     2.4280   59.93053  -39.48296     4.9573         37 0.0000e+00
       7001    291.673    192.000    190.102     4.1448     4.1443  32.683285  32.684304     2.4280   59.93053  -39.48296     4.9573         50 0.0000e+00
       7059    294.069    194.000    192.082     4.1419     4.1414  32.681809  32.682679     2.4253   59.93052  -39.48297     4.9573         57 0.0000e+00
       7108    296.142    196.000    194.061     4.1409     4.1405  32.682338  32.683316     2.4226   59.93052  -39.48296     4.9573         44 0.0000e+00
       7148    297.810    198.000    196.040     4.1339     4.1334  32.677301  32.678360     2.4207   59.93052  -39.48296     4.9573         38 0.0000e+00
       7189    299.505    200.000    198.020     4.1278     4.1276  32.672765  32.674013     2.4190   59.93052  -39.48296     4.9573         44 0.0000e+00
       7235    301.435    202.000    199.999     4.1134     4.1131  32.659996  32.661387     2.4183   59.93052  -39.48296     4.9573         49 0.0000e+00
       7290    303.710    204.000    201.978     4.1062     4.1051  32.654125  32.654674     2.4189   59.93052  -39.48296     4.9573         61 0.0000e+00
       7347    306.086    206.000    203.957     4.0936     4.0936  32.643224  32.644654     2.4190   59.93052  -39.48296     4.9573         49 0.0000e+00
       7391    307.900    208.000    205.937     4.0896     4.0891  32.640506  32.641443     2.4181   59.93052  -39.48296     4.9573         40 0.0000e+00
       7430    309.542    210.000    207.915     4.0877     4.0873  32.639770  32.640620     2.4174   59.93052  -39.48296     4.9573         40 0.0000e+00
       7477    311.485    212.000    209.895     4.0896     4.0891  32.642482  32.643287     2.4159   59.93054  -39.48296     4.9573         55 0.0000e+00
       7534    313.869    214.000    211.874     4.0886     4.0881  32.642559  32.643487     2.4146   59.93052  -39.48294     4.9573         53 0.0000e+00
       7580    315.812    216.000    213.853     4.0822     4.0816  32.637577  32.638443     2.4130   59.93052  -39.48296     4.9573         44 0.0000e+00
