Example_Files/SBE_Processing_Files/Processed_SBE_cast_files/downcasts/dar69-01_008.cnv
* Sea-Bird SBE 9 Data File:
* FileName = D:\data\ar69-01_008.hex
* Software Version Seasave V 7.26.7.107
* Temperature SN = 4491
* Conductivity SN = 3009
* Number of Bytes Per Scan = 44
* Number of Voltage Words = 5
* Number of Scans Averaged by the Deck Unit = 1
* NMEA Latitude = 55 58.83 N
* NMEA Longitude = 043 11.33 W
* NMEA UTC (Time) = Jun 27 2022  11:04:26
** Cruise ID: AR69-01
** Chief Sci:
** Station #: 008
** Site ID: Transit - cal. dip (microcats)
# nquan = 14
# nvalues = 1525                        
# units = specified
# name 0 = scan: Scan Count
# name 1 = timeS: Time, Elapsed [seconds]
# name 2 = prDM: Pressure, Digiquartz [db]
# name 3 = depSM: Depth [salt water, m]
# name 4 = t090C: Temperature [ITS-90, deg C]
# name 5 = t190C: Temperature, 2 [ITS-90, deg C]
# name 6 = c0mS/cm: Conductivity [mS/cm]
# name 7 = c1mS/cm: Conductivity, 2 [mS/cm]
# name 8 = sbeox0V: Oxygen raw, SBE 43 [V]
# name 9 = latitude: Latitude [deg]
# name 10 = longitude: Longitude [deg]
# name 11 = v7: Voltage 7
# name 12 = nbin: number of scans per bin
# name 13 = flag: flag
# span 0 =        -71,      96249       
# span 1 =     -2.989,   4010.336       
# span 2 =      4.000,   3052.000       
# span 3 =      3.964,   3002.495       
# span 4 =     2.6898,     5.8333       
# span 5 =     2.6901,     5.8327       
# span 6 =  31.819345,  33.945955       
# span 7 =  31.820993,  33.948187       
# span 8 =     1.7227,     2.8170       
# span 9 =   55.98054,   55.98071       
# span 10 =  -43.18880,  -43.18475      
# span 11 =     4.9560,     4.9573      
# span 12 =         18,        111      
# span 13 = 0.0000e+00, 0.0000e+00      
# interval = decibars: 2                
# start_time = Jun 27 2022 11:04:26 [NMEA time, first data scan]
# bad_flag = -9.990e-29
*END*
[from data line 826]
      42743   1780.918   1656.000   1634.447     3.4653     3.4651  32.713584  32.714871     2.0462   55.98060  -43.18712     4.9566         45 0.0000e+00
      42771   1782.102   1658.000   1636.413     3.4651     3.4650  32.714310  32.715679     2.0463   55.98060  -43.18712     4.9566         26 0.0000e+00
      42800   1783.284   1660.000   1638.380     3.4649     3.4647  32.714991  32.716251     2.0461   55.98060  -43.18712     4.9565         33 0.0000e+00
      42855   1785.571   1662.000   1640.346     3.4651     3.4649  32.715854  32.716969     2.0454   55.98061  -43.18712     4.9564         71 0.0000e+00
      42908   1787.775   1664.000   1642.312     3.4660     3.4657  32.717959  32.719051     2.0448   55.98060  -43.18710     4.9563         38 0.0000e+00
      42954   1789.698   1666.000   1644.278     3.4670     3.4666  32.719894  32.721049     2.0435   55.98060  -43.18710     4.9564         63 0.0000e+00
      43022   1792.537   1668.000   1646.245     3.4675     3.4672  32.721493  32.722648     2.0422   55.98061  -43.18712     4.9564         56 0.0000e+00
      43064   1794.295   1670.000   1648.210     3.4679     3.4676  32.722751  32.723864     2.0418   55.98062  -43.18712     4.9563         35 0.0000e+00
      43095   1795.566   1672.000   1650.177     3.4684     3.4681  32.724144  32.725279     2.0417   55.98062  -43.18711     4.9565         28 0.0000e+00
      43126   1796.886   1674.000   1652.143     3.4692     3.4689  32.725972  32.727137     2.0415   55.98061  -43.18710     4.9564         39 0.0000e+00
      43211   1800.431   1676.000   1654.109     3.4700     3.4696  32.727513  32.728550     2.0395   55.98062  -43.18710     4.9563         59 0.0000e+00
      43261   1802.486   1678.000   1656.075     3.4707     3.4705  32.729506  32.730697     2.0383   55.98062  -43.18710     4.9566         31 0.0000e+00
      43289   1803.674   1680.000   1658.041     3.4712     3.4710  32.730881  32.732207     2.0381   55.98062  -43.18710     4.9566         27 0.0000e+00
      43318   1804.865   1682.000   1660.007     3.4717     3.4715  32.732337  32.733483     2.0378   55.98062  -43.18710     4.9565         32 0.0000e+00
      43371   1807.069   1684.000   1661.973     3.4721     3.4718  32.733332  32.734522     2.0376   55.98062  -43.18708     4.9565         84 0.0000e+00
      43453   1810.481   1686.000   1663.939     3.4725     3.4722  32.734824  32.735903     2.0359   55.98062  -43.18710     4.9565         60 0.0000e+00
      43498   1812.372   1688.000   1665.905     3.4733     3.4730  32.736710  32.737830     2.0341   55.98062  -43.18710     4.9565         36 0.0000e+00
      43530   1813.716   1690.000   1667.871     3.4741     3.4739  32.738629  32.739787     2.0332   55.98062  -43.18708     4.9565         30 0.0000e+00
      43560   1814.970   1692.000   1669.837     3.4754     3.4752  32.741232  32.742385     2.0328   55.98062  -43.18708     4.9564         32 0.0000e+00
      43600   1816.639   1694.000   1671.803     3.4763     3.4760  32.743184  32.744291     2.0322   55.98062  -43.18708     4.9563         55 0.0000e+00
      43696   1820.609   1696.000   1673.769     3.4768     3.4765  32.744359  32.745598     2.0299   55.98062  -43.18708     4.9566         49 0.0000e+00
      43730   1822.030   1698.000   1675.735     3.4773     3.4770  32.746113  32.747266     2.0293   55.98062  -43.18708     4.9563         33 0.0000e+00
      43763   1823.422   1700.000   1677.701     3.4778     3.4776  32.747562  32.748851     2.0288   55.98062  -43.18708     4.9563         34 0.0000e+00
      43798   1824.882   1702.000   1679.666     3.4782     3.4780  32.749000  32.750193     2.0286   55.98062  -43.18708     4.9566         36 0.0000e+00
      43836   1826.460   1704.000   1681.632     3.4786     3.4783  32.750203  32.751380     2.0282   55.98064  -43.18706     4.9566         42 0.0000e+00
      43920   1829.943   1706.000   1683.598     3.4790     3.4787  32.751240  32.752451     2.0268   55.98063  -43.18706     4.9564         60 0.0000e+00
      43974   1832.205   1708.000   1685.564     3.4791     3.4789  32.752522  32.753691     2.0257   55.98063  -43.18708     4.9566         31 0.0000e+00
      44004   1833.452   1710.000   1687.530     3.4793     3.4791  32.753642  32.754851     2.0255   55.98064  -43.18708     4.9564         30 0.0000e+00
      44035   1834.746   1712.000   1689.495     3.4796     3.4793  32.754863  32.755955     2.0253   55.98064  -43.18706     4.9564         33 0.0000e+00
      44072   1836.292   1714.000   1691.461     3.4798     3.4796  32.756101  32.757233     2.0245   55.98062  -43.18704     4.9564         43 0.0000e+00
      44144   1839.304   1716.000   1693.427     3.4806     3.4804  32.758038  32.759179     2.0231   55.98063  -43.18705     4.9563         71 0.0000e+00
      44224   1842.637   1718.000   1695.393     3.4809     3.4806  32.759375  32.760515     2.0208   55.98062  -43.18706     4.9563         32 0.0000e+00
      44250   1843.702   1720.000   1697.358     3.4812     3.4811  32.760900  32.762149     2.0205   55.98062  -43.18706     4.9564         24 0.0000e+00
      44274   1844.717   1722.000   1699.324     3.4816     3.4815  32.762049  32.763338     2.0204   55.98062  -43.18704     4.9564         25 0.0000e+00
      44302   1845.868   1724.000   1701.290     3.4820     3.4818  32.763375  32.764633     2.0202   55.98062  -43.18704     4.9564         32 0.0000e+00
      44366   1848.530   1726.000   1703.255     3.4826     3.4824  32.764895  32.765997     2.0190   55.98062  -43.18704     4.9565         71 0.0000e+00
      44462   1852.541   1728.000   1705.221     3.4828     3.4825  32.766157  32.767270     2.0165   55.98062  -43.18706     4.9565         55 0.0000e+00
      44498   1854.035   1730.000   1707.186     3.4832     3.4830  32.767720  32.768872     2.0154   55.98062  -43.18706     4.9565         29 0.0000e+00
      44524   1855.124   1732.000   1709.152     3.4835     3.4833  32.769050  32.770265     2.0149   55.98062  -43.18704     4.9566         25 0.0000e+00
      44549   1856.156   1734.000   1711.118     3.4839     3.4837  32.770794  32.772031     2.0144   55.98062  -43.18703     4.9564         25 0.0000e+00
      44583   1857.566   1736.000   1713.083     3.4842     3.4839  32.772384  32.773545     2.0138   55.98062  -43.18702     4.9565         46 0.0000e+00
      44706   1862.722   1738.000   1715.049     3.4846     3.4842  32.773449  32.774342     2.0107   55.98062  -43.18704     4.9563         32 0.0000e+00
      44727   1863.588   1740.000   1717.014     3.4845     3.4844  32.775329  32.776661     2.0102   55.98062  -43.18704     4.9562         23 0.0000e+00
      44750   1864.560   1742.000   1718.980     3.4847     3.4846  32.776517  32.777746     2.0101   55.98062  -43.18704     4.9565         24 0.0000e+00
      44778   1865.703   1744.000   1720.945     3.4849     3.4847  32.777493  32.778721     2.0096   55.98062  -43.18703     4.9565         34 0.0000e+00
      44863   1869.240   1746.000   1722.910     3.4854     3.4851  32.778550  32.779674     2.0080   55.98062  -43.18702     4.9564         52 0.0000e+00
      44904   1870.951   1748.000   1724.876     3.4852     3.4850  32.779672  32.780870     2.0074   55.98062  -43.18702     4.9564         29 0.0000e+00
      44937   1872.321   1750.000   1726.841     3.4850     3.4848  32.780816  32.782053     2.0067   55.98062  -43.18702     4.9563         38 0.0000e+00
      44992   1874.604   1752.000   1728.807     3.4851     3.4849  32.781818  32.782974     2.0057   55.98062  -43.18702     4.9565         75 0.0000e+00
      45057   1877.341   1754.000   1730.772     3.4852     3.4850  32.782823  32.783926     2.0047   55.98062  -43.18702     4.9563         45 0.0000e+00
      45096   1878.946   1756.000   1732.737     3.4853     3.4852  32.783790  32.785017     2.0038   55.98062  -43.18702     4.9563         39 0.0000e+00
      45135   1880.595   1758.000   1734.703     3.4854     3.4853  32.784763  32.785970     2.0032   55.98062  -43.18702     4.9564         40 0.0000e+00
      45175   1882.260   1760.000   1736.668     3.4852     3.4850  32.785587  32.786753     2.0029   55.98062  -43.18700     4.9563         39 0.0000e+00
      45215   1883.920   1762.000   1738.634     3.4849     3.4846  32.786465  32.787676     2.0022   55.98062  -43.18700     4.9563         45 0.0000e+00
      45296   1887.295   1764.000   1740.599     3.4850     3.4848  32.787431  32.788594     2.0002   55.98062  -43.18701     4.9563         59 0.0000e+00
      45343   1889.265   1766.000   1742.564     3.4849     3.4847  32.788423  32.789667     1.9994   55.98062  -43.18700     4.9564         27 0.0000e+00
      45369   1890.329   1768.000   1744.529     3.4846     3.4844  32.789143  32.790375     1.9990   55.98062  -43.18700     4.9564         26 0.0000e+00
      45400   1891.629   1770.000   1746.494     3.4840     3.4838  32.789616  32.790846     1.9985   55.98062  -43.18700     4.9563         41 0.0000e+00
      45474   1894.690   1772.000   1748.460     3.4833     3.4832  32.789976  32.791241     1.9968   55.98064  -43.18700     4.9564         63 0.0000e+00
      45520   1896.613   1774.000   1750.425     3.4839     3.4837  32.792145  32.793186     1.9962   55.98064  -43.18700     4.9566         42 0.0000e+00
      45567   1898.598   1776.000   1752.390     3.4845     3.4843  32.793776  32.794976     1.9951   55.98064  -43.18700     4.9564         51 0.0000e+00
      45613   1900.510   1778.000   1754.355     3.4844     3.4841  32.794612  32.795837     1.9936   55.98064  -43.18700     4.9564         41 0.0000e+00
      45654   1902.218   1780.000   1756.320     3.4837     3.4835  32.795046  32.796186     1.9926   55.98064  -43.18698     4.9564         43 0.0000e+00
      45700   1904.124   1782.000   1758.285     3.4836     3.4834  32.795773  32.796975     1.9922   55.98064  -43.18698     4.9563         45 0.0000e+00
      45742   1905.864   1784.000   1760.251     3.4836     3.4834  32.796677  32.797858     1.9914   55.98064  -43.18698     4.9563         42 0.0000e+00
      45800   1908.300   1786.000   1762.216     3.4823     3.4821  32.796826  32.797985     1.9904   55.98064  -43.18698     4.9564         74 0.0000e+00
      45858   1910.709   1788.000   1764.181     3.4812     3.4811  32.796805  32.798039     1.9899   55.98064  -43.18698     4.9563         38 0.0000e+00
      45893   1912.152   1790.000   1766.146     3.4811     3.4809  32.797472  32.798675     1.9894   55.98064  -43.18698     4.9564         36 0.0000e+00
      45938   1914.052   1792.000   1768.111     3.4817     3.4815  32.799115  32.800259     1.9885   55.98064  -43.18698     4.9563         58 0.0000e+00
      45996   1916.447   1794.000   1770.076     3.4824     3.4821  32.800666  32.801757     1.9872   55.98064  -43.18698     4.9563         49 0.0000e+00
      46040   1918.296   1796.000   1772.041     3.4822     3.4819  32.801609  32.802723     1.9869   55.98064  -43.18697     4.9564         44 0.0000e+00
      46083   1920.104   1798.000   1774.006     3.4819     3.4817  32.802344  32.803522     1.9866   55.98064  -43.18696     4.9564         40 0.0000e+00
      46120   1921.644   1800.000   1775.971     3.4814     3.4813  32.802867  32.804115     1.9863   55.98064  -43.18696     4.9563         37 0.0000e+00
      46168   1923.625   1802.000   1777.936     3.4813     3.4810  32.803536  32.804699     1.9856   55.98064  -43.18696     4.9563         65 0.0000e+00
      46237   1926.513   1804.000   1779.901     3.4811     3.4808  32.804231  32.805302     1.9847   55.98064  -43.18696     4.9563         56 0.0000e+00
      46282   1928.388   1806.000   1781.866     3.4810     3.4807  32.805015  32.806200     1.9837   55.98064  -43.18696     4.9563         43 0.0000e+00
      46324   1930.108   1808.000   1783.831     3.4806     3.4804  32.805577  32.806771     1.9830   55.98064  -43.18696     4.9563         39 0.0000e+00
      46359   1931.571   1810.000   1785.795     3.4807     3.4805  32.806582  32.807686     1.9830   55.98064  -43.18696     4.9564         32 0.0000e+00
      46392   1932.967   1812.000   1787.760     3.4807     3.4806  32.807401  32.808624     1.9827   55.98064  -43.18694     4.9564         38 0.0000e+00
      46472   1936.311   1814.000   1789.725     3.4806     3.4803  32.808201  32.809318     1.9814   55.98064  -43.18695     4.9563         60 0.0000e+00
      46532   1938.787   1816.000   1791.690     3.4795     3.4793  32.808667  32.809783     1.9804   55.98064  -43.18696     4.9563         33 0.0000e+00
      46564   1940.127   1818.000   1793.654     3.4796     3.4794  32.809345  32.810661     1.9798   55.98064  -43.18695     4.9564         33 0.0000e+00
      46597   1941.492   1820.000   1795.619     3.4795     3.4793  32.810308  32.811510     1.9793   55.98064  -43.18694     4.9563         33 0.0000e+00
      46632   1942.961   1822.000   1797.584     3.4792     3.4791  32.810956  32.812202     1.9791   55.98064  -43.18693     4.9562         39 0.0000e+00
      46687   1945.252   1824.000   1799.549     3.4792     3.4790  32.811766  32.812884     1.9784   55.98064  -43.18693     4.9563         80 0.0000e+00
      46765   1948.487   1826.000   1801.513     3.4789     3.4787  32.812402  32.813590     1.9770   55.98063  -43.18695     4.9563         55 0.0000e+00
      46807   1950.234   1828.000   1803.478     3.4781     3.4779  32.812876  32.814037     1.9764   55.98064  -43.18695     4.9565         37 0.0000e+00
      46840   1951.635   1830.000   1805.443     3.4779     3.4777  32.813487  32.814621     1.9761   55.98064  -43.18693     4.9563         31 0.0000e+00
      46873   1952.997   1832.000   1807.407     3.4770     3.4769  32.813564  32.814894     1.9757   55.98062  -43.18692     4.9565         36 0.0000e+00
      46929   1955.353   1834.000   1809.372     3.4759     3.4756  32.813440  32.814526     1.9749   55.98063  -43.18693     4.9564         81 0.0000e+00
      47000   1958.275   1836.000   1811.337     3.4753     3.4750  32.813928  32.814952     1.9740   55.98062  -43.18694     4.9565         48 0.0000e+00
      47038   1959.878   1838.000   1813.302     3.4749     3.4747  32.814516  32.815593     1.9737   55.98064  -43.18692     4.9564         33 0.0000e+00
      47070   1961.193   1840.000   1815.266     3.4746     3.4745  32.815132  32.816295     1.9734   55.98063  -43.18692     4.9564         33 0.0000e+00
      47116   1963.133   1842.000   1817.231     3.4741     3.4738  32.815366  32.816461     1.9728   55.98062  -43.18692     4.9563         71 0.0000e+00
      47185   1966.011   1844.000   1819.195     3.4738     3.4734  32.815999  32.817048     1.9713   55.98062  -43.18692     4.9563         44 0.0000e+00
      47218   1967.392   1846.000   1821.160     3.4730     3.4729  32.816276  32.817466     1.9711   55.98063  -43.18692     4.9565         34 0.0000e+00
      47254   1968.856   1848.000   1823.124     3.4728     3.4726  32.816809  32.818003     1.9710   55.98064  -43.18692     4.9563         38 0.0000e+00
      47302   1970.880   1850.000   1825.089     3.4719     3.4717  32.816798  32.817974     1.9705   55.98062  -43.18692     4.9564         63 0.0000e+00
      47396   1974.811   1852.000   1827.053     3.4715     3.4716  32.817313  32.818677     1.9696   55.98062  -43.18692     4.9564         48 0.0000e+00
      47424   1975.959   1854.000   1829.018     3.4705     3.4704  32.817454  32.818621     1.9695   55.98062  -43.18692     4.9565         26 0.0000e+00
      47449   1977.011   1856.000   1830.982     3.4704     3.4704  32.818267  32.819411     1.9693   55.98062  -43.18692     4.9564         26 0.0000e+00
      47480   1978.276   1858.000   1832.947     3.4706     3.4705  32.819041  32.820269     1.9690   55.98062  -43.18691     4.9564         38 0.0000e+00
      47543   1980.897   1860.000   1834.911     3.4707     3.4704  32.819883  32.820946     1.9683   55.98062  -43.18691     4.9564         82 0.0000e+00
