Example_Files/SBE_Processing_Files/Processed_SBE_cast_files/downcasts/dar69-01_007.cnv
* Sea-Bird SBE 9 Data File:
* FileName = D:\data\ar69-01_007.hex
* Software Version Seasave V 7.26.7.107
* Temperature SN = 4491
* Conductivity SN = 3009
* Number of Bytes Per Scan = 44
* Number of Voltage Words = 5
* Number of Scans Averaged by the Deck Unit = 1
* NMEA Latitude = 53 54.62 N
* NMEA Longitude = 045 23.76 W
* NMEA UTC (Time) = Jun 26 2022  15:18:37
** Cruise ID: AR69-01
** Chief Sci:
** Station #: 007
** Site ID: Transit - cal. dip (optodes + microcats)
# nquan = 14
# nvalues = 1728                        
# units = specified
# name 0 = scan: Scan Count
# name 1 = timeS: Time, Elapsed [seconds]
# name 2 = prDM: Pressure, Digiquartz [db]
# name 3 = depSM: Depth [salt water, m]
# name 4 = t090C: Temperature [ITS-90, deg C]
# name 5 = t190C: Temperature, 2 [ITS-90, deg C]
# name 6 = c0mS/cm: Conductivity [mS/cm]
# name 7 = c1mS/cm: Conductivity, 2 [mS/cm]
# name 8 = sbeox0V: Oxygen raw, SBE 43 [V]
# name 9 = latitude: Latitude [deg]
# name 10 = longitude: Longitude [deg]
# name 11 = v7: Voltage 7
# name 12 = nbin: number of scans per bin
# name 13 = flag: flag
# span 0 =       1235,     103072       
# span 1 =     51.420,   4294.607       
# span 2 =      4.000,   3458.000       
# span 3 =      3.963,   3399.353       
# span 4 =     2.4735,     9.1711       
# span 5 =     2.4731,     9.1680       
# span 6 =  32.161924,  36.886268       
# span 7 =  32.166635,  36.888329       
# span 8 =     1.6596,     2.8852       
# span 9 =   53.90745,   53.91040       
# span 10 =  -45.39600,  -45.39556      
# span 11 =     4.9560,     4.9573      
# span 12 =          1,        122      
# span 13 = 0.0000e+00, 0.0000e+00      
# interval = decibars: 2                
# start_time = Jun 26 2022 15:18:37 [NMEA time, first data scan]
# bad_flag = -9.990e-29
*END*
[from data line 413]
      23760    989.948    830.000    820.954     3.5855     3.5838  32.439031  32.438699     2.2603   53.90934  -45.39586     4.9567         42 0.0000e+00
      23815    992.238    832.000    822.928     3.5960     3.5957  32.450365  32.452040     2.2591   53.90934  -45.39586     4.9568         66 0.0000e+00
      23879    994.913    834.000    824.902     3.5980     3.5955  32.453369  32.452679     2.2583   53.90934  -45.39586     4.9568         54 0.0000e+00
      23920    996.638    836.000    826.876     3.6004     3.5997  32.456750  32.458053     2.2580   53.90934  -45.39586     4.9568         35 0.0000e+00
      23956    998.123    838.000    828.851     3.5977     3.5971  32.454991  32.456413     2.2577   53.90934  -45.39586     4.9567         39 0.0000e+00
      24003   1000.082    840.000    830.825     3.5944     3.5939  32.452451  32.454112     2.2577   53.90933  -45.39586     4.9567         53 0.0000e+00
      24052   1002.143    842.000    832.799     3.5832     3.5828  32.442452  32.444066     2.2570   53.90932  -45.39586     4.9567         47 0.0000e+00
      24109   1004.488    844.000    834.773     3.5831     3.5826  32.443364  32.444787     2.2568   53.90932  -45.39586     4.9567         63 0.0000e+00
      24161   1006.678    846.000    836.747     3.5854     3.5849  32.446694  32.448155     2.2568   53.90932  -45.39584     4.9567         39 0.0000e+00
      24194   1008.061    848.000    838.721     3.5843     3.5841  32.446699  32.448725     2.2563   53.90932  -45.39584     4.9567         32 0.0000e+00
      24230   1009.544    850.000    840.696     3.5828     3.5823  32.446354  32.447770     2.2553   53.90932  -45.39586     4.9567         43 0.0000e+00
      24299   1012.412    852.000    842.670     3.5879     3.5862  32.452578  32.452439     2.2544   53.90931  -45.39584     4.9567         83 0.0000e+00
      24357   1014.823    854.000    844.644     3.5912     3.5908  32.457036  32.458574     2.2541   53.90930  -45.39584     4.9566         36 0.0000e+00
      24389   1016.183    856.000    846.618     3.5907     3.5902  32.457563  32.459134     2.2533   53.90930  -45.39584     4.9567         36 0.0000e+00
      24433   1017.983    858.000    848.592     3.5889     3.5884  32.456831  32.458126     2.2529   53.90930  -45.39584     4.9567         48 0.0000e+00
      24478   1019.874    860.000    850.566     3.5886     3.5881  32.457301  32.458790     2.2530   53.90930  -45.39584     4.9567         45 0.0000e+00
      24534   1022.196    862.000    852.540     3.5872     3.5867  32.456785  32.458306     2.2524   53.90930  -45.39584     4.9567         64 0.0000e+00
      24588   1024.443    864.000    854.514     3.5867     3.5862  32.457439  32.458782     2.2519   53.90930  -45.39584     4.9567         41 0.0000e+00
      24624   1025.956    866.000    856.488     3.5849     3.5843  32.456643  32.458151     2.2515   53.90930  -45.39584     4.9566         35 0.0000e+00
      24663   1027.604    868.000    858.462     3.5823     3.5817  32.455065  32.456460     2.2505   53.90928  -45.39582     4.9567         50 0.0000e+00
      24730   1030.386    870.000    860.435     3.5819     3.5813  32.455604  32.456884     2.2493   53.90928  -45.39582     4.9567         64 0.0000e+00
      24772   1032.132    872.000    862.409     3.5871     3.5863  32.462149  32.463326     2.2494   53.90930  -45.39582     4.9566         33 0.0000e+00
      24806   1033.526    874.000    864.383     3.5883     3.5878  32.464388  32.465771     2.2493   53.90929  -45.39582     4.9567         37 0.0000e+00
      24871   1036.268    876.000    866.357     3.5875     3.5867  32.464238  32.465480     2.2491   53.90927  -45.39582     4.9567         66 0.0000e+00
      24924   1038.470    878.000    868.331     3.5808     3.5801  32.458476  32.459936     2.2499   53.90928  -45.39582     4.9567         31 0.0000e+00
      24953   1039.653    880.000    870.305     3.5759     3.5752  32.454675  32.456026     2.2506   53.90928  -45.39582     4.9567         29 0.0000e+00
      24988   1041.109    882.000    872.279     3.5704     3.5701  32.450176  32.451865     2.2508   53.90928  -45.39582     4.9567         45 0.0000e+00
      25066   1044.379    884.000    874.252     3.5725     3.5715  32.453001  32.453989     2.2505   53.90926  -45.39582     4.9566         77 0.0000e+00
      25116   1046.438    886.000    876.226     3.5718     3.5715  32.453348  32.455432     2.2505   53.90926  -45.39582     4.9567         32 0.0000e+00
      25143   1047.599    888.000    878.200     3.5668     3.5674  32.449555  32.452069     2.2500   53.90926  -45.39582     4.9568         28 0.0000e+00
      25177   1048.986    890.000    880.173     3.5679     3.5673  32.451406  32.452857     2.2493   53.90926  -45.39582     4.9567         43 0.0000e+00
      25243   1051.731    892.000    882.147     3.5630     3.5634  32.447019  32.449923     2.2495   53.90926  -45.39582     4.9567         75 0.0000e+00
      25301   1054.163    894.000    884.121     3.5436     3.5433  32.428717  32.430599     2.2519   53.90926  -45.39582     4.9567         48 0.0000e+00
      25344   1055.978    896.000    886.095     3.5330     3.5328  32.418833  32.421489     2.2544   53.90926  -45.39582     4.9568         41 0.0000e+00
      25385   1057.656    898.000    888.068     3.5145     3.5140  32.401643  32.403142     2.2561   53.90926  -45.39582     4.9567         41 0.0000e+00
      25431   1059.576    900.000    890.042     3.5143     3.5138  32.402259  32.403626     2.2569   53.90926  -45.39582     4.9567         52 0.0000e+00
      25480   1061.622    902.000    892.016     3.5155     3.5152  32.404400  32.406064     2.2568   53.90926  -45.39583     4.9566         43 0.0000e+00
      25522   1063.363    904.000    893.989     3.5189     3.5187  32.408861  32.410411     2.2540   53.90924  -45.39583     4.9567         46 0.0000e+00
      25581   1065.840    906.000    895.963     3.5518     3.5514  32.444235  32.444856     2.2501   53.90924  -45.39582     4.9567         64 0.0000e+00
      25631   1067.912    908.000    897.936     3.5562     3.5557  32.449706  32.451087     2.2480   53.90924  -45.39583     4.9567         38 0.0000e+00
      25666   1069.355    910.000    899.910     3.5552     3.5546  32.449586  32.450921     2.2472   53.90924  -45.39584     4.9568         35 0.0000e+00
      25707   1071.086    912.000    901.884     3.5558     3.5552  32.450925  32.452314     2.2466   53.90924  -45.39583     4.9567         52 0.0000e+00
      25768   1073.612    914.000    903.857     3.5555     3.5548  32.451285  32.452618     2.2456   53.90924  -45.39582     4.9567         63 0.0000e+00
      25823   1075.937    916.000    905.830     3.5556     3.5551  32.452301  32.453628     2.2449   53.90924  -45.39584     4.9567         47 0.0000e+00
      25865   1077.680    918.000    907.804     3.5555     3.5550  32.453184  32.454415     2.2445   53.90923  -45.39583     4.9567         40 0.0000e+00
      25906   1079.365    920.000    909.777     3.5607     3.5606  32.459606  32.461681     2.2440   53.90922  -45.39582     4.9567         41 0.0000e+00
      25950   1081.209    922.000    911.750     3.5512     3.5508  32.451269  32.452532     2.2424   53.90922  -45.39584     4.9565         50 0.0000e+00
      26011   1083.751    924.000    913.724     3.5592     3.5586  32.460414  32.461687     2.2411   53.90922  -45.39583     4.9566         61 0.0000e+00
      26056   1085.613    926.000    915.697     3.5545     3.5543  32.456910  32.459064     2.2415   53.90922  -45.39582     4.9566         36 0.0000e+00
      26094   1087.226    928.000    917.671     3.5492     3.5488  32.452714  32.454467     2.2409   53.90922  -45.39582     4.9567         45 0.0000e+00
      26146   1089.371    930.000    919.644     3.5464     3.5459  32.450936  32.452353     2.2406   53.90922  -45.39582     4.9567         53 0.0000e+00
      26194   1091.384    932.000    921.617     3.5462     3.5456  32.451576  32.452895     2.2403   53.90922  -45.39582     4.9566         46 0.0000e+00
      26244   1093.440    934.000    923.591     3.5461     3.5455  32.452335  32.453794     2.2397   53.90922  -45.39582     4.9567         52 0.0000e+00
      26293   1095.482    936.000    925.564     3.5447     3.5441  32.451994  32.453352     2.2394   53.90921  -45.39582     4.9567         46 0.0000e+00
      26341   1097.506    938.000    927.537     3.5448     3.5443  32.453133  32.454508     2.2390   53.90920  -45.39582     4.9566         53 0.0000e+00
      26392   1099.607    940.000    929.510     3.5447     3.5440  32.454053  32.455353     2.2381   53.90920  -45.39582     4.9567         43 0.0000e+00
      26429   1101.186    942.000    931.484     3.5446     3.5441  32.455057  32.456157     2.2376   53.90922  -45.39582     4.9567         35 0.0000e+00
      26467   1102.733    944.000    933.457     3.5541     3.5537  32.465806  32.467187     2.2368   53.90921  -45.39582     4.9567         44 0.0000e+00
      26541   1105.832    946.000    935.430     3.5549     3.5548  32.467323  32.469149     2.2340   53.90920  -45.39582     4.9567         72 0.0000e+00
      26588   1107.772    948.000    937.403     3.5620     3.5613  32.475809  32.476964     2.2326   53.90920  -45.39582     4.9566         31 0.0000e+00
      26618   1109.038    950.000    939.376     3.5623     3.5618  32.477214  32.478707     2.2322   53.90920  -45.39582     4.9567         32 0.0000e+00
      26660   1110.774    952.000    941.350     3.5605     3.5600  32.476325  32.477753     2.2315   53.90920  -45.39582     4.9568         56 0.0000e+00
      26719   1113.235    954.000    943.323     3.5611     3.5606  32.477983  32.479217     2.2308   53.90920  -45.39580     4.9568         53 0.0000e+00
      26769   1115.325    956.000    945.296     3.5621     3.5612  32.479870  32.480884     2.2301   53.90920  -45.39581     4.9567         52 0.0000e+00
      26823   1117.575    958.000    947.269     3.5624     3.5618  32.481164  32.482443     2.2290   53.90920  -45.39581     4.9567         51 0.0000e+00
      26866   1119.363    960.000    949.242     3.5648     3.5641  32.484659  32.485753     2.2276   53.90920  -45.39580     4.9567         37 0.0000e+00
      26903   1120.932    962.000    951.215     3.5682     3.5677  32.489258  32.490681     2.2268   53.90919  -45.39580     4.9567         41 0.0000e+00
      26950   1122.868    964.000    953.188     3.5678     3.5672  32.489736  32.491084     2.2262   53.90918  -45.39582     4.9566         52 0.0000e+00
      27005   1125.172    966.000    955.161     3.5685     3.5677  32.491327  32.492398     2.2257   53.90918  -45.39581     4.9566         58 0.0000e+00
      27059   1127.402    968.000    957.134     3.5707     3.5702  32.494646  32.495889     2.2246   53.90918  -45.39581     4.9567         45 0.0000e+00
      27099   1129.074    970.000    959.107     3.5727     3.5721  32.497886  32.499130     2.2244   53.90918  -45.39582     4.9568         37 0.0000e+00
      27136   1130.626    972.000    961.080     3.5739     3.5733  32.500077  32.501364     2.2238   53.90918  -45.39582     4.9566         41 0.0000e+00
      27195   1133.091    974.000    963.053     3.5735     3.5730  32.500324  32.501741     2.2229   53.90918  -45.39581     4.9566         73 0.0000e+00
      27252   1135.441    976.000    965.026     3.5728     3.5723  32.500744  32.502110     2.2216   53.90918  -45.39582     4.9566         39 0.0000e+00
      27288   1136.962    978.000    966.999     3.5722     3.5717  32.500999  32.502492     2.2212   53.90918  -45.39582     4.9568         39 0.0000e+00
      27334   1138.880    980.000    968.972     3.5720     3.5714  32.501549  32.502929     2.2212   53.90918  -45.39582     4.9567         53 0.0000e+00
      27387   1141.073    982.000    970.944     3.5662     3.5655  32.496519  32.498026     2.2214   53.90918  -45.39582     4.9568         49 0.0000e+00
      27432   1142.939    984.000    972.917     3.5609     3.5604  32.492207  32.493819     2.2218   53.90918  -45.39582     4.9567         42 0.0000e+00
      27475   1144.740    986.000    974.890     3.5582     3.5576  32.490592  32.491972     2.2212   53.90916  -45.39582     4.9567         48 0.0000e+00
      27532   1147.108    988.000    976.863     3.5589     3.5584  32.492106  32.493524     2.2207   53.90916  -45.39581     4.9567         57 0.0000e+00
      27576   1148.963    990.000    978.835     3.5558     3.5556  32.489964  32.491977     2.2216   53.90916  -45.39582     4.9566         35 0.0000e+00
      27608   1150.305    992.000    980.808     3.5434     3.5429  32.478362  32.480195     2.2218   53.90916  -45.39582     4.9567         33 0.0000e+00
      27664   1152.640    994.000    982.781     3.5388     3.5372  32.474500  32.475035     2.2218   53.90916  -45.39582     4.9567         75 0.0000e+00
      27732   1155.440    996.000    984.754     3.5320     3.5307  32.468663  32.469472     2.2219   53.90916  -45.39582     4.9567         45 0.0000e+00
      27772   1157.114    998.000    986.727     3.5325     3.5320  32.470370  32.471710     2.2218   53.90916  -45.39582     4.9566         35 0.0000e+00
      27806   1158.531   1000.000    988.699     3.5333     3.5328  32.472155  32.473540     2.2218   53.90916  -45.39582     4.9567         35 0.0000e+00
      27848   1160.297   1002.000    990.672     3.5336     3.5330  32.473468  32.474788     2.2211   53.90916  -45.39582     4.9566         52 0.0000e+00
      27904   1162.610   1004.000    992.645     3.5328     3.5323  32.473689  32.475037     2.2204   53.90915  -45.39582     4.9568         56 0.0000e+00
      27963   1165.078   1006.000    994.618     3.5324     3.5319  32.474387  32.475657     2.2195   53.90914  -45.39581     4.9567         61 0.0000e+00
      28011   1167.102   1008.000    996.590     3.5326     3.5321  32.475622  32.476969     2.2196   53.90916  -45.39582     4.9565         34 0.0000e+00
      28040   1168.292   1010.000    998.563     3.5336     3.5330  32.477601  32.478805     2.2197   53.90916  -45.39582     4.9569         28 0.0000e+00
      28077   1169.829   1012.000   1000.535     3.5346     3.5340  32.479354  32.480660     2.2188   53.90914  -45.39581     4.9568         53 0.0000e+00
      28148   1172.795   1014.000   1002.508     3.5355     3.5348  32.481075  32.482229     2.2167   53.90914  -45.39581     4.9565         66 0.0000e+00
      28195   1174.735   1016.000   1004.480     3.5345     3.5340  32.481426  32.482768     2.2166   53.90914  -45.39581     4.9565         41 0.0000e+00
      28236   1176.463   1018.000   1006.453     3.5337     3.5332  32.481509  32.482934     2.2159   53.90914  -45.39580     4.9567         44 0.0000e+00
      28285   1178.497   1020.000   1008.425     3.5338     3.5333  32.482531  32.483869     2.2150   53.90914  -45.39581     4.9568         51 0.0000e+00
      28330   1180.359   1022.000   1010.398     3.5340     3.5335  32.483718  32.485100     2.2144   53.90914  -45.39581     4.9565         41 0.0000e+00
      28375   1182.271   1024.000   1012.370     3.5342     3.5338  32.485017  32.486377     2.2139   53.90914  -45.39580     4.9566         53 0.0000e+00
      28426   1184.388   1026.000   1014.343     3.5340     3.5335  32.485850  32.487177     2.2133   53.90914  -45.39581     4.9568         44 0.0000e+00
      28469   1186.180   1028.000   1016.315     3.5345     3.5340  32.487356  32.488770     2.2130   53.90914  -45.39580     4.9566         47 0.0000e+00
      28521   1188.353   1030.000   1018.288     3.5313     3.5308  32.485068  32.486603     2.2129   53.90913  -45.39580     4.9561         51 0.0000e+00
      28566   1190.227   1032.000   1020.260     3.5307     3.5302  32.485619  32.486866     2.2123   53.90914  -45.39580     4.9567         42 0.0000e+00
      28608   1191.951   1034.000   1022.232     3.5328     3.5323  32.488823  32.490154     2.2119   53.90914  -45.39580     4.9562         42 0.0000e+00
