Example_Files/SBE_Processing_Files/Processed_SBE_cast_files/downcasts/dar69-01_015.cnv
* Sea-Bird SBE 9 Data File:
* FileName = D:\data\ar69-01_015.hex
* Software Version Seasave V 7.26.7.107
* Temperature SN = 4491
* Conductivity SN = 3009
* Number of Bytes Per Scan = 44
* Number of Voltage Words = 5
* Number of Scans Averaged by the Deck Unit = 1
* NMEA Latitude = 59 43.02 N
* NMEA Longitude = 039 20.16 W
* NMEA UTC (Time) = Jul 02 2022  17:28:01
** Cruise ID: AR69-01
** Chief Sci:
** Station #: 015
** Site ID: Irminger FLMB (OSNAP acoustic release test)
** retesting acoustic releases
# nquan = 14
# nvalues = 506                         
# units = specified
# name 0 = scan: Scan Count
# name 1 = timeS: Time, Elapsed [seconds]
# name 2 = prDM: Pressure, Digiquartz [db]
# name 3 = depSM: Depth [salt water, m]
# name 4 = t090C: Temperature [ITS-90, deg C]
# name 5 = t190C: Temperature, 2 [ITS-90, deg C]
# name 6 = c0mS/cm: Conductivity [mS/cm]
# name 7 = c1mS/cm: Conductivity, 2 [mS/cm]
# name 8 = sbeox0V: Oxygen raw, SBE 43 [V]
# name 9 = latitude: Latitude [deg]
# name 10 = longitude: Longitude [deg]
# name 11 = v7: Voltage 7
# name 12 = nbin: number of scans per bin
# name 13 = flag: flag
# span 0 =        116,      41924       
# span 1 =      4.796,   1746.801       
# span 2 =      4.000,   1014.000       
# span 3 =      3.962,   1002.016       
# span 4 =     3.4223,     7.3822       
# span 5 =     3.4221,     7.3850       
# span 6 =  32.271633,  35.433076       
# span 7 =  32.273140,  35.438726       
# span 8 =     2.2282,     2.8301       
# span 9 =   59.71706,   59.71709       
# span 10 =  -39.33596,  -39.33587      
# span 11 =     4.9560,     4.9571      
# span 12 =          1,        191      
# span 13 = 0.0000e+00, 0.0000e+00      
# interval = decibars: 2                
# start_time = Jul 02 2022 17:28:01 [NMEA time, first data scan]
# bad_flag = -9.990e-29
*END*
        116      4.796      4.000      3.962     7.3822     7.3850  35.433076  35.438726     2.8301   59.71709  -39.33592     4.9560          1 0.0000e+00
        249     10.326      6.000      5.944     7.3760     7.3741  35.428241  35.428891     2.8271   59.71707  -39.33592     4.9560         78 0.0000e+00
        348     14.452      8.000      7.925     7.3453     7.3430  35.400439  35.401769     2.8247   59.71707  -39.33592     4.9560         84 0.0000e+00
        449     18.683     10.000      9.906     7.2910     7.2883  35.351161  35.352642     2.8208   59.71707  -39.33592     4.9560         76 0.0000e+00
        545     22.686     12.000     11.887     7.1921     7.1888  35.260171  35.261239     2.8189   59.71708  -39.33592     4.9560         89 0.0000e+00
        634     26.386     14.000     13.868     7.1255     7.1255  35.199381  35.201882     2.8178   59.71706  -39.33592     4.9560         95 0.0000e+00
        717     29.852     16.000     15.849     7.1195     7.1191  35.195137  35.197359     2.8171   59.71707  -39.33593     4.9560         90 0.0000e+00
        807     33.601     18.000     17.830     7.1119     7.1115  35.189167  35.191135     2.8161   59.71707  -39.33592     4.9560         80 0.0000e+00
        893     37.187     20.000     19.811     7.1036     7.1031  35.182147  35.184321     2.8161   59.71706  -39.33592     4.9562         93 0.0000e+00
        975     40.596     22.000     21.792     7.0912     7.0907  35.172521  35.174601     2.8154   59.71707  -39.33592     4.9564         68 0.0000e+00
       1050     43.701     24.000     23.773     7.0714     7.0710  35.156404  35.158809     2.8128   59.71707  -39.33592     4.9564         84 0.0000e+00
       1130     47.042     26.000     25.754     7.0352     7.0353  35.126733  35.130062     2.8109   59.71707  -39.33591     4.9564         75 0.0000e+00
       1199     49.923     28.000     27.735     6.8887     6.8903  35.003595  35.011597     2.8130   59.71708  -39.33591     4.9564         65 0.0000e+00
       1283     53.400     30.000     29.716     6.7267     6.7273  34.867588  34.871833     2.8138   59.71708  -39.33590     4.9565         89 0.0000e+00
       1352     56.285     32.000     31.697     6.6217     6.6219  34.778394  34.782526     2.8141   59.71707  -39.33590     4.9566         67 0.0000e+00
       1430     59.556     34.000     33.677     6.5888     6.5884  34.750773  34.752911     2.8120   59.71708  -39.33590     4.9565         78 0.0000e+00
       1509     62.843     36.000     35.658     6.5828     6.5819  34.749738  34.750371     2.8032   59.71708  -39.33589     4.9565         88 0.0000e+00
       1585     66.014     38.000     37.639     6.6062     6.6052  34.780731  34.781718     2.7956   59.71708  -39.33590     4.9566         62 0.0000e+00
       1658     69.047     40.000     39.620     6.5765     6.5772  34.754316  34.758634     2.7958   59.71708  -39.33589     4.9566         82 0.0000e+00
       1740     72.473     42.000     41.601     6.5059     6.5055  34.687793  34.690149     2.7890   59.71708  -39.33589     4.9568         85 0.0000e+00
       1816     75.640     44.000     43.581     6.4897     6.4895  34.679563  34.681901     2.7716   59.71708  -39.33588     4.9564         68 0.0000e+00
       1905     79.349     46.000     45.562     6.4148     6.4165  34.619047  34.624888     2.7524   59.71708  -39.33588     4.9567         88 0.0000e+00
       1972     82.117     48.000     47.543     6.3005     6.3007  34.525862  34.529344     2.7448   59.71708  -39.33587     4.9566         82 0.0000e+00
       2065     85.993     50.000     49.524     6.2319     6.2332  34.472868  34.477219     2.7325   59.71708  -39.33588     4.9567         75 0.0000e+00
       2134     88.890     52.000     51.504     6.1902     6.1909  34.437822  34.442441     2.7149   59.71708  -39.33587     4.9567         76 0.0000e+00
       2207     91.928     54.000     53.485     6.0208     6.0225  34.278234  34.286679     2.6968   59.71708  -39.33588     4.9566         68 0.0000e+00
       2280     94.977     56.000     55.466     5.8181     5.8192  34.102356  34.108276     2.6831   59.71708  -39.33588     4.9566         84 0.0000e+00
       2360     98.297     58.000     57.446     5.6047     5.6057  33.909535  33.917331     2.6721   59.71708  -39.33588     4.9566         71 0.0000e+00
       2435    101.403     60.000     59.427     5.4534     5.4526  33.772365  33.777767     2.6639   59.71708  -39.33588     4.9566         75 0.0000e+00
       2498    104.036     62.000     61.408     5.3115     5.3121  33.643581  33.649903     2.6557   59.71708  -39.33588     4.9567         57 0.0000e+00
       2576    107.284     64.000     63.388     5.1536     5.1549  33.500450  33.507162     2.6434   59.71708  -39.33589     4.9567         92 0.0000e+00
       2653    110.492     66.000     65.369     4.9954     4.9968  33.353453  33.360856     2.6284   59.71708  -39.33589     4.9567         67 0.0000e+00
       2727    113.565     68.000     67.349     4.7946     4.7958  33.170775  33.177294     2.6166   59.71708  -39.33590     4.9567         85 0.0000e+00
       2800    116.624     70.000     69.330     4.6423     4.6440  33.036948  33.044272     2.6128   59.71708  -39.33590     4.9567         58 0.0000e+00
       2871    119.578     72.000     71.310     4.5612     4.5609  32.967529  32.969386     2.6039   59.71708  -39.33592     4.9568         79 0.0000e+00
       2947    122.753     74.000     73.291     4.5843     4.5830  32.999281  33.000492     2.5943   59.71708  -39.33591     4.9567         81 0.0000e+00
       3024    125.946     76.000     75.271     4.5302     4.5298  32.953119  32.954849     2.5788   59.71708  -39.33592     4.9567         70 0.0000e+00
       3105    129.328     78.000     77.252     4.5268     4.5262  32.958526  32.960122     2.5701   59.71708  -39.33592     4.9567         81 0.0000e+00
       3180    132.477     80.000     79.232     4.5201     4.5213  32.953140  32.957088     2.5666   59.71708  -39.33592     4.9568         82 0.0000e+00
       3255    135.599     82.000     81.213     4.4213     4.4218  32.859797  32.864041     2.5625   59.71707  -39.33593     4.9568         71 0.0000e+00
       3339    139.066     84.000     83.193     4.3826     4.3836  32.829785  32.832533     2.5547   59.71707  -39.33592     4.9568         87 0.0000e+00
       3416    142.289     86.000     85.173     4.4148     4.4144  32.868798  32.870158     2.5471   59.71708  -39.33594     4.9567         72 0.0000e+00
       3502    145.867     88.000     87.154     4.4148     4.4146  32.870547  32.872524     2.5412   59.71707  -39.33592     4.9568        100 0.0000e+00
       3577    148.994     90.000     89.134     4.4133     4.4124  32.872961  32.873798     2.5358   59.71708  -39.33594     4.9567         47 0.0000e+00
       3642    151.723     92.000     91.114     4.3960     4.3956  32.858182  32.860044     2.5325   59.71708  -39.33592     4.9568         97 0.0000e+00
       3729    155.351     94.000     93.095     4.3682     4.3680  32.832549  32.835540     2.5303   59.71708  -39.33592     4.9568         63 0.0000e+00
       3797    158.148     96.000     95.075     4.3414     4.3410  32.807860  32.809454     2.5291   59.71708  -39.33592     4.9568         72 0.0000e+00
       3873    161.353     98.000     97.055     4.3475     4.3467  32.815741  32.816762     2.5249   59.71708  -39.33592     4.9569         89 0.0000e+00
       3944    164.307    100.000     99.035     4.3283     4.3301  32.797296  32.803248     2.5241   59.71708  -39.33592     4.9568         47 0.0000e+00
       4012    167.134    102.000    101.015     4.2460     4.2470  32.717863  32.721919     2.5227   59.71708  -39.33592     4.9569         93 0.0000e+00
       4093    170.480    104.000    102.996     4.2660     4.2654  32.743274  32.743536     2.5161   59.71708  -39.33592     4.9568         69 0.0000e+00
       4261    177.510    106.000    104.976     4.2569     4.2561  32.737152  32.739424     2.5130   59.71708  -39.33592     4.9568         72 0.0000e+00
       4325    180.158    108.000    106.956     4.2071     4.2071  32.690442  32.693193     2.5141   59.71708  -39.33592     4.9568         67 0.0000e+00
       4386    182.693    110.000    108.936     4.1977     4.1976  32.682535  32.684611     2.5153   59.71708  -39.33592     4.9568         53 0.0000e+00
       4438    184.880    112.000    110.916     4.1929     4.1925  32.678723  32.680500     2.5144   59.71707  -39.33594     4.9568         52 0.0000e+00
       4486    186.863    114.000    112.897     4.1795     4.1791  32.666864  32.668832     2.5121   59.71708  -39.33592     4.9568         45 0.0000e+00
       4536    188.940    116.000    114.877     4.1789     4.1783  32.668406  32.669903     2.5134   59.71707  -39.33592     4.9569         55 0.0000e+00
       4587    191.104    118.000    116.857     4.1685     4.1695  32.659084  32.662443     2.5150   59.71706  -39.33592     4.9569         46 0.0000e+00
       4631    192.931    120.000    118.837     4.1569     4.1568  32.649054  32.650909     2.5123   59.71708  -39.33592     4.9569         45 0.0000e+00
       4679    194.905    122.000    120.817     4.1447     4.1439  32.638669  32.639890     2.5079   59.71708  -39.33592     4.9569         49 0.0000e+00
       4726    196.861    124.000    122.797     4.1564     4.1561  32.652802  32.654267     2.5066   59.71706  -39.33593     4.9569         43 0.0000e+00
       4770    198.703    126.000    124.777     4.1397     4.1391  32.637119  32.639164     2.5079   59.71706  -39.33592     4.9569         49 0.0000e+00
       4822    200.895    128.000    126.757     4.0982     4.0985  32.597091  32.600311     2.5097   59.71706  -39.33592     4.9569         53 0.0000e+00
       4870    202.894    130.000    128.737     4.0749     4.0750  32.575313  32.577857     2.5119   59.71706  -39.33592     4.9569         43 0.0000e+00
       4914    204.712    132.000    130.717     4.0616     4.0611  32.563255  32.565305     2.5130   59.71706  -39.33592     4.9568         47 0.0000e+00
       4969    207.012    134.000    132.697     4.0442     4.0440  32.547576  32.549591     2.5136   59.71706  -39.33592     4.9569         60 0.0000e+00
       5019    209.093    136.000    134.676     4.0300     4.0294  32.534609  32.536401     2.5162   59.71707  -39.33592     4.9569         38 0.0000e+00
       5056    210.620    138.000    136.656     4.0114     4.0101  32.517455  32.519107     2.5189   59.71708  -39.33592     4.9569         42 0.0000e+00
       5109    212.850    140.000    138.636     3.9677     3.9682  32.475059  32.479003     2.5243   59.71706  -39.33592     4.9570         59 0.0000e+00
       5159    214.902    142.000    140.616     3.9201     3.9208  32.429236  32.433347     2.5309   59.71706  -39.33592     4.9568         43 0.0000e+00
       5204    216.789    144.000    142.596     3.8803     3.8800  32.391226  32.393998     2.5355   59.71706  -39.33593     4.9569         47 0.0000e+00
       5249    218.680    146.000    144.576     3.8545     3.8548  32.367306  32.370018     2.5387   59.71706  -39.33593     4.9569         44 0.0000e+00
       5299    220.766    148.000    146.555     3.8412     3.8419  32.355584  32.358605     2.5404   59.71707  -39.33592     4.9569         55 0.0000e+00
       5349    222.820    150.000    148.535     3.8306     3.8307  32.346576  32.348971     2.5436   59.71706  -39.33592     4.9569         43 0.0000e+00
       5393    224.660    152.000    150.515     3.8096     3.8092  32.327282  32.329422     2.5459   59.71706  -39.33592     4.9569         48 0.0000e+00
       5442    226.702    154.000    152.495     3.7883     3.7881  32.307956  32.309908     2.5478   59.71707  -39.33592     4.9569         48 0.0000e+00
       5488    228.633    156.000    154.474     3.7858     3.7854  32.307380  32.308846     2.5501   59.71707  -39.33592     4.9569         45 0.0000e+00
       5538    230.690    158.000    156.454     3.7855     3.7851  32.308497  32.309979     2.5508   59.71706  -39.33592     4.9569         60 0.0000e+00
       5596    233.130    160.000    158.434     3.7857     3.7854  32.309967  32.311466     2.5510   59.71708  -39.33592     4.9569         45 0.0000e+00
       5634    234.711    162.000    160.413     3.7843     3.7839  32.309807  32.311279     2.5506   59.71708  -39.33592     4.9569         39 0.0000e+00
       5679    236.590    164.000    162.393     3.7848     3.7845  32.311251  32.312873     2.5501   59.71707  -39.33592     4.9569         50 0.0000e+00
       5727    238.567    166.000    164.373     3.7830     3.7828  32.310638  32.312310     2.5494   59.71707  -39.33592     4.9570         43 0.0000e+00
       5772    240.461    168.000    166.352     3.7747     3.7744  32.303155  32.305240     2.5484   59.71708  -39.33592     4.9569         50 0.0000e+00
       5823    242.567    170.000    168.332     3.7572     3.7568  32.286794  32.288981     2.5487   59.71707  -39.33592     4.9570         49 0.0000e+00
       5871    244.587    172.000    170.311     3.7405     3.7400  32.271633  32.273140     2.5378   59.71708  -39.33592     4.9568         50 0.0000e+00
       5920    246.610    174.000    172.291     3.8035     3.8073  32.338439  32.339514     2.5210   59.71708  -39.33591     4.9569         47 0.0000e+00
       5971    248.734    176.000    174.270     3.8927     3.8909  32.428984  32.427357     2.5029   59.71708  -39.33592     4.9569         54 0.0000e+00
       6020    250.782    178.000    176.250     3.9535     3.9518  32.492094  32.490202     2.4910   59.71708  -39.33592     4.9569         43 0.0000e+00
       6061    252.515    180.000    178.229     3.9783     3.9778  32.517705  32.519093     2.4859   59.71708  -39.33590     4.9569         44 0.0000e+00
       6109    254.487    182.000    180.209     3.9668     3.9663  32.507394  32.508729     2.4830   59.71708  -39.33590     4.9569         48 0.0000e+00
       6156    256.472    184.000    182.188     3.9644     3.9641  32.506238  32.507958     2.4835   59.71708  -39.33591     4.9569         47 0.0000e+00
       6203    258.402    186.000    184.167     3.9580     3.9577  32.500819  32.502641     2.4850   59.71708  -39.33590     4.9568         47 0.0000e+00
       6254    260.533    188.000    186.147     3.9473     3.9472  32.491019  32.493067     2.4881   59.71708  -39.33590     4.9568         54 0.0000e+00
       6304    262.643    190.000    188.126     3.9313     3.9315  32.476004  32.478556     2.4934   59.71706  -39.33590     4.9569         46 0.0000e+00
       6349    264.509    192.000    190.106     3.9104     3.9108  32.456166  32.459143     2.4979   59.71708  -39.33592     4.9569         47 0.0000e+00
       6397    266.496    194.000    192.085     3.8955     3.8951  32.442373  32.444122     2.5026   59.71708  -39.33592     4.9568         47 0.0000e+00
       6444    268.462    196.000    194.064     3.8861     3.8863  32.433859  32.436204     2.5054   59.71708  -39.33592     4.9569         49 0.0000e+00
       6496    270.608    198.000    196.044     3.8733     3.8729  32.422407  32.424241     2.5057   59.71706  -39.33592     4.9566         50 0.0000e+00
       6541    272.497    200.000    198.023     3.8757     3.8742  32.426300  32.426496     2.5044   59.71707  -39.33592     4.9568         43 0.0000e+00
       6587    274.407    202.000    200.002     3.8767     3.8769  32.428615  32.430421     2.5023   59.71707  -39.33592     4.9571         49 0.0000e+00
       6634    276.375    204.000    201.982     3.8827     3.8825  32.435623  32.437090     2.5011   59.71706  -39.33592     4.9569         45 0.0000e+00
       6684    278.460    206.000    203.961     3.8820     3.8826  32.435959  32.438604     2.5013   59.71708  -39.33592     4.9569         58 0.0000e+00
       6737    280.687    208.000    205.940     3.8638     3.8640  32.419301  32.421769     2.5012   59.71708  -39.33592     4.9568         42 0.0000e+00
