Example_Files/SBE_Processing_Files/Processed_SBE_cast_files/downcasts/dar69-01_018.cnv
* Sea-Bird SBE 9 Data File:
* FileName = D:\data\ar69-01_018.hex
* Software Version Seasave V 7.26.7.107
* Temperature SN = 4491
* Conductivity SN = 3009
* Number of Bytes Per Scan = 44
* Number of Voltage Words = 5
* Number of Scans Averaged by the Deck Unit = 1
* NMEA Latitude = 59 56.25 N
* NMEA Longitude = 041 08.20 W
* NMEA UTC (Time) = Jul 05 2022  14:07:42
** Cruise ID: AR69-01
** Chief Sci:
** Station #: 018
** Site ID: M1 OSNAP microcats + optodes (post cal dip)
# nquan = 14
# nvalues = 1008                        
# units = specified
# name 0 = scan: Scan Count
# name 1 = timeS: Time, Elapsed [seconds]
# name 2 = prDM: Pressure, Digiquartz [db]
# name 3 = depSM: Depth [salt water, m]
# name 4 = t090C: Temperature [ITS-90, deg C]
# name 5 = t190C: Temperature, 2 [ITS-90, deg C]
# name 6 = c0mS/cm: Conductivity [mS/cm]
# name 7 = c1mS/cm: Conductivity, 2 [mS/cm]
# name 8 = sbeox0V: Oxygen raw, SBE 43 [V]
# name 9 = latitude: Latitude [deg]
# name 10 = longitude: Longitude [deg]
# name 11 = v7: Voltage 7
# name 12 = nbin: number of scans per bin
# name 13 = flag: flag
# span 0 =        329,      61440       
# span 1 =     13.660,   2559.974       
# span 2 =     16.000,   2030.000       
# span 3 =     15.848,   2001.162       
# span 4 =     2.1924,     7.6828       
# span 5 =     2.1920,     7.6998       
# span 6 =  31.729162,  35.789856       
# span 7 =  31.729895,  35.803429       
# span 8 =     1.9427,     2.8327       
# span 9 =   59.93653,   59.93764       
# span 10 =  -41.14766,  -41.13672      
# span 11 =     4.9560,     4.9573      
# span 12 =         16,        120      
# span 13 = 0.0000e+00, 0.0000e+00      
# interval = decibars: 2                
# start_time = Jul 05 2022 14:07:43 [NMEA time, first data scan]
# bad_flag = -9.990e-29
*END*
[from data line 930]
      47185   1966.002   1876.000   1850.018     2.6504     2.6512  32.078362  32.080705     1.9810   59.93710  -41.14464     4.9560         42 0.0000e+00
      47240   1968.300   1878.000   1851.982     2.6345     2.6345  32.063826  32.065690     1.9820   59.93710  -41.14466     4.9560         63 0.0000e+00
      47293   1970.505   1880.000   1853.945     2.6183     2.6183  32.049685  32.050979     1.9826   59.93710  -41.14466     4.9560         44 0.0000e+00
      47335   1972.270   1882.000   1855.909     2.6153     2.6146  32.047798  32.048585     1.9829   59.93710  -41.14467     4.9560         43 0.0000e+00
      47380   1974.134   1884.000   1857.872     2.6041     2.6038  32.038735  32.039933     1.9828   59.93710  -41.14468     4.9560         46 0.0000e+00
      47434   1976.361   1886.000   1859.836     2.5954     2.5950  32.032074  32.033016     1.9822   59.93712  -41.14469     4.9560         64 0.0000e+00
      47491   1978.751   1888.000   1861.799     2.5920     2.5916  32.030174  32.030980     1.9818   59.93712  -41.14470     4.9560         41 0.0000e+00
      47526   1980.190   1890.000   1863.763     2.5910     2.5906  32.030347  32.031188     1.9816   59.93712  -41.14471     4.9560         34 0.0000e+00
      47565   1981.835   1892.000   1865.726     2.5898     2.5896  32.030534  32.031466     1.9808   59.93712  -41.14472     4.9560         48 0.0000e+00
      47616   1983.967   1894.000   1867.690     2.5871     2.5867  32.029817  32.030642     1.9796   59.93712  -41.14472     4.9560         49 0.0000e+00
      47664   1985.947   1896.000   1869.653     2.5858     2.5853  32.029736  32.030465     1.9791   59.93712  -41.14473     4.9560         54 0.0000e+00
      47723   1988.416   1898.000   1871.616     2.5856     2.5853  32.030707  32.031536     1.9782   59.93712  -41.14474     4.9560         53 0.0000e+00
      47766   1990.195   1900.000   1873.580     2.5854     2.5851  32.031560  32.032377     1.9770   59.93712  -41.14474     4.9560         39 0.0000e+00
      47807   1991.912   1902.000   1875.543     2.5843     2.5842  32.031751  32.032688     1.9754   59.93712  -41.14476     4.9560         44 0.0000e+00
      47854   1993.881   1904.000   1877.506     2.5840     2.5839  32.034360  32.035392     1.9732   59.93713  -41.14476     4.9560         52 0.0000e+00
      47913   1996.317   1906.000   1879.470     2.5784     2.5781  32.030489  32.031507     1.9708   59.93714  -41.14476     4.9560         59 0.0000e+00
      47961   1998.349   1908.000   1881.433     2.5731     2.5729  32.027407  32.028235     1.9688   59.93714  -41.14478     4.9560         39 0.0000e+00
      47996   1999.791   1910.000   1883.396     2.5753     2.5751  32.031698  32.032286     1.9670   59.93714  -41.14478     4.9560         33 0.0000e+00
      48033   2001.350   1912.000   1885.360     2.5801     2.5794  32.038086  32.037658     1.9643   59.93714  -41.14478     4.9560         45 0.0000e+00
      48097   2004.019   1914.000   1887.323     2.5996     2.5984  32.060281  32.059639     1.9593   59.93714  -41.14480     4.9560         75 0.0000e+00
      48155   2006.437   1916.000   1889.287     2.6065     2.6056  32.068957  32.068787     1.9563   59.93714  -41.14482     4.9560         43 0.0000e+00
      48194   2008.029   1918.000   1891.250     2.6041     2.6042  32.066630  32.068113     1.9543   59.93714  -41.14482     4.9560         35 0.0000e+00
      48227   2009.429   1920.000   1893.213     2.6071     2.6038  32.072101  32.068188     1.9522   59.93714  -41.14482     4.9560         34 0.0000e+00
      48273   2011.343   1922.000   1895.176     2.6185     2.6177  32.085285  32.085350     1.9490   59.93715  -41.14482     4.9560         70 0.0000e+00
      48350   2014.548   1924.000   1897.139     2.6178     2.6172  32.086021  32.086351     1.9454   59.93716  -41.14485     4.9560         56 0.0000e+00
      48389   2016.178   1926.000   1899.102     2.6051     2.6060  32.074460  32.077282     1.9448   59.93716  -41.14486     4.9560         37 0.0000e+00
      48426   2017.700   1928.000   1901.066     2.5955     2.5946  32.066350  32.066962     1.9444   59.93716  -41.14485     4.9560         37 0.0000e+00
      48464   2019.306   1930.000   1903.029     2.5897     2.5888  32.061579  32.062129     1.9443   59.93716  -41.14486     4.9560         42 0.0000e+00
      48523   2021.770   1932.000   1904.992     2.5883     2.5880  32.061329  32.061956     1.9439   59.93716  -41.14488     4.9560         74 0.0000e+00
      48582   2024.197   1934.000   1906.955     2.5875     2.5873  32.061411  32.062308     1.9428   59.93716  -41.14489     4.9560         39 0.0000e+00
      48616   2025.611   1936.000   1908.918     2.5869     2.5870  32.061606  32.062931     1.9428   59.93716  -41.14489     4.9560         33 0.0000e+00
      48651   2027.087   1938.000   1910.881     2.5862     2.5860  32.061756  32.062715     1.9427   59.93716  -41.14488     4.9560         40 0.0000e+00
      48746   2031.049   1940.000   1912.844     2.5864     2.5864  32.062583  32.063784     1.9428   59.93716  -41.14491     4.9560         70 0.0000e+00
      48820   2034.123   1942.000   1914.807     2.5761     2.5766  32.053277  32.055356     1.9438   59.93716  -41.14492     4.9560         42 0.0000e+00
      48911   2037.906   1944.000   1916.770     2.5710     2.5716  32.049104  32.050991     1.9439   59.93717  -41.14494     4.9560         69 0.0000e+00
      49001   2041.650   1946.000   1918.733     2.5701     2.5706  32.049220  32.050803     1.9438   59.93718  -41.14496     4.9560         81 0.0000e+00
      49095   2045.585   1948.000   1920.696     2.5626     2.5601  32.042597  32.041466     1.9440   59.93718  -41.14497     4.9560         92 0.0000e+00
      49203   2050.075   1950.000   1922.659     2.5508     2.5490  32.032164  32.031711     1.9444   59.93718  -41.14499     4.9560        108 0.0000e+00
      49287   2053.598   1952.000   1924.622     2.5493     2.5488  32.031826  32.032469     1.9445   59.93718  -41.14500     4.9560         90 0.0000e+00
      49391   2057.928   1954.000   1926.585     2.5478     2.5483  32.031136  32.032784     1.9445   59.93718  -41.14502     4.9560         83 0.0000e+00
      49478   2061.532   1956.000   1928.548     2.5370     2.5381  32.021219  32.023572     1.9450   59.93718  -41.14504     4.9560         83 0.0000e+00
      49579   2065.763   1958.000   1930.510     2.5317     2.5319  32.016774  32.018319     1.9456   59.93718  -41.14505     4.9560         72 0.0000e+00
      49657   2068.992   1960.000   1932.474     2.5064     2.5081  31.991646  31.996074     1.9481   59.93718  -41.14506     4.9560         48 0.0000e+00
      49774   2073.857   1962.000   1934.436     2.4995     2.4978  31.985655  31.986441     1.9506   59.93718  -41.14509     4.9560         56 0.0000e+00
      49847   2076.919   1964.000   1936.399     2.4651     2.4643  31.953471  31.954633     1.9535   59.93718  -41.14510     4.9560         70 0.0000e+00
      49974   2082.219   1966.000   1938.362     2.4654     2.4666  31.953846  31.957535     1.9550   59.93718  -41.14512     4.9560         48 0.0000e+00
      50044   2085.111   1968.000   1940.325     2.4415     2.4427  31.932371  31.935052     1.9565   59.93718  -41.14514     4.9560         67 0.0000e+00
      50134   2088.892   1970.000   1942.287     2.4272     2.4266  31.919635  31.920831     1.9590   59.93718  -41.14516     4.9560         64 0.0000e+00
      50250   2093.704   1972.000   1944.250     2.4202     2.4201  31.913889  31.915248     1.9601   59.93718  -41.14518     4.9560         72 0.0000e+00
      50322   2096.695   1974.000   1946.213     2.4146     2.4151  31.909685  31.911302     1.9608   59.93718  -41.14518     4.9560         75 0.0000e+00
      50444   2101.775   1976.000   1948.176     2.4113     2.4125  31.907336  31.909673     1.9605   59.93718  -41.14522     4.9560         67 0.0000e+00
      50513   2104.657   1978.000   1950.138     2.4080     2.4089  31.904802  31.907072     1.9608   59.93718  -41.14522     4.9560         72 0.0000e+00
      50633   2109.655   1980.000   1952.101     2.3924     2.3942  31.890697  31.894238     1.9614   59.93717  -41.14526     4.9560         54 0.0000e+00
      50704   2112.638   1982.000   1954.064     2.3901     2.3901  31.889381  31.890900     1.9619   59.93716  -41.14527     4.9560         73 0.0000e+00
      50815   2117.251   1984.000   1956.026     2.3727     2.3729  31.874103  31.875755     1.9625   59.93717  -41.14529     4.9560         95 0.0000e+00
      50898   2120.729   1986.000   1957.989     2.3650     2.3647  31.867900  31.868806     1.9630   59.93716  -41.14530     4.9560         64 0.0000e+00
      51001   2125.017   1988.000   1959.951     2.3601     2.3596  31.864233  31.864867     1.9635   59.93716  -41.14532     4.9560         75 0.0000e+00
      51084   2128.445   1990.000   1961.914     2.3625     2.3624  31.867401  31.868306     1.9635   59.93716  -41.14534     4.9560         48 0.0000e+00
      51196   2133.139   1992.000   1963.877     2.3577     2.3598  31.863394  31.866958     1.9630   59.93716  -41.14536     4.9560         70 0.0000e+00
      51272   2136.308   1994.000   1965.839     2.3433     2.3433  31.851105  31.852512     1.9632   59.93716  -41.14538     4.9560         59 0.0000e+00
      51378   2140.708   1996.000   1967.802     2.3360     2.3351  31.845136  31.846031     1.9639   59.93716  -41.14540     4.9560         60 0.0000e+00
      51484   2145.130   1998.000   1969.764     2.3245     2.3258  31.835436  31.838264     1.9635   59.93716  -41.14542     4.9560         63 0.0000e+00
      51553   2148.001   2000.000   1971.727     2.3050     2.3052  31.817792  31.820428     1.9637   59.93716  -41.14544     4.9560         63 0.0000e+00
      51670   2152.863   2002.000   1973.689     2.2797     2.2831  31.795495  31.800860     1.9646   59.93716  -41.14546     4.9560         69 0.0000e+00
      51752   2156.279   2004.000   1975.652     2.2701     2.2701  31.788089  31.789164     1.9653   59.93716  -41.14548     4.9560        111 0.0000e+00
      51862   2160.879   2006.000   1977.614     2.2670     2.2666  31.786157  31.786927     1.9655   59.93716  -41.14550     4.9560         86 0.0000e+00
      51930   2163.690   2008.000   1979.576     2.2625     2.2623  31.782991  31.783898     1.9655   59.93714  -41.14552     4.9560         68 0.0000e+00
      52053   2168.851   2010.000   1981.539     2.2622     2.2628  31.783519  31.785198     1.9649   59.93714  -41.14555     4.9560         71 0.0000e+00
      52125   2171.818   2012.000   1983.501     2.2610     2.2607  31.783267  31.783979     1.9644   59.93714  -41.14556     4.9560         82 0.0000e+00
      52238   2176.526   2014.000   1985.464     2.2457     2.2457  31.769745  31.771574     1.9636   59.93714  -41.14559     4.9560         93 0.0000e+00
      52322   2180.052   2016.000   1987.426     2.2208     2.2210  31.748553  31.749907     1.9636   59.93714  -41.14560     4.9560         86 0.0000e+00
      52414   2183.865   2018.000   1989.388     2.2143     2.2144  31.743685  31.744900     1.9636   59.93714  -41.14562     4.9560         84 0.0000e+00
      52527   2188.574   2020.000   1991.351     2.2136     2.2137  31.743819  31.745425     1.9628   59.93712  -41.14564     4.9560         54 0.0000e+00
      52603   2191.765   2022.000   1993.313     2.2059     2.2055  31.738134  31.738794     1.9625   59.93712  -41.14566     4.9560         74 0.0000e+00
      52714   2196.368   2024.000   1995.275     2.2033     2.2026  31.736570  31.737205     1.9621   59.93712  -41.14568     4.9560         68 0.0000e+00
      52801   2199.995   2026.000   1997.237     2.2001     2.1995  31.734600  31.735174     1.9618   59.93712  -41.14570     4.9560         72 0.0000e+00
      53024   2209.306   2028.000   1999.200     2.2005     2.2002  31.735917  31.736610     1.9615   59.93710  -41.14576     4.9560         80 0.0000e+00
      61440   2559.974   2030.000   2001.162     2.1924     2.1920  31.729162  31.729895     1.9646   59.93653  -41.14766     4.9560         71 0.0000e+00
