Example_Files/SBE_Processing_Files/Processed_SBE_cast_files/downcasts/dar69-01_020.cnv
* Sea-Bird SBE 9 Data File:
* FileName = D:\data\ar69-01_020.hex
* Software Version Seasave V 7.26.7.107
* Temperature SN = 4491
* Conductivity SN = 3009
* Number of Bytes Per Scan = 44
* Number of Voltage Words = 5
* Number of Scans Averaged by the Deck Unit = 1
* NMEA Latitude = 59 52.54 N
* NMEA Longitude = 039 36.97 W
* NMEA UTC (Time) = Jul 06 2022  17:11:20
** Cruise ID: AR69-01
** Chief Sci:
** Station #: 020
** Site ID: OSNAP cal dip
# nquan = 14
# nvalues = 1319                        
# units = specified
# name 0 = scan: Scan Count
# name 1 = timeS: Time, Elapsed [seconds]
# name 2 = prDM: Pressure, Digiquartz [db]
# name 3 = depSM: Depth [salt water, m]
# name 4 = t090C: Temperature [ITS-90, deg C]
# name 5 = t190C: Temperature, 2 [ITS-90, deg C]
# name 6 = c0mS/cm: Conductivity [mS/cm]
# name 7 = c1mS/cm: Conductivity, 2 [mS/cm]
# name 8 = sbeox0V: Oxygen raw, SBE 43 [V]
# name 9 = latitude: Latitude [deg]
# name 10 = longitude: Longitude [deg]
# name 11 = v7: Voltage 7
# name 12 = nbin: number of scans per bin
# name 13 = flag: flag
# span 0 =        528,      72934       
# span 1 =     21.971,   3038.866       
# span 2 =      4.000,   2640.000       
# span 3 =      3.962,   2598.811       
# span 4 =     1.8301,     7.9367       
# span 5 =     1.8287,     7.9497       
# span 6 =  31.650396,  35.902587       
# span 7 =  31.649374,  35.912120       
# span 8 =     1.8361,     2.8304       
# span 9 =   59.87562,   59.87568       
# span 10 =  -39.61610,  -39.61602      
# span 11 =     4.9560,     4.9573      
# span 12 =          1,        119      
# span 13 = 0.0000e+00, 0.0000e+00      
# interval = decibars: 2                
# start_time = Jul 06 2022 17:11:20 [NMEA time, first data scan]
# bad_flag = -9.990e-29
*END*
[from data line 104]
       6990    291.190    212.000    209.895     3.9786     3.9784  32.534407  32.535743     2.4428   59.87564  -39.61604     4.9573         42 0.0000e+00
       7034    293.029    214.000    211.875     3.9851     3.9846  32.542317  32.543262     2.4368   59.87564  -39.61604     4.9573         46 0.0000e+00
       7081    294.990    216.000    213.854     3.9940     3.9937  32.553206  32.554632     2.4330   59.87564  -39.61604     4.9573         49 0.0000e+00
       7133    297.153    218.000    215.833     3.9911     3.9905  32.551437  32.552545     2.4309   59.87563  -39.61604     4.9573         53 0.0000e+00
       7180    299.137    220.000    217.812     3.9873     3.9871  32.548511  32.550282     2.4300   59.87563  -39.61604     4.9573         43 0.0000e+00
       7224    300.941    222.000    219.791     3.9799     3.9799  32.542323  32.544137     2.4292   59.87564  -39.61604     4.9573         45 0.0000e+00
       7270    302.881    224.000    221.770     3.9753     3.9749  32.538870  32.540282     2.4287   59.87562  -39.61604     4.9573         48 0.0000e+00
       7320    304.944    226.000    223.749     3.9747     3.9744  32.539434  32.540927     2.4282   59.87562  -39.61604     4.9573         51 0.0000e+00
       7370    307.046    228.000    225.728     3.9697     3.9696  32.535724  32.537494     2.4279   59.87564  -39.61604     4.9573         50 0.0000e+00
       7421    309.153    230.000    227.707     3.9673     3.9672  32.534568  32.536114     2.4302   59.87562  -39.61604     4.9573         49 0.0000e+00
       7465    311.009    232.000    229.686     3.9548     3.9550  32.523000  32.525561     2.4339   59.87563  -39.61604     4.9573         40 0.0000e+00
       7507    312.746    234.000    231.665     3.9364     3.9361  32.505977  32.507923     2.4357   59.87564  -39.61604     4.9573         49 0.0000e+00
       7566    315.213    236.000    233.644     3.9300     3.9298  32.500674  32.502440     2.4388   59.87562  -39.61604     4.9573         57 0.0000e+00
       7609    316.986    238.000    235.622     3.9208     3.9201  32.492693  32.494123     2.4414   59.87564  -39.61604     4.9573         36 0.0000e+00
       7648    318.638    240.000    237.601     3.9144     3.9141  32.487507  32.489148     2.4422   59.87564  -39.61604     4.9573         47 0.0000e+00
       7702    320.894    242.000    239.580     3.9095     3.9096  32.483677  32.485579     2.4396   59.87562  -39.61604     4.9573         55 0.0000e+00
       7751    322.922    244.000    241.559     3.9088     3.9085  32.484253  32.485465     2.4341   59.87563  -39.61604     4.9573         44 0.0000e+00
       7792    324.623    246.000    243.538     3.9179     3.9178  32.495199  32.496577     2.4302   59.87564  -39.61604     4.9573         40 0.0000e+00
       7838    326.551    248.000    245.517     3.9213     3.9212  32.499746  32.501219     2.4265   59.87564  -39.61604     4.9573         56 0.0000e+00
       7899    329.089    250.000    247.496     3.9247     3.9246  32.504228  32.505691     2.4219   59.87564  -39.61604     4.9573         54 0.0000e+00
       7941    330.838    252.000    249.474     3.9280     3.9281  32.508713  32.510400     2.4212   59.87564  -39.61604     4.9573         37 0.0000e+00
       7981    332.488    254.000    251.453     3.9258     3.9255  32.507818  32.509676     2.4219   59.87564  -39.61604     4.9573         46 0.0000e+00
       8039    334.928    256.000    253.431     3.9130     3.9134  32.496289  32.498622     2.4259   59.87564  -39.61604     4.9573         62 0.0000e+00
       8086    336.863    258.000    255.410     3.8977     3.8971  32.482025  32.483864     2.4344   59.87564  -39.61604     4.9573         35 0.0000e+00
       8121    338.347    260.000    257.389     3.8884     3.8875  32.473600  32.475492     2.4442   59.87564  -39.61604     4.9573         40 0.0000e+00
       8171    340.425    262.000    259.368     3.8465     3.8471  32.432695  32.435678     2.4567   59.87564  -39.61604     4.9573         57 0.0000e+00
       8222    342.562    264.000    261.346     3.8235     3.8243  32.410644  32.413866     2.4646   59.87564  -39.61604     4.9573         47 0.0000e+00
       8272    344.619    266.000    263.325     3.8157     3.8154  32.404090  32.405642     2.4674   59.87564  -39.61604     4.9573         51 0.0000e+00
       8321    346.662    268.000    265.303     3.8124     3.8122  32.402196  32.403790     2.4689   59.87564  -39.61604     4.9573         46 0.0000e+00
       8365    348.514    270.000    267.282     3.8063     3.8061  32.397284  32.399109     2.4700   59.87564  -39.61604     4.9573         44 0.0000e+00
       8410    350.378    272.000    269.261     3.7982     3.7982  32.390712  32.392548     2.4695   59.87564  -39.61604     4.9573         45 0.0000e+00
       8458    352.388    274.000    271.239     3.7955     3.7954  32.389075  32.390833     2.4694   59.87564  -39.61604     4.9573         55 0.0000e+00
       8516    354.784    276.000    273.218     3.7937     3.7936  32.388541  32.390052     2.4692   59.87564  -39.61604     4.9573         53 0.0000e+00
       8560    356.619    278.000    275.197     3.7928     3.7926  32.388616  32.390178     2.4695   59.87564  -39.61604     4.9573         38 0.0000e+00
       8596    358.137    280.000    277.175     3.7828     3.7832  32.379832  32.382297     2.4698   59.87564  -39.61604     4.9573         37 0.0000e+00
       8643    360.074    282.000    279.153     3.7768     3.7765  32.374996  32.376636     2.4694   59.87564  -39.61604     4.9573         60 0.0000e+00
       8704    362.609    284.000    281.132     3.7676     3.7675  32.366983  32.368825     2.4691   59.87564  -39.61603     4.9573         49 0.0000e+00
       8745    364.321    286.000    283.110     3.7630     3.7628  32.363448  32.365132     2.4696   59.87564  -39.61604     4.9573         43 0.0000e+00
       8793    366.328    288.000    285.089     3.7556     3.7556  32.357327  32.359155     2.4705   59.87564  -39.61604     4.9573         49 0.0000e+00
       8836    368.124    290.000    287.067     3.7507     3.7505  32.353579  32.355174     2.4699   59.87564  -39.61602     4.9573         40 0.0000e+00
       8887    370.234    292.000    289.045     3.7488     3.7485  32.352739  32.354168     2.4693   59.87564  -39.61603     4.9573         61 0.0000e+00
       8940    372.448    294.000    291.024     3.7478     3.7476  32.352946  32.354299     2.4674   59.87564  -39.61604     4.9573         43 0.0000e+00
       8986    374.385    296.000    293.002     3.7493     3.7490  32.355833  32.357175     2.4659   59.87564  -39.61603     4.9573         54 0.0000e+00
       9037    376.503    298.000    294.981     3.7503     3.7502  32.357997  32.359500     2.4660   59.87564  -39.61604     4.9573         42 0.0000e+00
       9073    378.014    300.000    296.959     3.7504     3.7503  32.359040  32.360663     2.4649   59.87564  -39.61604     4.9573         35 0.0000e+00
       9118    379.862    302.000    298.937     3.7518     3.7515  32.361557  32.362840     2.4635   59.87564  -39.61604     4.9573         57 0.0000e+00
       9177    382.333    304.000    300.915     3.7546     3.7546  32.365563  32.367026     2.4604   59.87564  -39.61604     4.9573         51 0.0000e+00
       9221    384.146    306.000    302.894     3.7622     3.7619  32.374544  32.375611     2.4579   59.87564  -39.61604     4.9573         42 0.0000e+00
       9266    386.048    308.000    304.872     3.7668     3.7666  32.380123  32.381512     2.4546   59.87564  -39.61604     4.9573         49 0.0000e+00
       9316    388.115    310.000    306.850     3.7710     3.7702  32.385529  32.385937     2.4406   59.87564  -39.61604     4.9573         50 0.0000e+00
       9363    390.093    312.000    308.828     3.7981     3.7966  32.414742  32.413115     2.4218   59.87564  -39.61604     4.9573         46 0.0000e+00
       9416    392.290    314.000    310.806     3.8414     3.8413  32.459539  32.460874     2.4094   59.87564  -39.61604     4.9573         60 0.0000e+00
       9468    394.453    316.000    312.784     3.8441     3.8442  32.463092  32.464893     2.4021   59.87564  -39.61604     4.9573         38 0.0000e+00
       9501    395.836    318.000    314.763     3.8394     3.8388  32.459569  32.460572     2.3987   59.87564  -39.61604     4.9573         34 0.0000e+00
       9549    397.816    320.000    316.741     3.8427     3.8426  32.463746  32.465344     2.3956   59.87564  -39.61604     4.9573         66 0.0000e+00
       9610    400.377    322.000    318.719     3.8396     3.8395  32.461470  32.462999     2.3939   59.87564  -39.61604     4.9573         45 0.0000e+00
       9649    402.002    324.000    320.697     3.8372     3.8370  32.460105  32.461615     2.3931   59.87564  -39.61604     4.9573         40 0.0000e+00
       9693    403.834    326.000    322.675     3.8343     3.8341  32.458305  32.459743     2.3925   59.87564  -39.61605     4.9573         49 0.0000e+00
       9746    406.034    328.000    324.653     3.8334     3.8332  32.458428  32.459927     2.3901   59.87564  -39.61604     4.9573         52 0.0000e+00
       9794    408.029    330.000    326.631     3.8295     3.8293  32.455751  32.457378     2.3884   59.87564  -39.61604     4.9573         47 0.0000e+00
       9841    409.991    332.000    328.609     3.8263     3.8261  32.453719  32.455142     2.3872   59.87564  -39.61604     4.9573         45 0.0000e+00
       9885    411.831    334.000    330.587     3.8248     3.8246  32.453290  32.454782     2.3858   59.87564  -39.61605     4.9573         46 0.0000e+00
       9939    414.065    336.000    332.565     3.8235     3.8234  32.453194  32.454622     2.3837   59.87564  -39.61604     4.9573         60 0.0000e+00
       9990    416.210    338.000    334.543     3.8244     3.8241  32.454948  32.456235     2.3815   59.87564  -39.61604     4.9573         41 0.0000e+00
      10028    417.786    340.000    336.521     3.8242     3.8239  32.455718  32.457222     2.3806   59.87564  -39.61604     4.9573         39 0.0000e+00
      10076    419.785    342.000    338.499     3.8224     3.8222  32.455130  32.456596     2.3792   59.87564  -39.61604     4.9573         55 0.0000e+00
      10127    421.906    344.000    340.477     3.8218     3.8215  32.455655  32.457032     2.3767   59.87564  -39.61605     4.9573         45 0.0000e+00
      10171    423.733    346.000    342.454     3.8199     3.8196  32.454909  32.456382     2.3759   59.87564  -39.61605     4.9573         45 0.0000e+00
      10218    425.716    348.000    344.433     3.8167     3.8158  32.452920  32.453782     2.3763   59.87564  -39.61604     4.9573         50 0.0000e+00
      10270    427.868    350.000    346.410     3.8127     3.8124  32.449953  32.451367     2.3773   59.87564  -39.61604     4.9573         53 0.0000e+00
      10320    429.964    352.000    348.388     3.8059     3.8058  32.444512  32.445983     2.3767   59.87564  -39.61605     4.9573         44 0.0000e+00
      10360    431.643    354.000    350.366     3.8095     3.8092  32.449441  32.450627     2.3753   59.87564  -39.61606     4.9573         41 0.0000e+00
      10411    433.749    356.000    352.344     3.8110     3.8108  32.451912  32.453303     2.3740   59.87564  -39.61604     4.9573         61 0.0000e+00
      10466    436.060    358.000    354.321     3.8128     3.8125  32.455035  32.456284     2.3734   59.87564  -39.61604     4.9573         44 0.0000e+00
      10506    437.703    360.000    356.299     3.8115     3.8113  32.454838  32.456254     2.3736   59.87564  -39.61604     4.9573         42 0.0000e+00
      10555    439.758    362.000    358.277     3.8098     3.8096  32.454101  32.455545     2.3733   59.87564  -39.61604     4.9573         50 0.0000e+00
      10598    441.561    364.000    360.254     3.8057     3.8056  32.451089  32.452751     2.3727   59.87564  -39.61604     4.9573         41 0.0000e+00
      10644    443.466    366.000    362.232     3.8029     3.8026  32.449303  32.450754     2.3723   59.87564  -39.61604     4.9573         50 0.0000e+00
      10696    445.619    368.000    364.210     3.8011     3.8009  32.448548  32.449963     2.3722   59.87564  -39.61604     4.9573         54 0.0000e+00
      10749    447.851    370.000    366.187     3.8022     3.8019  32.450667  32.451994     2.3724   59.87564  -39.61604     4.9573         51 0.0000e+00
      10796    449.799    372.000    368.165     3.8031     3.8030  32.452565  32.454122     2.3718   59.87564  -39.61604     4.9573         43 0.0000e+00
      10839    451.565    374.000    370.143     3.7994     3.7994  32.449949  32.451488     2.3730   59.87564  -39.61605     4.9573         43 0.0000e+00
      10887    453.572    376.000    372.120     3.7995     3.7993  32.451145  32.452610     2.3753   59.87564  -39.61604     4.9573         54 0.0000e+00
      10938    455.726    378.000    374.098     3.7931     3.7931  32.445843  32.447447     2.3777   59.87564  -39.61603     4.9573         45 0.0000e+00
      10981    457.520    380.000    376.075     3.7882     3.7875  32.441804  32.443023     2.3804   59.87564  -39.61604     4.9573         48 0.0000e+00
      11033    459.682    382.000    378.053     3.7739     3.7734  32.428493  32.429788     2.3825   59.87564  -39.61606     4.9573         48 0.0000e+00
      11075    461.424    384.000    380.030     3.7749     3.7752  32.430801  32.432497     2.3835   59.87564  -39.61605     4.9573         40 0.0000e+00
      11121    463.335    386.000    382.008     3.7697     3.7694  32.426693  32.427971     2.3836   59.87565  -39.61604     4.9573         55 0.0000e+00
      11179    465.753    388.000    383.985     3.7713     3.7711  32.429399  32.430691     2.3818   59.87566  -39.61604     4.9573         53 0.0000e+00
      11224    467.629    390.000    385.963     3.7738     3.7736  32.433122  32.434454     2.3780   59.87566  -39.61604     4.9573         41 0.0000e+00
      11265    469.331    392.000    387.940     3.7762     3.7758  32.436717  32.437751     2.3767   59.87566  -39.61604     4.9573         42 0.0000e+00
      11310    471.227    394.000    389.918     3.7740     3.7742  32.435422  32.437497     2.3796   59.87566  -39.61604     4.9573         49 0.0000e+00
      11370    473.695    396.000    391.895     3.7519     3.7520  32.414253  32.416430     2.3812   59.87566  -39.61604     4.9573         69 0.0000e+00
      11426    476.046    398.000    393.872     3.7484     3.7482  32.412228  32.413190     2.3763   59.87566  -39.61604     4.9573         39 0.0000e+00
      11459    477.425    400.000    395.850     3.7604     3.7605  32.425560  32.426769     2.3716   59.87566  -39.61604     4.9573         33 0.0000e+00
      11500    479.136    402.000    397.827     3.7672     3.7675  32.433365  32.434999     2.3689   59.87566  -39.61604     4.9573         51 0.0000e+00
      11554    481.373    404.000    399.804     3.7675     3.7674  32.434658  32.436148     2.3667   59.87566  -39.61604     4.9573         52 0.0000e+00
      11603    483.435    406.000    401.782     3.7649     3.7648  32.433181  32.434578     2.3660   59.87566  -39.61604     4.9573         47 0.0000e+00
      11648    485.307    408.000    403.759     3.7635     3.7635  32.432771  32.434358     2.3658   59.87566  -39.61604     4.9573         45 0.0000e+00
      11703    487.565    410.000    405.736     3.7584     3.7582  32.428681  32.430169     2.3644   59.87566  -39.61604     4.9573         62 0.0000e+00
      11754    489.719    412.000    407.713     3.7558     3.7556  32.427259  32.428677     2.3629   59.87566  -39.61604     4.9573         38 0.0000e+00
      11789    491.156    414.000    409.690     3.7512     3.7513  32.423715  32.425569     2.3613   59.87566  -39.61604     4.9573         36 0.0000e+00
