Example_Files/SBE_Processing_Files/Processed_SBE_cast_files/downcasts/dar69-01_020.cnv
* Sea-Bird SBE 9 Data File:
* FileName = D:\data\ar69-01_020.hex
* Software Version Seasave V 7.26.7.107
* Temperature SN = 4491
* Conductivity SN = 3009
* Number of Bytes Per Scan = 44
* Number of Voltage Words = 5
* Number of Scans Averaged by the Deck Unit = 1
* NMEA Latitude = 59 52.54 N
* NMEA Longitude = 039 36.97 W
* NMEA UTC (Time) = Jul 06 2022  17:11:20
** Cruise ID: AR69-01
** Chief Sci:
** Station #: 020
** Site ID: OSNAP cal dip
# nquan = 14
# nvalues = 1319                        
# units = specified
# name 0 = scan: Scan Count
# name 1 = timeS: Time, Elapsed [seconds]
# name 2 = prDM: Pressure, Digiquartz [db]
# name 3 = depSM: Depth [salt water, m]
# name 4 = t090C: Temperature [ITS-90, deg C]
# name 5 = t190C: Temperature, 2 [ITS-90, deg C]
# name 6 = c0mS/cm: Conductivity [mS/cm]
# name 7 = c1mS/cm: Conductivity, 2 [mS/cm]
# name 8 = sbeox0V: Oxygen raw, SBE 43 [V]
# name 9 = latitude: Latitude [deg]
# name 10 = longitude: Longitude [deg]
# name 11 = v7: Voltage 7
# name 12 = nbin: number of scans per bin
# name 13 = flag: flag
# span 0 =        528,      72934       
# span 1 =     21.971,   3038.866       
# span 2 =      4.000,   2640.000       
# span 3 =      3.962,   2598.811       
# span 4 =     1.8301,     7.9367       
# span 5 =     1.8287,     7.9497       
# span 6 =  31.650396,  35.902587       
# span 7 =  31.649374,  35.912120       
# span 8 =     1.8361,     2.8304       
# span 9 =   59.87562,   59.87568       
# span 10 =  -39.61610,  -39.61602      
# span 11 =     4.9560,     4.9573      
# span 12 =          1,        119      
# span 13 = 0.0000e+00, 0.0000e+00      
# interval = decibars: 2                
# start_time = Jul 06 2022 17:11:20 [NMEA time, first data scan]
# bad_flag = -9.990e-29
*END*
        528     21.971      4.000      3.962     7.9367     7.9497  35.902587  35.912120     2.8218   59.87566  -39.61607     4.9573          1 0.0000e+00
        598     24.875      6.000      5.944     7.9267     7.9353  35.893081  35.903507     2.8226   59.87566  -39.61609     4.9573         69 0.0000e+00
        679     28.242      8.000      7.924     7.8119     7.8012  35.791377  35.786859     2.8245   59.87566  -39.61610     4.9573         86 0.0000e+00
        752     31.299     10.000      9.906     7.7901     7.7951  35.774110  35.781361     2.8228   59.87566  -39.61610     4.9573         74 0.0000e+00
        845     35.154     12.000     11.886     7.7614     7.7709  35.750742  35.761220     2.8197   59.87566  -39.61608     4.9573         89 0.0000e+00
        921     38.321     14.000     13.868     7.6379     7.6547  35.640980  35.660802     2.8228   59.87566  -39.61610     4.9573         81 0.0000e+00
       1006     41.882     16.000     15.849     7.4680     7.4748  35.495364  35.504005     2.8250   59.87566  -39.61609     4.9573         89 0.0000e+00
       1094     45.555     18.000     17.830     7.2351     7.2314  35.292265  35.294777     2.8282   59.87566  -39.61608     4.9573         94 0.0000e+00
       1176     48.954     20.000     19.811     7.1452     7.1452  35.214327  35.216844     2.8263   59.87566  -39.61610     4.9573         58 0.0000e+00
       1254     52.215     22.000     21.792     7.0700     7.0719  35.146678  35.153641     2.8248   59.87566  -39.61608     4.9573        108 0.0000e+00
       1350     56.220     24.000     23.773     6.9682     6.9691  35.064134  35.068807     2.8289   59.87566  -39.61608     4.9573         68 0.0000e+00
       1412     58.807     26.000     25.754     6.7773     6.7807  34.900822  34.909880     2.8304   59.87566  -39.61609     4.9573         74 0.0000e+00
       1507     62.756     28.000     27.734     6.5641     6.5675  34.716633  34.724913     2.8254   59.87566  -39.61608     4.9573         89 0.0000e+00
       1576     65.616     30.000     29.715     6.4228     6.4231  34.588395  34.592611     2.8097   59.87566  -39.61608     4.9573         76 0.0000e+00
       1662     69.214     32.000     31.696     6.3245     6.3252  34.509004  34.513044     2.7908   59.87566  -39.61608     4.9573         80 0.0000e+00
       1731     72.087     34.000     33.677     6.2567     6.2571  34.450207  34.454449     2.7783   59.87566  -39.61608     4.9573         69 0.0000e+00
       1814     75.553     36.000     35.658     6.1819     6.1825  34.387685  34.392093     2.7600   59.87566  -39.61608     4.9573         88 0.0000e+00
       1888     78.619     38.000     37.639     5.9672     5.9687  34.189696  34.197626     2.7461   59.87566  -39.61607     4.9573         69 0.0000e+00
       1973     82.152     40.000     39.619     5.8561     5.8559  34.094050  34.096028     2.7208   59.87566  -39.61608     4.9573         88 0.0000e+00
       2046     85.194     42.000     41.600     5.7057     5.7084  33.960934  33.970854     2.6871   59.87566  -39.61606     4.9573         71 0.0000e+00
       2121     88.352     44.000     43.581     5.4145     5.4184  33.694244  33.705913     2.6648   59.87566  -39.61607     4.9573         75 0.0000e+00
       2203     91.760     46.000     45.562     5.1359     5.1393  33.440636  33.449514     2.6451   59.87566  -39.61606     4.9573         82 0.0000e+00
       2275     94.746     48.000     47.542     4.9805     4.9810  33.314887  33.318830     2.6263   59.87566  -39.61607     4.9573         74 0.0000e+00
       2345     97.684     50.000     49.523     4.8754     4.8771  33.231452  33.239378     2.6118   59.87566  -39.61607     4.9573         58 0.0000e+00
       2416    100.628     52.000     51.504     4.7138     4.7177  33.096009  33.102581     2.6005   59.87566  -39.61606     4.9573         97 0.0000e+00
       2497    104.019     54.000     53.484     4.6615     4.6598  33.055249  33.056213     2.5892   59.87566  -39.61608     4.9573         52 0.0000e+00
       2556    106.476     56.000     55.465     4.6320     4.6317  33.033378  33.036051     2.5839   59.87566  -39.61607     4.9573         78 0.0000e+00
       2644    110.107     58.000     57.446     4.5984     4.5981  33.006356  33.008538     2.5808   59.87566  -39.61606     4.9573         79 0.0000e+00
       2707    112.766     60.000     59.426     4.5861     4.5859  32.997657  32.999623     2.5738   59.87566  -39.61606     4.9573         59 0.0000e+00
       2773    115.492     62.000     61.407     4.5746     4.5744  32.994986  32.996659     2.5639   59.87566  -39.61606     4.9573         74 0.0000e+00
       2860    119.134     64.000     63.387     4.5640     4.5638  32.990862  32.992835     2.5528   59.87566  -39.61605     4.9573         88 0.0000e+00
       2928    121.962     66.000     65.368     4.5565     4.5563  32.986980  32.988989     2.5439   59.87566  -39.61606     4.9573         56 0.0000e+00
       2984    124.303     68.000     67.348     4.5468     4.5463  32.981476  32.983257     2.5389   59.87566  -39.61606     4.9573         61 0.0000e+00
       3068    127.771     70.000     69.329     4.5435     4.5431  32.980857  32.982529     2.5369   59.87566  -39.61604     4.9573         96 0.0000e+00
       3148    131.115     72.000     71.309     4.5437     4.5433  32.982941  32.984623     2.5349   59.87566  -39.61606     4.9573         68 0.0000e+00
       3208    133.608     74.000     73.290     4.5411     4.5410  32.981513  32.983501     2.5327   59.87566  -39.61606     4.9573         55 0.0000e+00
       3285    136.835     76.000     75.270     4.5346     4.5345  32.976520  32.978593     2.5271   59.87566  -39.61605     4.9573        103 0.0000e+00
       3366    140.191     78.000     77.251     4.5219     4.5215  32.965949  32.967824     2.5246   59.87566  -39.61606     4.9573         51 0.0000e+00
       3423    142.591     80.000     79.231     4.5113     4.5110  32.958010  32.959843     2.5257   59.87566  -39.61606     4.9573         72 0.0000e+00
       3502    145.859     82.000     81.211     4.5062     4.5060  32.954623  32.956588     2.5244   59.87566  -39.61605     4.9573         90 0.0000e+00
       3593    149.656     84.000     83.192     4.4931     4.4931  32.944331  32.946683     2.5181   59.87566  -39.61604     4.9573         64 0.0000e+00
       3639    151.584     86.000     85.172     4.4767     4.4764  32.930021  32.932195     2.5129   59.87566  -39.61606     4.9573         52 0.0000e+00
       3720    154.950     88.000     87.153     4.4686     4.4683  32.923694  32.925557     2.5076   59.87566  -39.61605     4.9573         96 0.0000e+00
       3796    158.112     90.000     89.133     4.4637     4.4634  32.920070  32.921978     2.5058   59.87566  -39.61605     4.9573         66 0.0000e+00
       3863    160.918     92.000     91.113     4.4457     4.4458  32.903926  32.905566     2.5081   59.87566  -39.61606     4.9573         66 0.0000e+00
       3937    163.991     94.000     93.093     4.4381     4.4379  32.898311  32.900100     2.5149   59.87566  -39.61604     4.9573         84 0.0000e+00
       4011    167.075     96.000     95.074     4.4259     4.4258  32.888364  32.890608     2.5170   59.87566  -39.61606     4.9573         63 0.0000e+00
       4086    170.199     98.000     97.054     4.4135     4.4132  32.878311  32.880081     2.5137   59.87566  -39.61606     4.9573         80 0.0000e+00
       4153    172.990    100.000     99.034     4.4001     4.3998  32.867611  32.869628     2.5101   59.87566  -39.61605     4.9573         70 0.0000e+00
       4231    176.248    102.000    101.014     4.3842     4.3840  32.853731  32.855819     2.5076   59.87566  -39.61606     4.9573         72 0.0000e+00
       4323    180.077    104.000    102.994     4.3725     4.3717  32.843677  32.845332     2.5067   59.87566  -39.61606     4.9573         94 0.0000e+00
       4435    184.763    106.000    104.975     4.3600     4.3601  32.833132  32.835289     2.5060   59.87566  -39.61606     4.9573         69 0.0000e+00
       4495    187.250    108.000    106.955     4.3504     4.3500  32.825357  32.827093     2.5028   59.87566  -39.61606     4.9573         59 0.0000e+00
       4553    189.651    110.000    108.935     4.3445     4.3442  32.821027  32.822985     2.5018   59.87566  -39.61606     4.9573         55 0.0000e+00
       4602    191.701    112.000    110.915     4.3298     4.3295  32.808234  32.810644     2.5013   59.87566  -39.61606     4.9573         43 0.0000e+00
       4644    193.443    114.000    112.895     4.3079     4.3077  32.788067  32.789970     2.5021   59.87566  -39.61606     4.9573         43 0.0000e+00
       4693    195.509    116.000    114.875     4.3020     4.3020  32.783681  32.786156     2.5031   59.87566  -39.61606     4.9573         57 0.0000e+00
       4748    197.779    118.000    116.855     4.2817     4.2814  32.764662  32.767077     2.4998   59.87566  -39.61606     4.9573         48 0.0000e+00
       4792    199.627    120.000    118.835     4.2792     4.2791  32.764593  32.765945     2.4981   59.87566  -39.61606     4.9573         43 0.0000e+00
       4835    201.414    122.000    120.815     4.2782     4.2779  32.765205  32.767261     2.4977   59.87566  -39.61605     4.9573         43 0.0000e+00
       4881    203.325    124.000    122.795     4.2706     4.2703  32.759089  32.761040     2.4982   59.87566  -39.61606     4.9573         53 0.0000e+00
       4941    205.813    126.000    124.775     4.2589     4.2586  32.748945  32.751003     2.4979   59.87566  -39.61606     4.9573         57 0.0000e+00
       4986    207.710    128.000    126.755     4.2486     4.2481  32.740213  32.741918     2.4971   59.87566  -39.61606     4.9573         39 0.0000e+00
       5028    209.460    130.000    128.735     4.2389     4.2385  32.731972  32.733883     2.4970   59.87566  -39.61606     4.9573         47 0.0000e+00
       5080    211.610    132.000    130.715     4.2332     4.2329  32.727615  32.729490     2.4972   59.87566  -39.61606     4.9573         54 0.0000e+00
       5130    213.727    134.000    132.695     4.2193     4.2191  32.715571  32.717546     2.4961   59.87566  -39.61604     4.9573         46 0.0000e+00
       5174    215.540    136.000    134.675     4.2149     4.2145  32.712284  32.714188     2.4955   59.87566  -39.61604     4.9573         43 0.0000e+00
       5218    217.380    138.000    136.654     4.2038     4.2034  32.702478  32.704515     2.4951   59.87566  -39.61606     4.9573         48 0.0000e+00
       5269    219.517    140.000    138.634     4.1890     4.1889  32.689555  32.691736     2.4940   59.87566  -39.61606     4.9573         51 0.0000e+00
       5317    221.496    142.000    140.614     4.1775     4.1773  32.679790  32.681945     2.4936   59.87566  -39.61606     4.9573         44 0.0000e+00
       5361    223.338    144.000    142.594     4.1659     4.1657  32.670277  32.672345     2.4929   59.87566  -39.61606     4.9573         47 0.0000e+00
       5413    225.517    146.000    144.574     4.1621     4.1617  32.667907  32.669501     2.4917   59.87566  -39.61605     4.9573         54 0.0000e+00
       5461    227.512    148.000    146.554     4.1613     4.1609  32.668264  32.669990     2.4915   59.87566  -39.61605     4.9573         42 0.0000e+00
       5505    229.333    150.000    148.533     4.1490     4.1484  32.657190  32.659118     2.4910   59.87566  -39.61606     4.9573         51 0.0000e+00
       5561    231.657    152.000    150.513     4.1372     4.1370  32.647144  32.648939     2.4915   59.87566  -39.61606     4.9573         51 0.0000e+00
       5602    233.395    154.000    152.493     4.1378     4.1375  32.649064  32.650643     2.4918   59.87566  -39.61606     4.9573         38 0.0000e+00
       5648    235.311    156.000    154.472     4.1382     4.1379  32.650536  32.652250     2.4901   59.87566  -39.61605     4.9573         58 0.0000e+00
       5707    237.743    158.000    156.452     4.1322     4.1311  32.645262  32.646778     2.4924   59.87564  -39.61604     4.9573         48 0.0000e+00
       5746    239.355    160.000    158.432     4.1018     4.1029  32.615376  32.620203     2.4978   59.87565  -39.61606     4.9573         36 0.0000e+00
       5786    241.029    162.000    160.411     3.9939     3.9941  32.509131  32.514747     2.5034   59.87565  -39.61606     4.9573         47 0.0000e+00
       5840    243.275    164.000    162.391     3.9289     3.9290  32.446380  32.450359     2.5102   59.87564  -39.61604     4.9573         58 0.0000e+00
       5894    245.546    166.000    164.370     3.8767     3.8769  32.395928  32.398575     2.5150   59.87565  -39.61604     4.9573         50 0.0000e+00
       5939    247.409    168.000    166.350     3.8686     3.8686  32.389041  32.391340     2.5170   59.87565  -39.61606     4.9573         40 0.0000e+00
       5979    249.088    170.000    168.330     3.8554     3.8560  32.377278  32.380232     2.5184   59.87564  -39.61606     4.9573         43 0.0000e+00
       6028    251.126    172.000    170.309     3.8535     3.8533  32.377040  32.378737     2.5187   59.87564  -39.61604     4.9573         55 0.0000e+00
       6088    253.606    174.000    172.289     3.8584     3.8577  32.383554  32.384595     2.5146   59.87565  -39.61605     4.9573         60 0.0000e+00
       6136    255.618    176.000    174.268     3.8883     3.8889  32.416970  32.417753     2.5110   59.87564  -39.61606     4.9573         36 0.0000e+00
       6168    256.976    178.000    176.248     3.9101     3.9103  32.440212  32.442284     2.5100   59.87564  -39.61606     4.9573         33 0.0000e+00
       6214    258.885    180.000    178.227     3.9091     3.9085  32.440168  32.441504     2.5059   59.87565  -39.61605     4.9573         67 0.0000e+00
       6281    261.669    182.000    180.206     3.9292     3.9282  32.463200  32.462426     2.4976   59.87564  -39.61604     4.9573         48 0.0000e+00
       6318    263.220    184.000    182.186     3.9569     3.9564  32.492901  32.493889     2.4922   59.87564  -39.61604     4.9573         37 0.0000e+00
       6362    265.025    186.000    184.165     3.9663     3.9662  32.503990  32.505188     2.4858   59.87564  -39.61606     4.9573         50 0.0000e+00
       6413    267.178    188.000    186.145     3.9908     3.9898  32.530322  32.530710     2.4793   59.87564  -39.61606     4.9573         51 0.0000e+00
       6463    269.259    190.000    188.124     3.9979     3.9972  32.538467  32.539377     2.4749   59.87564  -39.61605     4.9573         49 0.0000e+00
       6509    271.171    192.000    190.103     4.0054     4.0053  32.547359  32.549033     2.4724   59.87564  -39.61604     4.9573         44 0.0000e+00
       6559    273.234    194.000    192.083     4.0012     4.0009  32.544186  32.545903     2.4697   59.87564  -39.61606     4.9573         56 0.0000e+00
       6611    275.401    196.000    194.062     3.9952     3.9951  32.539416  32.541175     2.4673   59.87564  -39.61606     4.9573         43 0.0000e+00
       6650    277.060    198.000    196.041     3.9903     3.9900  32.535901  32.537613     2.4658   59.87564  -39.61604     4.9573         41 0.0000e+00
       6696    278.976    200.000    198.020     3.9889     3.9885  32.535778  32.537279     2.4657   59.87564  -39.61606     4.9573         50 0.0000e+00
       6748    281.142    202.000    200.000     3.9879     3.9876  32.536019  32.537576     2.4637   59.87564  -39.61606     4.9573         54 0.0000e+00
       6799    283.253    204.000    201.979     3.9797     3.9794  32.529635  32.531520     2.4611   59.87564  -39.61604     4.9573         44 0.0000e+00
       6840    284.952    206.000    203.958     3.9757     3.9754  32.527279  32.528888     2.4587   59.87564  -39.61604     4.9573         41 0.0000e+00
       6888    286.977    208.000    205.937     3.9744     3.9741  32.527378  32.528937     2.4558   59.87564  -39.61604     4.9573         59 0.0000e+00
