Example_Files/SBE_Processing_Files/Processed_SBE_cast_files/downcasts/dar69-01_011.cnv
* Sea-Bird SBE 9 Data File:
* FileName = D:\data\ar69-01_011.hex
* Software Version Seasave V 7.26.7.107
* Temperature SN = 4491
* Conductivity SN = 3009
* Number of Bytes Per Scan = 44
* Number of Voltage Words = 5
* Number of Scans Averaged by the Deck Unit = 1
* NMEA Latitude = 59 50.97 N
* NMEA Longitude = 040 41.43 W
* NMEA UTC (Time) = Jun 29 2022  18:39:20
** Cruise ID: AR69-01
** Chief Sci:
** Station #: 011
** Site ID: M2
# nquan = 14
# nvalues = 1244                        
# units = specified
# name 0 = scan: Scan Count
# name 1 = timeS: Time, Elapsed [seconds]
# name 2 = prDM: Pressure, Digiquartz [db]
# name 3 = depSM: Depth [salt water, m]
# name 4 = t090C: Temperature [ITS-90, deg C]
# name 5 = t190C: Temperature, 2 [ITS-90, deg C]
# name 6 = c0mS/cm: Conductivity [mS/cm]
# name 7 = c1mS/cm: Conductivity, 2 [mS/cm]
# name 8 = sbeox0V: Oxygen raw, SBE 43 [V]
# name 9 = latitude: Latitude [deg]
# name 10 = longitude: Longitude [deg]
# name 11 = v7: Voltage 7
# name 12 = nbin: number of scans per bin
# name 13 = flag: flag
# span 0 =        362,      67951       
# span 1 =     15.029,   2831.261       
# span 2 =      2.000,   2488.000       
# span 3 =      1.982,   2450.053       
# span 4 =     1.8980,     7.0882       
# span 5 =     1.8988,     7.0863       
# span 6 =  31.650034,  35.261559       
# span 7 =  31.650620,  35.261687       
# span 8 =     1.8736,     2.8193       
# span 9 =   59.84695,   59.84946       
# span 10 =  -40.69256,  -40.69010      
# span 11 =     4.9560,     4.9573      
# span 12 =         12,        124      
# span 13 = 0.0000e+00, 0.0000e+00      
# interval = decibars: 2                
# start_time = Jun 29 2022 18:39:20 [NMEA time, first data scan]
# bad_flag = -9.990e-29
*END*
[from data line 207]
      12211    508.755    416.000    411.669     3.9369     3.9365  32.579897  32.581356     2.4200   59.84944  -40.69052     4.9571         53 0.0000e+00
      12272    511.303    418.000    413.646     3.9352     3.9347  32.579232  32.580626     2.4175   59.84944  -40.69050     4.9570         63 0.0000e+00
      12320    513.271    420.000    415.623     3.9321     3.9316  32.577281  32.578902     2.4179   59.84944  -40.69052     4.9570         33 0.0000e+00
      12351    514.577    422.000    417.600     3.9283     3.9279  32.574805  32.576476     2.4176   59.84944  -40.69052     4.9570         34 0.0000e+00
      12402    516.723    424.000    419.577     3.9261     3.9258  32.573691  32.575315     2.4171   59.84944  -40.69050     4.9571         73 0.0000e+00
      12464    519.303    426.000    421.554     3.9266     3.9261  32.575289  32.576552     2.4161   59.84944  -40.69051     4.9573         40 0.0000e+00
      12500    520.784    428.000    423.531     3.9273     3.9270  32.576860  32.578308     2.4158   59.84944  -40.69051     4.9572         39 0.0000e+00
      12551    522.921    430.000    425.508     3.9275     3.9271  32.577833  32.579262     2.4147   59.84944  -40.69050     4.9570         57 0.0000e+00
      12595    524.730    432.000    427.486     3.9260     3.9255  32.577511  32.579012     2.4132   59.84944  -40.69050     4.9571         33 0.0000e+00
      12640    526.607    434.000    429.463     3.9254     3.9249  32.577897  32.579283     2.4117   59.84944  -40.69050     4.9573         70 0.0000e+00
      12711    529.564    436.000    431.440     3.9219     3.9211  32.575319  32.576864     2.4104   59.84944  -40.69051     4.9572         47 0.0000e+00
      12743    530.920    438.000    433.417     3.9174     3.9169  32.572463  32.573862     2.4102   59.84944  -40.69051     4.9571         30 0.0000e+00
      12776    532.276    440.000    435.393     3.9171     3.9167  32.572956  32.574522     2.4099   59.84944  -40.69050     4.9570         41 0.0000e+00
      12847    535.244    442.000    437.371     3.9148     3.9145  32.571625  32.573301     2.4086   59.84944  -40.69050     4.9573         80 0.0000e+00
      12895    537.264    444.000    439.347     3.9121     3.9122  32.570478  32.572286     2.4081   59.84945  -40.69052     4.9573         33 0.0000e+00
      12929    538.648    446.000    441.324     3.9123     3.9130  32.571601  32.573965     2.4073   59.84946  -40.69050     4.9573         35 0.0000e+00
      12966    540.214    448.000    443.301     3.9137     3.9133  32.573765  32.575185     2.4066   59.84945  -40.69050     4.9573         39 0.0000e+00
      13018    542.378    450.000    445.278     3.9111     3.9118  32.572154  32.574655     2.4061   59.84945  -40.69049     4.9570         75 0.0000e+00
      13093    545.496    452.000    447.255     3.9117     3.9113  32.573551  32.575119     2.4060   59.84945  -40.69050     4.9571         54 0.0000e+00
      13133    547.161    454.000    449.232     3.9106     3.9106  32.573655  32.575410     2.4060   59.84944  -40.69052     4.9573         35 0.0000e+00
      13165    548.485    456.000    451.209     3.9096     3.9091  32.573646  32.575002     2.4060   59.84946  -40.69050     4.9573         30 0.0000e+00
      13197    549.818    458.000    453.185     3.9119     3.9113  32.576695  32.577821     2.4055   59.84945  -40.69049     4.9572         37 0.0000e+00
      13274    553.040    460.000    455.162     3.9118     3.9110  32.577358  32.578493     2.4031   59.84944  -40.69050     4.9570         60 0.0000e+00
      13331    555.427    462.000    457.139     3.9086     3.9084  32.575616  32.577286     2.4014   59.84944  -40.69052     4.9571         28 0.0000e+00
      13357    556.505    464.000    459.116     3.9087     3.9086  32.576724  32.578358     2.4006   59.84944  -40.69050     4.9570         27 0.0000e+00
      13401    558.344    466.000    461.092     3.8990     3.8981  32.568220  32.569680     2.4000   59.84944  -40.69050     4.9571         66 0.0000e+00
      13458    560.688    468.000    463.069     3.8948     3.8944  32.565713  32.567195     2.4009   59.84944  -40.69050     4.9569         35 0.0000e+00
      13491    562.077    470.000    465.046     3.8903     3.8897  32.562169  32.563820     2.4008   59.84944  -40.69050     4.9568         42 0.0000e+00
      13574    565.552    472.000    467.022     3.8877     3.8870  32.560757  32.562033     2.3995   59.84944  -40.69051     4.9567         49 0.0000e+00
      13606    566.885    474.000    468.999     3.8855     3.8850  32.559855  32.561309     2.3994   59.84944  -40.69052     4.9569         24 0.0000e+00
      13630    567.855    476.000    470.976     3.8840     3.8837  32.559434  32.560983     2.3989   59.84944  -40.69051     4.9573         25 0.0000e+00
      13687    570.239    478.000    472.952     3.8831     3.8818  32.559356  32.559973     2.3972   59.84944  -40.69050     4.9573         59 0.0000e+00
      13760    573.295    480.000    474.929     3.8814     3.8809  32.558672  32.560149     2.3959   59.84944  -40.69052     4.9573         40 0.0000e+00
      13795    574.767    482.000    476.906     3.8819     3.8817  32.560240  32.561697     2.3962   59.84944  -40.69052     4.9572         33 0.0000e+00
      13828    576.122    484.000    478.882     3.8823     3.8820  32.561471  32.562915     2.3969   59.84944  -40.69051     4.9568         33 0.0000e+00
      13869    577.827    486.000    480.859     3.8823     3.8819  32.562266  32.563708     2.3970   59.84944  -40.69050     4.9570         55 0.0000e+00
      13944    580.941    488.000    482.835     3.8815     3.8809  32.562249  32.563692     2.3953   59.84944  -40.69052     4.9569         73 0.0000e+00
      13989    582.819    490.000    484.812     3.8763     3.8759  32.558425  32.560007     2.3954   59.84944  -40.69052     4.9568         30 0.0000e+00
      14018    584.040    492.000    486.788     3.8743     3.8740  32.557470  32.559008     2.3957   59.84944  -40.69052     4.9569         32 0.0000e+00
      14061    585.828    494.000    488.765     3.8707     3.8701  32.554822  32.556324     2.3954   59.84944  -40.69051     4.9569         56 0.0000e+00
      14124    588.464    496.000    490.741     3.8679     3.8672  32.553115  32.554366     2.3954   59.84944  -40.69051     4.9570         66 0.0000e+00
      14180    590.810    498.000    492.718     3.8668     3.8664  32.553015  32.554503     2.3947   59.84944  -40.69052     4.9569         43 0.0000e+00
      14218    592.387    500.000    494.694     3.8661     3.8657  32.553316  32.554707     2.3947   59.84944  -40.69052     4.9570         38 0.0000e+00
      14260    594.129    502.000    496.671     3.8657     3.8653  32.553802  32.555217     2.3940   59.84944  -40.69051     4.9569         48 0.0000e+00
      14310    596.208    504.000    498.647     3.8640     3.8636  32.553054  32.554558     2.3935   59.84944  -40.69050     4.9569         50 0.0000e+00
      14368    598.611    506.000    500.623     3.8629     3.8626  32.552958  32.554481     2.3925   59.84944  -40.69052     4.9569         60 0.0000e+00
      14414    600.537    508.000    502.599     3.8632     3.8629  32.554333  32.555767     2.3917   59.84944  -40.69052     4.9570         34 0.0000e+00
      14447    601.910    510.000    504.576     3.8613     3.8609  32.553260  32.554809     2.3911   59.84944  -40.69051     4.9570         36 0.0000e+00
      14503    604.236    512.000    506.552     3.8587     3.8582  32.551762  32.553161     2.3903   59.84944  -40.69050     4.9570         75 0.0000e+00
      14561    606.667    514.000    508.529     3.8568     3.8563  32.551243  32.552569     2.3891   59.84944  -40.69052     4.9570         37 0.0000e+00
      14595    608.064    516.000    510.505     3.8574     3.8575  32.552865  32.554614     2.3882   59.84944  -40.69052     4.9570         37 0.0000e+00
      14644    610.115    518.000    512.481     3.8586     3.8582  32.554929  32.556253     2.3874   59.84944  -40.69050     4.9568         57 0.0000e+00
      14693    612.167    520.000    514.457     3.8597     3.8594  32.557059  32.558413     2.3862   59.84944  -40.69050     4.9569         47 0.0000e+00
      14754    614.712    522.000    516.433     3.8597     3.8594  32.557828  32.559320     2.3847   59.84944  -40.69051     4.9569         61 0.0000e+00
      14796    616.467    524.000    518.409     3.8579     3.8577  32.557084  32.558704     2.3843   59.84944  -40.69052     4.9570         32 0.0000e+00
      14830    617.878    526.000    520.386     3.8578     3.8575  32.557746  32.559375     2.3842   59.84944  -40.69051     4.9570         39 0.0000e+00
      14874    619.723    528.000    522.362     3.8541     3.8537  32.555013  32.556690     2.3842   59.84944  -40.69049     4.9570         50 0.0000e+00
      14940    622.454    530.000    524.338     3.8502     3.8498  32.552375  32.553792     2.3828   59.84944  -40.69051     4.9568         74 0.0000e+00
      14993    624.687    532.000    526.314     3.8477     3.8472  32.550913  32.552589     2.3821   59.84944  -40.69052     4.9568         34 0.0000e+00
      15023    625.916    534.000    528.290     3.8452     3.8448  32.549634  32.551209     2.3823   59.84944  -40.69051     4.9568         29 0.0000e+00
      15065    627.669    536.000    530.266     3.8440     3.8436  32.549445  32.550895     2.3819   59.84944  -40.69050     4.9569         65 0.0000e+00
      15134    630.539    538.000    532.242     3.8425     3.8421  32.548975  32.550432     2.3815   59.84944  -40.69050     4.9569         52 0.0000e+00
      15173    632.172    540.000    534.218     3.8392     3.8387  32.546821  32.548300     2.3809   59.84944  -40.69050     4.9568         37 0.0000e+00
      15216    633.969    542.000    536.194     3.8377     3.8373  32.546510  32.547893     2.3799   59.84944  -40.69050     4.9569         55 0.0000e+00
      15274    636.380    544.000    538.170     3.8367     3.8362  32.546405  32.547746     2.3790   59.84944  -40.69050     4.9568         49 0.0000e+00
      15315    638.072    546.000    540.146     3.8357     3.8354  32.546466  32.547889     2.3783   59.84944  -40.69050     4.9569         39 0.0000e+00
      15355    639.744    548.000    542.122     3.8346     3.8343  32.546508  32.547881     2.3777   59.84944  -40.69050     4.9569         41 0.0000e+00
      15402    641.728    550.000    544.098     3.8343     3.8340  32.547132  32.548483     2.3767   59.84944  -40.69050     4.9569         61 0.0000e+00
      15467    644.433    552.000    546.074     3.8339     3.8336  32.547696  32.549024     2.3753   59.84944  -40.69050     4.9568         51 0.0000e+00
      15505    645.997    554.000    548.050     3.8343     3.8340  32.549185  32.550575     2.3737   59.84944  -40.69050     4.9570         35 0.0000e+00
      15548    647.778    556.000    550.026     3.8353     3.8348  32.551122  32.552311     2.3716   59.84944  -40.69049     4.9568         53 0.0000e+00
      15602    650.039    558.000    552.002     3.8363     3.8358  32.553214  32.554462     2.3687   59.84944  -40.69048     4.9568         50 0.0000e+00
      15649    652.005    560.000    553.977     3.8372     3.8370  32.555400  32.556726     2.3677   59.84944  -40.69050     4.9569         49 0.0000e+00
      15698    654.058    562.000    555.953     3.8382     3.8379  32.557313  32.558674     2.3661   59.84944  -40.69049     4.9568         47 0.0000e+00
      15746    656.061    564.000    557.929     3.8384     3.8381  32.558549  32.559988     2.3647   59.84944  -40.69049     4.9569         50 0.0000e+00
      15793    658.015    566.000    559.905     3.8384     3.8382  32.559556  32.560985     2.3638   59.84944  -40.69049     4.9568         42 0.0000e+00
      15834    659.709    568.000    561.881     3.8380     3.8378  32.560145  32.561659     2.3635   59.84944  -40.69048     4.9568         43 0.0000e+00
      15888    661.965    570.000    563.856     3.8368     3.8364  32.559839  32.561223     2.3620   59.84944  -40.69048     4.9569         62 0.0000e+00
      15941    664.181    572.000    565.832     3.8356     3.8352  32.559726  32.561134     2.3609   59.84944  -40.69048     4.9569         43 0.0000e+00
      15981    665.825    574.000    567.807     3.8335     3.8330  32.558612  32.560047     2.3600   59.84944  -40.69048     4.9567         39 0.0000e+00
      16024    667.621    576.000    569.783     3.8317     3.8313  32.558121  32.559520     2.3588   59.84944  -40.69048     4.9568         51 0.0000e+00
      16087    670.230    578.000    571.759     3.8308     3.8303  32.558182  32.559493     2.3570   59.84944  -40.69048     4.9567         65 0.0000e+00
      16136    672.311    580.000    573.735     3.8283     3.8278  32.557092  32.558471     2.3550   59.84944  -40.69048     4.9569         37 0.0000e+00
      16171    673.745    582.000    575.710     3.8269     3.8264  32.557058  32.558502     2.3543   59.84944  -40.69048     4.9568         36 0.0000e+00
      16221    675.846    584.000    577.686     3.8257     3.8254  32.556947  32.558375     2.3530   59.84944  -40.69048     4.9569         69 0.0000e+00
      16282    678.391    586.000    579.661     3.8238     3.8235  32.556043  32.557718     2.3515   59.84944  -40.69048     4.9569         41 0.0000e+00
      16316    679.791    588.000    581.637     3.8223     3.8220  32.556101  32.557432     2.3507   59.84944  -40.69048     4.9569         33 0.0000e+00
      16354    681.394    590.000    583.613     3.8228     3.8226  32.557752  32.559034     2.3494   59.84944  -40.69048     4.9571         47 0.0000e+00
      16423    684.236    592.000    585.588     3.8254     3.8251  32.561398  32.562686     2.3472   59.84944  -40.69049     4.9568         82 0.0000e+00
      16480    686.646    594.000    587.564     3.8256     3.8253  32.562599  32.563906     2.3457   59.84944  -40.69050     4.9566         32 0.0000e+00
      16506    687.696    596.000    589.539     3.8257     3.8252  32.563524  32.564843     2.3454   59.84944  -40.69050     4.9570         25 0.0000e+00
      16533    688.841    598.000    591.515     3.8262     3.8258  32.565110  32.566192     2.3448   59.84944  -40.69048     4.9573         33 0.0000e+00
      16615    692.266    600.000    593.490     3.8284     3.8285  32.568196  32.569561     2.3423   59.84944  -40.69049     4.9568         60 0.0000e+00
      16664    694.298    602.000    595.466     3.8332     3.8323  32.574123  32.574742     2.3412   59.84944  -40.69050     4.9566         34 0.0000e+00
      16701    695.848    604.000    597.441     3.8347     3.8347  32.576512  32.577998     2.3399   59.84944  -40.69050     4.9568         44 0.0000e+00
      16752    697.975    606.000    599.416     3.8393     3.8381  32.582398  32.582322     2.3380   59.84944  -40.69050     4.9568         47 0.0000e+00
      16787    699.434    608.000    601.392     3.8427     3.8426  32.586910  32.588378     2.3370   59.84944  -40.69048     4.9568         29 0.0000e+00
      16835    701.410    610.000    603.367     3.8431     3.8430  32.588196  32.589668     2.3355   59.84944  -40.69049     4.9569         54 0.0000e+00
      16918    704.887    612.000    605.343     3.8420     3.8415  32.587873  32.589280     2.3334   59.84944  -40.69052     4.9569         38 0.0000e+00
      16950    706.210    614.000    607.318     3.8374     3.8370  32.584611  32.586145     2.3341   59.84944  -40.69051     4.9568         33 0.0000e+00
      16981    707.519    616.000    609.293     3.8353     3.8348  32.583714  32.585064     2.3352   59.84944  -40.69050     4.9568         30 0.0000e+00
      17011    708.761    618.000    611.268     3.8337     3.8334  32.583186  32.584704     2.3352   59.84944  -40.69048     4.9568         31 0.0000e+00
