Example_Files/SBE_Processing_Files/Processed_SBE_cast_files/downcasts/dar69-01_021.cnv
* Sea-Bird SBE 9 Data File:
* FileName = D:\data\ar69-01_021.hex
* Software Version Seasave V 7.26.7.107
* Temperature SN = 4491
* Conductivity SN = 3009
* Number of Bytes Per Scan = 44
* Number of Voltage Words = 5
* Number of Scans Averaged by the Deck Unit = 1
* NMEA Latitude = 59 47.95 N
* NMEA Longitude = 039 48.39 W
* NMEA UTC (Time) = Jul 08 2022  18:44:49
** Cruise ID: AR69-01
** Chief Sci:
** Station #: 021
** Site ID: OSNAP cal dip
# nquan = 14
# nvalues = 1318                        
# units = specified
# name 0 = scan: Scan Count
# name 1 = timeS: Time, Elapsed [seconds]
# name 2 = prDM: Pressure, Digiquartz [db]
# name 3 = depSM: Depth [salt water, m]
# name 4 = t090C: Temperature [ITS-90, deg C]
# name 5 = t190C: Temperature, 2 [ITS-90, deg C]
# name 6 = c0mS/cm: Conductivity [mS/cm]
# name 7 = c1mS/cm: Conductivity, 2 [mS/cm]
# name 8 = sbeox0V: Oxygen raw, SBE 43 [V]
# name 9 = latitude: Latitude [deg]
# name 10 = longitude: Longitude [deg]
# name 11 = v7: Voltage 7
# name 12 = nbin: number of scans per bin
# name 13 = flag: flag
# span 0 =        329,      68447       
# span 1 =     13.687,   2851.901       
# span 2 =      6.000,   2640.000       
# span 3 =      5.943,   2598.826       
# span 4 =     1.6272,     7.6109       
# span 5 =     1.6229,     7.6104       
# span 6 =  31.472639,  35.637400       
# span 7 =  31.467935,  35.638995       
# span 8 =     1.8388,     2.8376       
# span 9 =   59.79900,   59.80364       
# span 10 =  -39.80898,  -39.80636      
# span 11 =     4.9560,     4.9573      
# span 12 =         20,        135      
# span 13 = 0.0000e+00, 0.0000e+00      
# interval = decibars: 2                
# start_time = Jul 08 2022 18:44:49 [NMEA time, first data scan]
# bad_flag = -9.990e-29
*END*
[from data line 930]
      46644   1943.440   1866.000   1840.220     3.2522     3.2522  32.636870  32.637806     1.9498   59.80156  -39.80788     4.9567         36 0.0000e+00
      46683   1945.086   1868.000   1842.183     3.2515     3.2514  32.637125  32.637815     1.9491   59.80156  -39.80788     4.9565         48 0.0000e+00
      46741   1947.480   1870.000   1844.147     3.2504     3.2503  32.637073  32.637628     1.9483   59.80156  -39.80790     4.9566         55 0.0000e+00
      46783   1949.264   1872.000   1846.111     3.2487     3.2487  32.636539  32.637283     1.9477   59.80156  -39.80788     4.9564         39 0.0000e+00
      46830   1951.218   1874.000   1848.074     3.2481     3.2482  32.636811  32.637560     1.9475   59.80156  -39.80790     4.9566         54 0.0000e+00
      46880   1953.311   1876.000   1850.038     3.2476     3.2475  32.637201  32.637883     1.9472   59.80156  -39.80790     4.9567         43 0.0000e+00
      46921   1955.018   1878.000   1852.002     3.2474     3.2474  32.637897  32.638591     1.9469   59.80158  -39.80790     4.9565         43 0.0000e+00
      46972   1957.116   1880.000   1853.965     3.2462     3.2461  32.637704  32.638319     1.9461   59.80158  -39.80790     4.9565         59 0.0000e+00
      47029   1959.519   1882.000   1855.929     3.2451     3.2450  32.637647  32.638278     1.9448   59.80158  -39.80790     4.9566         51 0.0000e+00
      47072   1961.311   1884.000   1857.892     3.2446     3.2445  32.638537  32.639047     1.9440   59.80158  -39.80790     4.9566         38 0.0000e+00
      47109   1962.843   1886.000   1859.856     3.2453     3.2453  32.640314  32.640951     1.9440   59.80158  -39.80790     4.9564         36 0.0000e+00
      47147   1964.418   1888.000   1861.819     3.2447     3.2446  32.640675  32.641289     1.9439   59.80158  -39.80790     4.9565         40 0.0000e+00
      47217   1967.347   1890.000   1863.783     3.2440     3.2437  32.640677  32.641194     1.9427   59.80159  -39.80791     4.9565         57 0.0000e+00
      47278   1969.871   1892.000   1865.746     3.2428     3.2429  32.640622  32.641552     1.9421   59.80160  -39.80792     4.9566         24 0.0000e+00
      47299   1970.751   1894.000   1867.710     3.2403     3.2404  32.639443  32.640291     1.9422   59.80160  -39.80792     4.9565         23 0.0000e+00
      47325   1971.817   1896.000   1869.673     3.2395     3.2395  32.639724  32.640478     1.9418   59.80158  -39.80790     4.9566         31 0.0000e+00
      47411   1975.422   1898.000   1871.637     3.2401     3.2399  32.640902  32.641504     1.9408   59.80159  -39.80791     4.9566         44 0.0000e+00
      47455   1977.254   1900.000   1873.600     3.2378     3.2378  32.639841  32.640584     1.9406   59.80160  -39.80792     4.9565         27 0.0000e+00
      47485   1978.500   1902.000   1875.564     3.2369     3.2368  32.639838  32.640347     1.9403   59.80160  -39.80792     4.9567         35 0.0000e+00
      47534   1980.536   1904.000   1877.527     3.2361     3.2359  32.639749  32.640341     1.9398   59.80160  -39.80792     4.9565         64 0.0000e+00
      47590   1982.884   1906.000   1879.490     3.2336     3.2334  32.638267  32.638962     1.9389   59.80162  -39.80792     4.9566         42 0.0000e+00
      47628   1984.441   1908.000   1881.454     3.2305     3.2305  32.636522  32.637346     1.9386   59.80162  -39.80792     4.9566         37 0.0000e+00
      47669   1986.172   1910.000   1883.417     3.2283     3.2282  32.635510  32.636111     1.9385   59.80162  -39.80792     4.9565         50 0.0000e+00
      47730   1988.710   1912.000   1885.380     3.2271     3.2270  32.635073  32.635571     1.9379   59.80162  -39.80792     4.9566         64 0.0000e+00
      47783   1990.929   1914.000   1887.344     3.2266     3.2265  32.635499  32.636270     1.9375   59.80162  -39.80792     4.9566         43 0.0000e+00
      47820   1992.460   1916.000   1889.307     3.2243     3.2243  32.634303  32.635035     1.9373   59.80162  -39.80792     4.9565         33 0.0000e+00
      47855   1993.896   1918.000   1891.270     3.2247     3.2248  32.635576  32.636089     1.9370   59.80162  -39.80792     4.9565         39 0.0000e+00
      47924   1996.775   1920.000   1893.233     3.2244     3.2237  32.635808  32.636073     1.9363   59.80164  -39.80792     4.9566         68 0.0000e+00
      47976   1998.971   1922.000   1895.197     3.2193     3.2190  32.632153  32.632588     1.9357   59.80164  -39.80792     4.9565         34 0.0000e+00
      48010   2000.354   1924.000   1897.160     3.2185     3.2186  32.632517  32.633262     1.9354   59.80164  -39.80792     4.9567         34 0.0000e+00
      48045   2001.819   1926.000   1899.123     3.2142     3.2143  32.629043  32.630032     1.9353   59.80164  -39.80792     4.9564         36 0.0000e+00
      48090   2003.727   1928.000   1901.086     3.2110     3.2110  32.626812  32.627471     1.9351   59.80164  -39.80792     4.9565         66 0.0000e+00
      48171   2007.090   1930.000   1903.049     3.2099     3.2099  32.626736  32.627382     1.9338   59.80164  -39.80792     4.9566         55 0.0000e+00
      48203   2008.436   1932.000   1905.013     3.2093     3.2091  32.626948  32.627475     1.9334   59.80165  -39.80792     4.9565         32 0.0000e+00
      48237   2009.840   1934.000   1906.975     3.2082     3.2079  32.626690  32.627224     1.9334   59.80164  -39.80792     4.9566         37 0.0000e+00
      48280   2011.627   1936.000   1908.938     3.2068     3.2067  32.626301  32.626911     1.9332   59.80164  -39.80792     4.9565         48 0.0000e+00
      48336   2013.950   1938.000   1910.902     3.2062     3.2062  32.626398  32.627033     1.9327   59.80165  -39.80792     4.9566         70 0.0000e+00
      48402   2016.717   1940.000   1912.865     3.2050     3.2049  32.626175  32.626756     1.9323   59.80166  -39.80792     4.9565         45 0.0000e+00
      48435   2018.091   1942.000   1914.828     3.2023     3.2024  32.624371  32.625330     1.9322   59.80166  -39.80792     4.9565         31 0.0000e+00
      48470   2019.545   1944.000   1916.791     3.1974     3.1975  32.620474  32.621403     1.9318   59.80166  -39.80792     4.9565         44 0.0000e+00
      48532   2022.122   1946.000   1918.754     3.1919     3.1920  32.616120  32.617077     1.9314   59.80167  -39.80793     4.9565         61 0.0000e+00
      48572   2023.775   1948.000   1920.717     3.1889     3.1890  32.614361  32.615203     1.9311   59.80166  -39.80792     4.9565         32 0.0000e+00
      48610   2025.359   1950.000   1922.680     3.1881     3.1882  32.614480  32.615258     1.9303   59.80166  -39.80793     4.9566         51 0.0000e+00
      48691   2028.750   1952.000   1924.643     3.1880     3.1883  32.615133  32.616086     1.9297   59.80168  -39.80794     4.9564         45 0.0000e+00
      48716   2029.807   1954.000   1926.606     3.1857     3.1856  32.613765  32.614584     1.9302   59.80168  -39.80794     4.9565         26 0.0000e+00
      48744   2030.960   1956.000   1928.569     3.1831     3.1831  32.612182  32.612939     1.9301   59.80168  -39.80794     4.9566         32 0.0000e+00
      48823   2034.269   1958.000   1930.532     3.1836     3.1831  32.613357  32.613634     1.9291   59.80169  -39.80794     4.9565         47 0.0000e+00
      48869   2036.152   1960.000   1932.494     3.1812     3.1814  32.612178  32.613039     1.9288   59.80169  -39.80794     4.9564         24 0.0000e+00
      48893   2037.155   1962.000   1934.457     3.1803     3.1804  32.612126  32.612869     1.9288   59.80168  -39.80794     4.9564         27 0.0000e+00
      48936   2038.941   1964.000   1936.420     3.1799     3.1797  32.612522  32.612976     1.9287   59.80168  -39.80794     4.9565         56 0.0000e+00
      49011   2042.101   1966.000   1938.383     3.1794     3.1793  32.612943  32.613563     1.9278   59.80170  -39.80796     4.9565         41 0.0000e+00
      49047   2043.569   1968.000   1940.346     3.1785     3.1784  32.612919  32.613546     1.9270   59.80170  -39.80796     4.9564         40 0.0000e+00
      49091   2045.411   1970.000   1942.308     3.1762     3.1761  32.611519  32.612301     1.9268   59.80170  -39.80796     4.9565         44 0.0000e+00
      49129   2046.987   1972.000   1944.271     3.1724     3.1724  32.609051  32.609707     1.9270   59.80170  -39.80796     4.9565         33 0.0000e+00
      49170   2048.690   1974.000   1946.234     3.1686     3.1685  32.606188  32.606888     1.9265   59.80170  -39.80796     4.9565         51 0.0000e+00
      49262   2052.538   1976.000   1948.197     3.1676     3.1673  32.606118  32.606643     1.9254   59.80172  -39.80796     4.9566         38 0.0000e+00
      49285   2053.517   1978.000   1950.159     3.1655     3.1656  32.605338  32.605940     1.9251   59.80172  -39.80797     4.9566         26 0.0000e+00
      49314   2054.691   1980.000   1952.122     3.1654     3.1655  32.606261  32.606926     1.9248   59.80172  -39.80796     4.9567         32 0.0000e+00
      49372   2057.106   1982.000   1954.085     3.1640     3.1639  32.605667  32.606277     1.9242   59.80172  -39.80797     4.9566         68 0.0000e+00
      49435   2059.732   1984.000   1956.047     3.1631     3.1631  32.605780  32.606545     1.9235   59.80172  -39.80798     4.9565         36 0.0000e+00
      49468   2061.121   1986.000   1958.010     3.1623     3.1622  32.605895  32.606601     1.9235   59.80172  -39.80798     4.9566         33 0.0000e+00
      49503   2062.567   1988.000   1959.973     3.1600     3.1599  32.604649  32.605376     1.9233   59.80172  -39.80798     4.9566         38 0.0000e+00
      49553   2064.651   1990.000   1961.935     3.1584     3.1583  32.604072  32.604623     1.9230   59.80173  -39.80798     4.9565         65 0.0000e+00
      49615   2067.231   1992.000   1963.898     3.1581     3.1581  32.604780  32.605337     1.9225   59.80174  -39.80798     4.9566         49 0.0000e+00
      49657   2068.993   1994.000   1965.861     3.1578     3.1578  32.605358  32.605999     1.9219   59.80174  -39.80798     4.9566         41 0.0000e+00
      49700   2070.782   1996.000   1967.823     3.1572     3.1572  32.605718  32.606420     1.9215   59.80174  -39.80798     4.9564         43 0.0000e+00
      49741   2072.488   1998.000   1969.785     3.1554     3.1554  32.605034  32.605737     1.9215   59.80174  -39.80798     4.9565         41 0.0000e+00
      49797   2074.839   2000.000   1971.748     3.1510     3.1510  32.601720  32.602452     1.9206   59.80175  -39.80799     4.9566         76 0.0000e+00
      49857   2077.354   2002.000   1973.711     3.1489     3.1489  32.600748  32.601436     1.9203   59.80176  -39.80798     4.9565         34 0.0000e+00
      49887   2078.601   2004.000   1975.673     3.1468     3.1469  32.599725  32.600474     1.9199   59.80176  -39.80798     4.9564         33 0.0000e+00
      49937   2080.661   2006.000   1977.636     3.1465     3.1465  32.600306  32.600848     1.9190   59.80176  -39.80800     4.9565         69 0.0000e+00
      49991   2082.934   2008.000   1979.598     3.1447     3.1447  32.599752  32.600460     1.9186   59.80176  -39.80798     4.9565         32 0.0000e+00
      50021   2084.154   2010.000   1981.560     3.1417     3.1418  32.597643  32.598626     1.9184   59.80178  -39.80799     4.9564         31 0.0000e+00
      50073   2086.352   2012.000   1983.523     3.1387     3.1390  32.595582  32.596562     1.9177   59.80178  -39.80800     4.9565         64 0.0000e+00
      50135   2088.936   2014.000   1985.485     3.1366     3.1366  32.594663  32.595316     1.9172   59.80178  -39.80799     4.9565         34 0.0000e+00
      50169   2090.353   2016.000   1987.447     3.1355     3.1355  32.594458  32.595192     1.9171   59.80178  -39.80800     4.9564         40 0.0000e+00
      50224   2092.627   2018.000   1989.410     3.1343     3.1342  32.594185  32.594714     1.9169   59.80179  -39.80800     4.9566         58 0.0000e+00
      50267   2094.418   2020.000   1991.372     3.1339     3.1339  32.594716  32.595318     1.9167   59.80180  -39.80800     4.9566         34 0.0000e+00
      50306   2096.036   2022.000   1993.335     3.1334     3.1334  32.595093  32.595675     1.9160   59.80180  -39.80800     4.9565         53 0.0000e+00
      50385   2099.317   2024.000   1995.297     3.1333     3.1333  32.595656  32.596322     1.9152   59.80181  -39.80801     4.9565         50 0.0000e+00
      50416   2100.611   2026.000   1997.259     3.1314     3.1315  32.594752  32.595705     1.9152   59.80182  -39.80800     4.9567         26 0.0000e+00
      50443   2101.769   2028.000   1999.221     3.1297     3.1299  32.594058  32.594742     1.9150   59.80182  -39.80800     4.9565         31 0.0000e+00
      50503   2104.245   2030.000   2001.184     3.1276     3.1276  32.592658  32.593471     1.9143   59.80182  -39.80802     4.9565         62 0.0000e+00
      50565   2106.850   2032.000   2003.146     3.1245     3.1246  32.590727  32.591584     1.9141   59.80184  -39.80802     4.9565         32 0.0000e+00
      50594   2108.055   2034.000   2005.108     3.1200     3.1200  32.587425  32.588142     1.9138   59.80182  -39.80802     4.9566         28 0.0000e+00
      50627   2109.408   2036.000   2007.070     3.1178     3.1178  32.586084  32.586910     1.9132   59.80182  -39.80802     4.9564         40 0.0000e+00
      50701   2112.510   2038.000   2009.032     3.1140     3.1137  32.583420  32.583887     1.9122   59.80183  -39.80802     4.9565         62 0.0000e+00
      50752   2114.608   2040.000   2010.995     3.1096     3.1095  32.580220  32.580979     1.9119   59.80184  -39.80803     4.9565         34 0.0000e+00
      50786   2116.030   2042.000   2012.957     3.1077     3.1077  32.579434  32.580014     1.9119   59.80184  -39.80804     4.9564         35 0.0000e+00
      50824   2117.620   2044.000   2014.919     3.1064     3.1064  32.578997  32.579636     1.9119   59.80184  -39.80804     4.9564         43 0.0000e+00
      50882   2120.035   2046.000   2016.881     3.1039     3.1038  32.577509  32.578113     1.9114   59.80185  -39.80803     4.9564         72 0.0000e+00
      50939   2122.436   2048.000   2018.843     3.1029     3.1028  32.577600  32.578261     1.9109   59.80186  -39.80804     4.9564         40 0.0000e+00
      50977   2124.011   2050.000   2020.805     3.1015     3.1014  32.577218  32.577815     1.9108   59.80186  -39.80804     4.9565         39 0.0000e+00
      51018   2125.716   2052.000   2022.767     3.0996     3.0997  32.576244  32.576943     1.9107   59.80186  -39.80804     4.9565         41 0.0000e+00
      51060   2127.467   2054.000   2024.729     3.0990     3.0989  32.576431  32.577019     1.9102   59.80186  -39.80804     4.9565         47 0.0000e+00
      51123   2130.070   2056.000   2026.691     3.0975     3.0976  32.575806  32.576495     1.9097   59.80188  -39.80804     4.9564         65 0.0000e+00
      51167   2131.927   2058.000   2028.653     3.0927     3.0925  32.572003  32.572695     1.9096   59.80188  -39.80805     4.9566         34 0.0000e+00
      51207   2133.598   2060.000   2030.615     3.0887     3.0886  32.569230  32.569852     1.9092   59.80188  -39.80805     4.9564         53 0.0000e+00
      51274   2136.355   2062.000   2032.577     3.0860     3.0857  32.567546  32.568018     1.9083   59.80189  -39.80806     4.9565         56 0.0000e+00
      51310   2137.865   2064.000   2034.539     3.0839     3.0836  32.566586  32.566949     1.9080   59.80188  -39.80806     4.9566         32 0.0000e+00
      51344   2139.294   2066.000   2036.501     3.0829     3.0829  32.566471  32.567123     1.9077   59.80188  -39.80805     4.9566         41 0.0000e+00
      51402   2141.725   2068.000   2038.463     3.0822     3.0822  32.566632  32.567164     1.9074   59.80190  -39.80806     4.9565         68 0.0000e+00
