Example_Files/SBE_Processing_Files/Processed_SBE_cast_files/downcasts/dar69-01_010.cnv
* Sea-Bird SBE 9 Data File:
* FileName = D:\data\ar69-01_010.hex
* Software Version Seasave V 7.26.7.107
* Temperature SN = 4491
* Conductivity SN = 3009
* Number of Bytes Per Scan = 44
* Number of Voltage Words = 5
* Number of Scans Averaged by the Deck Unit = 1
* NMEA Latitude = 59 48.41 N
* NMEA Longitude = 040 16.60 W
* NMEA UTC (Time) = Jun 29 2022  14:57:01
** Cruise ID: AR69-01
** Chief Sci:
** Station #: 010
** Site ID: M3
# nquan = 14
# nvalues = 1295                        
# units = specified
# name 0 = scan: Scan Count
# name 1 = timeS: Time, Elapsed [seconds]
# name 2 = prDM: Pressure, Digiquartz [db]
# name 3 = depSM: Depth [salt water, m]
# name 4 = t090C: Temperature [ITS-90, deg C]
# name 5 = t190C: Temperature, 2 [ITS-90, deg C]
# name 6 = c0mS/cm: Conductivity [mS/cm]
# name 7 = c1mS/cm: Conductivity, 2 [mS/cm]
# name 8 = sbeox0V: Oxygen raw, SBE 43 [V]
# name 9 = latitude: Latitude [deg]
# name 10 = longitude: Longitude [deg]
# name 11 = v7: Voltage 7
# name 12 = nbin: number of scans per bin
# name 13 = flag: flag
# span 0 =       1056,      73756       
# span 1 =     43.964,   3073.139       
# span 2 =      4.000,   2592.000       
# span 3 =      3.962,   2551.858       
# span 4 =     1.4946,     6.9179       
# span 5 =     1.4946,     6.9160       
# span 6 =  31.323694,  35.014143       
# span 7 =  31.324611,  35.014686       
# span 8 =     1.8623,     2.8200       
# span 9 =   59.80674,   59.80680       
# span 10 =  -40.27674,  -40.27666      
# span 11 =     4.9560,     4.9573      
# span 12 =          6,        121      
# span 13 = 0.0000e+00, 0.0000e+00      
# interval = decibars: 2                
# start_time = Jun 29 2022 14:57:01 [NMEA time, first data scan]
# bad_flag = -9.990e-29
*END*
[from data line 104]
       8643    360.091    212.000    209.897     4.4058     4.4051  32.926157  32.928045     2.4751   59.80676  -40.27670     4.9573         52 0.0000e+00
       8705    362.651    214.000    211.876     4.4011     4.4002  32.922998  32.924566     2.4730   59.80676  -40.27672     4.9573         63 0.0000e+00
       8762    365.026    216.000    213.855     4.3977     4.3970  32.920960  32.922854     2.4718   59.80676  -40.27672     4.9573         51 0.0000e+00
       8805    366.829    218.000    215.834     4.3797     4.3790  32.905181  32.907376     2.4696   59.80676  -40.27672     4.9573         37 0.0000e+00
       8840    368.289    220.000    217.813     4.3752     4.3745  32.902313  32.904060     2.4675   59.80676  -40.27672     4.9573         37 0.0000e+00
       8893    370.500    222.000    219.792     4.3749     4.3743  32.903348  32.905134     2.4647   59.80676  -40.27672     4.9573         71 0.0000e+00
       8953    373.018    224.000    221.771     4.3676     4.3668  32.897773  32.899563     2.4614   59.80676  -40.27672     4.9573         41 0.0000e+00
       8989    374.521    226.000    223.750     4.3651     4.3642  32.896808  32.898268     2.4596   59.80676  -40.27672     4.9573         37 0.0000e+00
       9033    376.332    228.000    225.729     4.3634     4.3627  32.896143  32.897813     2.4580   59.80676  -40.27672     4.9573         50 0.0000e+00
       9084    378.439    230.000    227.708     4.3607     4.3601  32.894542  32.896359     2.4571   59.80676  -40.27672     4.9573         51 0.0000e+00
       9137    380.664    232.000    229.687     4.3523     4.3509  32.887323  32.888578     2.4569   59.80676  -40.27672     4.9573         53 0.0000e+00
       9182    382.541    234.000    231.666     4.3431     4.3419  32.879350  32.880775     2.4580   59.80676  -40.27672     4.9573         37 0.0000e+00
       9217    384.011    236.000    233.645     4.3352     4.3342  32.872221  32.874114     2.4603   59.80676  -40.27672     4.9573         37 0.0000e+00
       9267    386.103    238.000    235.624     4.3152     4.3134  32.853103  32.854583     2.4625   59.80676  -40.27670     4.9573         71 0.0000e+00
       9338    389.036    240.000    237.603     4.2861     4.2843  32.825471  32.826527     2.4625   59.80676  -40.27670     4.9573         51 0.0000e+00
       9377    390.686    242.000    239.581     4.2899     4.2892  32.830945  32.831909     2.4610   59.80676  -40.27672     4.9573         36 0.0000e+00
       9411    392.086    244.000    241.561     4.2947     4.2945  32.836403  32.838621     2.4584   59.80676  -40.27672     4.9573         33 0.0000e+00
       9449    393.683    246.000    243.539     4.2940     4.2927  32.838186  32.839169     2.4569   59.80676  -40.27670     4.9573         50 0.0000e+00
       9518    396.559    248.000    245.519     4.2821     4.2833  32.827974  32.831551     2.4551   59.80676  -40.27670     4.9573         69 0.0000e+00
       9567    398.576    250.000    247.497     4.2783     4.2781  32.825271  32.827611     2.4544   59.80676  -40.27670     4.9573         39 0.0000e+00
       9605    400.175    252.000    249.475     4.2742     4.2739  32.822077  32.824713     2.4537   59.80676  -40.27670     4.9573         40 0.0000e+00
       9645    401.837    254.000    251.454     4.2595     4.2587  32.809048  32.810709     2.4524   59.80676  -40.27670     4.9573         40 0.0000e+00
       9691    403.741    256.000    253.434     4.2437     4.2420  32.795099  32.796542     2.4518   59.80676  -40.27669     4.9573         55 0.0000e+00
       9749    406.186    258.000    255.412     4.2326     4.2317  32.785839  32.787515     2.4570   59.80676  -40.27670     4.9573         55 0.0000e+00
       9804    408.455    260.000    257.391     4.1994     4.1968  32.753298  32.754313     2.4592   59.80676  -40.27670     4.9573         59 0.0000e+00
       9857    410.652    262.000    259.369     4.1807     4.1793  32.736351  32.737501     2.4565   59.80676  -40.27670     4.9573         39 0.0000e+00
       9888    411.952    264.000    261.348     4.1855     4.1848  32.743268  32.744509     2.4548   59.80676  -40.27670     4.9573         29 0.0000e+00
       9921    413.332    266.000    263.327     4.1888     4.1868  32.747827  32.748154     2.4541   59.80676  -40.27670     4.9573         43 0.0000e+00
       9987    416.101    268.000    265.305     4.1828     4.1823  32.743163  32.744987     2.4518   59.80676  -40.27668     4.9573         72 0.0000e+00
      10041    418.338    270.000    267.284     4.1808     4.1804  32.742950  32.744671     2.4479   59.80676  -40.27669     4.9573         51 0.0000e+00
      10092    420.454    272.000    269.263     4.1829     4.1819  32.746457  32.747633     2.4471   59.80676  -40.27670     4.9573         42 0.0000e+00
      10125    421.832    274.000    271.241     4.1842     4.1834  32.748866  32.750443     2.4477   59.80676  -40.27670     4.9573         29 0.0000e+00
      10154    423.055    276.000    273.220     4.1656     4.1653  32.730917  32.734065     2.4469   59.80676  -40.27668     4.9573         32 0.0000e+00
      10223    425.909    278.000    275.198     4.1558     4.1549  32.722302  32.724753     2.4464   59.80676  -40.27668     4.9573         69 0.0000e+00
      10297    428.993    280.000    277.176     4.1340     4.1333  32.702699  32.704870     2.4469   59.80676  -40.27670     4.9573         36 0.0000e+00
      10326    430.221    282.000    279.155     4.1147     4.1143  32.685099  32.688006     2.4511   59.80676  -40.27670     4.9573         29 0.0000e+00
      10355    431.416    284.000    281.134     4.1087     4.1084  32.680626  32.683346     2.4562   59.80676  -40.27669     4.9573         30 0.0000e+00
      10391    432.914    286.000    283.112     4.0833     4.0807  32.655902  32.657041     2.4619   59.80676  -40.27668     4.9573         47 0.0000e+00
      10463    435.902    288.000    285.090     4.0602     4.0596  32.634984  32.636652     2.4670   59.80676  -40.27668     4.9573         84 0.0000e+00
      10528    438.618    290.000    287.069     4.0576     4.0567  32.633442  32.634836     2.4607   59.80676  -40.27670     4.9573         47 0.0000e+00
      10565    440.149    292.000    289.047     4.0523     4.0516  32.629464  32.631131     2.4475   59.80676  -40.27670     4.9573         30 0.0000e+00
      10592    441.287    294.000    291.026     4.0807     4.0808  32.665252  32.661816     2.4413   59.80676  -40.27670     4.9573         27 0.0000e+00
      10626    442.719    296.000    293.004     4.1155     4.1139  32.698410  32.699136     2.4373   59.80676  -40.27667     4.9573         48 0.0000e+00
      10702    445.871    298.000    294.982     4.0875     4.0871  32.670452  32.673879     2.4423   59.80676  -40.27668     4.9573         88 0.0000e+00
      10766    448.557    300.000    296.961     4.0358     4.0347  32.621193  32.622228     2.4430   59.80677  -40.27670     4.9573         44 0.0000e+00
      10801    449.987    302.000    298.939     4.0457     4.0456  32.632707  32.634659     2.4388   59.80678  -40.27670     4.9573         30 0.0000e+00
      10830    451.223    304.000    300.917     4.0411     4.0405  32.630015  32.630804     2.4337   59.80678  -40.27668     4.9573         31 0.0000e+00
      10872    452.952    306.000    302.895     4.0646     4.0633  32.655373  32.655610     2.4239   59.80676  -40.27666     4.9573         57 0.0000e+00
      10942    455.869    308.000    304.873     4.0934     4.0924  32.687245  32.687083     2.4046   59.80677  -40.27668     4.9573         70 0.0000e+00
      10995    458.075    310.000    306.852     4.1251     4.1226  32.721237  32.719566     2.3962   59.80678  -40.27670     4.9573         40 0.0000e+00
      11031    459.583    312.000    308.830     4.1304     4.1305  32.726323  32.729597     2.3978   59.80677  -40.27668     4.9573         35 0.0000e+00
      11068    461.108    314.000    310.808     4.1050     4.1044  32.701398  32.704653     2.4006   59.80676  -40.27668     4.9573         40 0.0000e+00
      11117    463.160    316.000    312.786     4.0756     4.0755  32.673464  32.676118     2.4012   59.80677  -40.27667     4.9573         58 0.0000e+00
      11173    465.507    318.000    314.764     4.0754     4.0743  32.675025  32.675948     2.4009   59.80678  -40.27668     4.9573         51 0.0000e+00
      11225    467.673    320.000    316.742     4.0720     4.0716  32.672624  32.674766     2.3989   59.80676  -40.27668     4.9573         56 0.0000e+00
      11278    469.861    322.000    318.721     4.0668     4.0660  32.669364  32.670587     2.3964   59.80676  -40.27668     4.9573         44 0.0000e+00
      11316    471.460    324.000    320.699     4.0651     4.0646  32.669102  32.670910     2.3947   59.80678  -40.27668     4.9573         37 0.0000e+00
      11355    473.091    326.000    322.677     4.0668     4.0662  32.672220  32.673805     2.3911   59.80676  -40.27668     4.9573         44 0.0000e+00
      11405    475.181    328.000    324.655     4.0711     4.0703  32.677799  32.678237     2.3864   59.80677  -40.27668     4.9573         54 0.0000e+00
      11459    477.432    330.000    326.633     4.0724     4.0716  32.680009  32.681412     2.3843   59.80676  -40.27668     4.9573         58 0.0000e+00
      11520    479.970    332.000    328.611     4.0650     4.0646  32.673317  32.675753     2.3849   59.80676  -40.27668     4.9573         52 0.0000e+00
      11559    481.595    334.000    330.589     4.0541     4.0538  32.663926  32.666029     2.3877   59.80676  -40.27668     4.9573         32 0.0000e+00
      11590    482.875    336.000    332.567     4.0423     4.0421  32.652336  32.655608     2.3904   59.80676  -40.27668     4.9573         32 0.0000e+00
      11631    484.567    338.000    334.545     4.0209     4.0223  32.632433  32.636896     2.3931   59.80676  -40.27666     4.9573         55 0.0000e+00
      11711    487.937    340.000    336.523     4.0109     4.0101  32.624082  32.625375     2.3949   59.80676  -40.27668     4.9573         88 0.0000e+00
      11768    490.292    342.000    338.501     4.0086     4.0082  32.622570  32.624668     2.3962   59.80676  -40.27670     4.9573         31 0.0000e+00
      11793    491.325    344.000    340.478     4.0065     4.0060  32.621521  32.623506     2.3971   59.80676  -40.27669     4.9573         25 0.0000e+00
      11821    492.482    346.000    342.457     4.0048     4.0043  32.620542  32.622533     2.3970   59.80676  -40.27667     4.9573         33 0.0000e+00
      11875    494.760    348.000    344.434     4.0039     4.0039  32.620869  32.622908     2.3975   59.80676  -40.27666     4.9573         77 0.0000e+00
      11956    498.140    350.000    346.412     4.0031     4.0025  32.620658  32.622465     2.3974   59.80676  -40.27669     4.9573         68 0.0000e+00
      11999    499.915    352.000    348.390     3.9971     3.9973  32.615430  32.618383     2.3990   59.80676  -40.27670     4.9573         28 0.0000e+00
      12024    500.958    354.000    350.368     3.9920     3.9912  32.611701  32.613150     2.3993   59.80676  -40.27668     4.9573         25 0.0000e+00
      12054    502.195    356.000    352.346     3.9911     3.9906  32.611645  32.613368     2.3999   59.80676  -40.27666     4.9573         38 0.0000e+00
      12126    505.191    358.000    354.323     3.9911     3.9897  32.612379  32.613261     2.4009   59.80676  -40.27667     4.9573         99 0.0000e+00
      12196    508.130    360.000    356.301     3.9786     3.9777  32.600908  32.602928     2.4015   59.80676  -40.27668     4.9573         39 0.0000e+00
      12227    509.404    362.000    358.279     3.9709     3.9702  32.594876  32.596468     2.4015   59.80676  -40.27668     4.9573         29 0.0000e+00
      12257    510.683    364.000    360.256     3.9700     3.9695  32.594816  32.596787     2.4020   59.80676  -40.27668     4.9573         34 0.0000e+00
      12304    512.635    366.000    362.234     3.9598     3.9614  32.585638  32.589667     2.4025   59.80676  -40.27668     4.9573         64 0.0000e+00
      12371    515.435    368.000    364.212     3.9552     3.9554  32.582380  32.584555     2.4004   59.80676  -40.27667     4.9573         56 0.0000e+00
      12419    517.429    370.000    366.189     3.9566     3.9559  32.584682  32.585985     2.3994   59.80676  -40.27668     4.9573         49 0.0000e+00
      12465    519.327    372.000    368.167     3.9654     3.9648  32.594522  32.595626     2.3989   59.80676  -40.27669     4.9573         37 0.0000e+00
      12496    520.625    374.000    370.145     3.9529     3.9538  32.581931  32.585788     2.3992   59.80676  -40.27668     4.9573         30 0.0000e+00
      12546    522.689    376.000    372.122     3.9459     3.9463  32.576085  32.578843     2.3991   59.80675  -40.27667     4.9573         79 0.0000e+00
      12620    525.793    378.000    374.100     3.9423     3.9417  32.573263  32.575274     2.3975   59.80675  -40.27669     4.9573         51 0.0000e+00
      12660    527.473    380.000    376.077     3.9301     3.9296  32.562128  32.564594     2.3977   59.80676  -40.27670     4.9573         36 0.0000e+00
      12693    528.817    382.000    378.055     3.9227     3.9221  32.556448  32.558203     2.3982   59.80676  -40.27669     4.9573         30 0.0000e+00
      12724    530.142    384.000    380.032     3.9207     3.9192  32.555603  32.556443     2.3986   59.80676  -40.27668     4.9573         37 0.0000e+00
      12798    533.195    386.000    382.010     3.9164     3.9155  32.552266  32.553759     2.3985   59.80676  -40.27668     4.9573         98 0.0000e+00
      12865    535.981    388.000    383.988     3.9086     3.9081  32.546000  32.548088     2.3978   59.80676  -40.27670     4.9573         39 0.0000e+00
      12896    537.285    390.000    385.965     3.9017     3.9012  32.540867  32.542491     2.3979   59.80676  -40.27670     4.9573         28 0.0000e+00
      12924    538.469    392.000    387.942     3.8985     3.8977  32.538357  32.540337     2.3972   59.80676  -40.27669     4.9573         30 0.0000e+00
      12963    540.074    394.000    389.920     3.8932     3.8925  32.534433  32.536081     2.3981   59.80676  -40.27667     4.9573         56 0.0000e+00
      13043    543.421    396.000    391.897     3.8915     3.8912  32.533859  32.535705     2.3981   59.80676  -40.27669     4.9573         74 0.0000e+00
      13089    545.354    398.000    393.874     3.8872     3.8868  32.530756  32.532776     2.3971   59.80676  -40.27670     4.9573         39 0.0000e+00
      13127    546.916    400.000    395.852     3.8830     3.8826  32.528159  32.529728     2.3961   59.80676  -40.27669     4.9573         38 0.0000e+00
      13169    548.685    402.000    397.829     3.8813     3.8806  32.527326  32.528971     2.3961   59.80676  -40.27668     4.9573         48 0.0000e+00
      13222    550.868    404.000    399.807     3.8788     3.8781  32.526076  32.527581     2.3952   59.80676  -40.27668     4.9573         55 0.0000e+00
      13277    553.155    406.000    401.784     3.8748     3.8742  32.523281  32.525012     2.3944   59.80676  -40.27668     4.9573         54 0.0000e+00
      13326    555.217    408.000    403.761     3.8713     3.8708  32.521261  32.522773     2.3933   59.80676  -40.27668     4.9573         43 0.0000e+00
      13365    556.838    410.000    405.738     3.8710     3.8703  32.521823  32.523329     2.3928   59.80676  -40.27668     4.9573         39 0.0000e+00
      13413    558.813    412.000    407.716     3.8707     3.8700  32.522455  32.523967     2.3917   59.80678  -40.27668     4.9573         54 0.0000e+00
      13463    560.928    414.000    409.693     3.8686     3.8681  32.521491  32.523128     2.3898   59.80677  -40.27668     4.9573         46 0.0000e+00
