Example_Files/SBE_Processing_Files/Processed_SBE_cast_files/downcasts/dar69-01_015.cnv
* Sea-Bird SBE 9 Data File:
* FileName = D:\data\ar69-01_015.hex
* Software Version Seasave V 7.26.7.107
* Temperature SN = 4491
* Conductivity SN = 3009
* Number of Bytes Per Scan = 44
* Number of Voltage Words = 5
* Number of Scans Averaged by the Deck Unit = 1
* NMEA Latitude = 59 43.02 N
* NMEA Longitude = 039 20.16 W
* NMEA UTC (Time) = Jul 02 2022  17:28:01
** Cruise ID: AR69-01
** Chief Sci:
** Station #: 015
** Site ID: Irminger FLMB (OSNAP acoustic release test)
** retesting acoustic releases
# nquan = 14
# nvalues = 506                         
# units = specified
# name 0 = scan: Scan Count
# name 1 = timeS: Time, Elapsed [seconds]
# name 2 = prDM: Pressure, Digiquartz [db]
# name 3 = depSM: Depth [salt water, m]
# name 4 = t090C: Temperature [ITS-90, deg C]
# name 5 = t190C: Temperature, 2 [ITS-90, deg C]
# name 6 = c0mS/cm: Conductivity [mS/cm]
# name 7 = c1mS/cm: Conductivity, 2 [mS/cm]
# name 8 = sbeox0V: Oxygen raw, SBE 43 [V]
# name 9 = latitude: Latitude [deg]
# name 10 = longitude: Longitude [deg]
# name 11 = v7: Voltage 7
# name 12 = nbin: number of scans per bin
# name 13 = flag: flag
# span 0 =        116,      41924       
# span 1 =      4.796,   1746.801       
# span 2 =      4.000,   1014.000       
# span 3 =      3.962,   1002.016       
# span 4 =     3.4223,     7.3822       
# span 5 =     3.4221,     7.3850       
# span 6 =  32.271633,  35.433076       
# span 7 =  32.273140,  35.438726       
# span 8 =     2.2282,     2.8301       
# span 9 =   59.71706,   59.71709       
# span 10 =  -39.33596,  -39.33587      
# span 11 =     4.9560,     4.9571      
# span 12 =          1,        191      
# span 13 = 0.0000e+00, 0.0000e+00      
# interval = decibars: 2                
# start_time = Jul 02 2022 17:28:01 [NMEA time, first data scan]
# bad_flag = -9.990e-29
*END*
[from data line 104]
       6821    284.182    212.000    209.898     3.8621     3.8616  32.419745  32.421108     2.4999   59.71706  -39.33592     4.9569         51 0.0000e+00
       6872    286.312    214.000    211.878     3.8610     3.8608  32.419833  32.421596     2.4988   59.71706  -39.33592     4.9569         49 0.0000e+00
       6922    288.366    216.000    213.856     3.8567     3.8564  32.417189  32.418623     2.4982   59.71706  -39.33594     4.9568         52 0.0000e+00
       6974    290.545    218.000    215.836     3.8571     3.8567  32.418696  32.420159     2.4956   59.71706  -39.33593     4.9568         50 0.0000e+00
       7021    292.504    220.000    217.815     3.8601     3.8596  32.422982  32.424119     2.4935   59.71707  -39.33592     4.9568         46 0.0000e+00
       7066    294.393    222.000    219.794     3.8605     3.8608  32.424482  32.426834     2.4912   59.71707  -39.33594     4.9569         44 0.0000e+00
       7110    296.200    224.000    221.773     3.8518     3.8516  32.417372  32.418757     2.4888   59.71706  -39.33594     4.9569         44 0.0000e+00
       7160    298.285    226.000    223.752     3.8578     3.8575  32.424597  32.426245     2.4865   59.71706  -39.33592     4.9569         56 0.0000e+00
       7211    300.432    228.000    225.731     3.8512     3.8508  32.419229  32.420694     2.4823   59.71706  -39.33594     4.9568         41 0.0000e+00
       7248    301.949    230.000    227.710     3.8621     3.8612  32.431629  32.432002     2.4793   59.71708  -39.33594     4.9569         38 0.0000e+00
       7300    304.106    232.000    229.689     3.8644     3.8640  32.434965  32.436232     2.4746   59.71706  -39.33594     4.9569         65 0.0000e+00
       7357    306.493    234.000    231.668     3.8737     3.8734  32.445554  32.446874     2.4696   59.71706  -39.33594     4.9570         47 0.0000e+00
       7403    308.416    236.000    233.647     3.8723     3.8719  32.445175  32.446715     2.4711   59.71706  -39.33594     4.9569         47 0.0000e+00
       7449    310.331    238.000    235.626     3.8620     3.8616  32.435700  32.438008     2.4749   59.71706  -39.33594     4.9568         44 0.0000e+00
       7493    312.181    240.000    237.604     3.8377     3.8372  32.412967  32.414615     2.4792   59.71708  -39.33594     4.9569         48 0.0000e+00
       7542    314.202    242.000    239.584     3.8224     3.8224  32.398655  32.400922     2.4831   59.71706  -39.33594     4.9568         45 0.0000e+00
       7586    316.053    244.000    241.562     3.8116     3.8113  32.389222  32.390850     2.4846   59.71706  -39.33594     4.9568         49 0.0000e+00
       7640    318.282    246.000    243.541     3.8103     3.8100  32.389065  32.390547     2.4853   59.71706  -39.33594     4.9569         50 0.0000e+00
       7682    320.052    248.000    245.520     3.8106     3.8103  32.390555  32.392116     2.4843   59.71706  -39.33594     4.9568         40 0.0000e+00
       7726    321.892    250.000    247.499     3.8131     3.8128  32.394311  32.395253     2.4823   59.71706  -39.33594     4.9569         51 0.0000e+00
       7787    324.402    252.000    249.478     3.8129     3.8126  32.395429  32.396838     2.4796   59.71706  -39.33594     4.9569         62 0.0000e+00
       7835    326.397    254.000    251.456     3.8138     3.8134  32.397709  32.399102     2.4774   59.71706  -39.33595     4.9568         37 0.0000e+00
       7871    327.919    256.000    253.435     3.8123     3.8119  32.397471  32.398878     2.4759   59.71706  -39.33596     4.9569         40 0.0000e+00
       7921    330.005    258.000    255.414     3.8121     3.8116  32.398329  32.399689     2.4749   59.71706  -39.33594     4.9568         57 0.0000e+00
       7974    332.190    260.000    257.393     3.8057     3.8055  32.393328  32.395026     2.4746   59.71706  -39.33595     4.9568         45 0.0000e+00
       8017    333.996    262.000    259.371     3.7998     3.7999  32.388873  32.390859     2.4747   59.71706  -39.33596     4.9568         46 0.0000e+00
       8066    336.033    264.000    261.350     3.7941     3.7939  32.384209  32.385978     2.4742   59.71706  -39.33595     4.9569         49 0.0000e+00
       8113    337.997    266.000    263.329     3.7901     3.7899  32.381428  32.382898     2.4737   59.71706  -39.33594     4.9569         49 0.0000e+00
       8163    340.068    268.000    265.307     3.7900     3.7896  32.382406  32.383797     2.4727   59.71706  -39.33596     4.9567         45 0.0000e+00
       8205    341.814    270.000    267.286     3.7897     3.7893  32.383336  32.384740     2.4713   59.71706  -39.33595     4.9570         44 0.0000e+00
       8255    343.917    272.000    269.264     3.7906     3.7902  32.385446  32.386719     2.4682   59.71706  -39.33594     4.9568         54 0.0000e+00
       8305    346.005    274.000    271.243     3.7907     3.7904  32.386650  32.388046     2.4668   59.71706  -39.33595     4.9567         46 0.0000e+00
       8350    347.877    276.000    273.221     3.7885     3.7880  32.385521  32.386853     2.4666   59.71706  -39.33596     4.9568         46 0.0000e+00
       8397    349.848    278.000    275.200     3.7857     3.7853  32.383731  32.385190     2.4665   59.71706  -39.33594     4.9567         50 0.0000e+00
       8451    352.086    280.000    277.179     3.7834     3.7829  32.382532  32.383816     2.4653   59.71706  -39.33595     4.9568         52 0.0000e+00
       8495    353.909    282.000    279.157     3.7813     3.7811  32.381539  32.383201     2.4652   59.71706  -39.33596     4.9568         38 0.0000e+00
       8540    355.775    284.000    281.136     3.7786     3.7784  32.379847  32.381510     2.4660   59.71706  -39.33595     4.9569         57 0.0000e+00
       8594    358.057    286.000    283.114     3.7724     3.7721  32.374650  32.376444     2.4668   59.71706  -39.33594     4.9569         43 0.0000e+00
       8632    359.625    288.000    285.092     3.7621     3.7619  32.365508  32.367314     2.4666   59.71706  -39.33594     4.9568         39 0.0000e+00
       8680    361.631    290.000    287.071     3.7623     3.7621  32.366906  32.368342     2.4666   59.71706  -39.33595     4.9569         54 0.0000e+00
       8729    363.658    292.000    289.049     3.7611     3.7607  32.367023  32.368351     2.4662   59.71706  -39.33594     4.9568         44 0.0000e+00
       8778    365.706    294.000    291.028     3.7536     3.7531  32.360639  32.362271     2.4671   59.71706  -39.33594     4.9571         56 0.0000e+00
       8831    367.922    296.000    293.006     3.7374     3.7377  32.345399  32.348242     2.4675   59.71706  -39.33594     4.9570         47 0.0000e+00
       8877    369.825    298.000    294.984     3.7318     3.7314  32.341314  32.342502     2.4672   59.71706  -39.33594     4.9568         48 0.0000e+00
       8928    371.938    300.000    296.963     3.7305     3.7302  32.341181  32.342599     2.4655   59.71706  -39.33594     4.9566         49 0.0000e+00
       8970    373.711    302.000    298.941     3.7344     3.7342  32.346532  32.347893     2.4634   59.71706  -39.33594     4.9568         39 0.0000e+00
       9013    375.493    304.000    300.919     3.7388     3.7386  32.351975  32.353317     2.4621   59.71706  -39.33594     4.9568         48 0.0000e+00
       9063    377.565    306.000    302.897     3.7394     3.7390  32.353459  32.354852     2.4618   59.71706  -39.33594     4.9568         48 0.0000e+00
       9108    379.476    308.000    304.876     3.7319     3.7317  32.347278  32.348949     2.4617   59.71706  -39.33594     4.9567         48 0.0000e+00
       9161    381.682    310.000    306.854     3.7284     3.7281  32.344865  32.346400     2.4604   59.71706  -39.33594     4.9569         53 0.0000e+00
       9207    383.569    312.000    308.832     3.7266     3.7263  32.344264  32.345450     2.4575   59.71706  -39.33594     4.9568         42 0.0000e+00
       9255    385.583    314.000    310.810     3.7334     3.7332  32.352288  32.353769     2.4557   59.71706  -39.33594     4.9568         54 0.0000e+00
       9307    387.732    316.000    312.789     3.7326     3.7322  32.352649  32.353938     2.4531   59.71706  -39.33594     4.9568         48 0.0000e+00
       9354    389.690    318.000    314.767     3.7331     3.7327  32.354296  32.355584     2.4529   59.71706  -39.33594     4.9569         46 0.0000e+00
       9398    391.532    320.000    316.745     3.7321     3.7319  32.354373  32.356044     2.4531   59.71706  -39.33594     4.9568         43 0.0000e+00
       9441    393.345    322.000    318.723     3.7278     3.7271  32.351086  32.352207     2.4521   59.71706  -39.33594     4.9568         45 0.0000e+00
       9490    395.369    324.000    320.701     3.7257     3.7254  32.349877  32.351296     2.4523   59.71706  -39.33594     4.9566         53 0.0000e+00
       9542    397.555    326.000    322.679     3.7240     3.7232  32.348999  32.350176     2.4533   59.71706  -39.33594     4.9567         47 0.0000e+00
       9586    399.358    328.000    324.657     3.7136     3.7130  32.339885  32.341132     2.4543   59.71706  -39.33595     4.9567         43 0.0000e+00
       9634    401.383    330.000    326.635     3.7110     3.7105  32.338170  32.339484     2.4539   59.71706  -39.33594     4.9567         56 0.0000e+00
       9689    403.679    332.000    328.613     3.7096     3.7093  32.338011  32.339284     2.4522   59.71706  -39.33594     4.9567         48 0.0000e+00
       9730    405.377    334.000    330.591     3.7095     3.7093  32.338962  32.340417     2.4513   59.71706  -39.33594     4.9568         38 0.0000e+00
       9774    407.189    336.000    332.569     3.7075     3.7072  32.337970  32.339447     2.4511   59.71707  -39.33594     4.9569         50 0.0000e+00
       9825    409.336    338.000    334.547     3.7062     3.7058  32.337740  32.339089     2.4506   59.71706  -39.33594     4.9568         51 0.0000e+00
       9875    411.432    340.000    336.525     3.7071     3.7067  32.339850  32.341058     2.4479   59.71706  -39.33594     4.9567         49 0.0000e+00
       9921    413.347    342.000    338.503     3.7108     3.7104  32.345144  32.346091     2.4444   59.71706  -39.33594     4.9568         43 0.0000e+00
       9969    415.313    344.000    340.481     3.7168     3.7167  32.352314  32.353747     2.4418   59.71706  -39.33594     4.9568         52 0.0000e+00
      10017    417.343    346.000    342.459     3.7179     3.7176  32.354335  32.355701     2.4391   59.71706  -39.33594     4.9568         44 0.0000e+00
      10059    419.090    348.000    344.437     3.7179     3.7175  32.355367  32.356775     2.4381   59.71708  -39.33594     4.9567         42 0.0000e+00
      10105    420.985    350.000    346.414     3.7156     3.7153  32.354167  32.355570     2.4375   59.71708  -39.33594     4.9568         51 0.0000e+00
      10160    423.274    352.000    348.392     3.7139     3.7134  32.353339  32.354595     2.4374   59.71706  -39.33594     4.9568         52 0.0000e+00
      10204    425.124    354.000    350.370     3.7117     3.7113  32.352106  32.353387     2.4376   59.71707  -39.33594     4.9567         42 0.0000e+00
      10255    427.241    356.000    352.348     3.7069     3.7062  32.348131  32.349312     2.4372   59.71708  -39.33594     4.9568         58 0.0000e+00
      10306    429.367    358.000    354.326     3.7019     3.7014  32.344226  32.345576     2.4369   59.71706  -39.33594     4.9568         42 0.0000e+00
      10347    431.085    360.000    356.304     3.6989     3.6987  32.342417  32.343981     2.4373   59.71707  -39.33594     4.9568         44 0.0000e+00
      10396    433.123    362.000    358.281     3.6966     3.6961  32.341070  32.342309     2.4380   59.71708  -39.33594     4.9567         53 0.0000e+00
      10448    435.282    364.000    360.259     3.6916     3.6913  32.337066  32.338512     2.4382   59.71706  -39.33594     4.9567         50 0.0000e+00
      10496    437.288    366.000    362.237     3.6937     3.6932  32.340481  32.341594     2.4379   59.71707  -39.33594     4.9567         45 0.0000e+00
      10539    439.065    368.000    364.214     3.6943     3.6938  32.342209  32.343413     2.4379   59.71708  -39.33594     4.9567         43 0.0000e+00
      10585    441.003    370.000    366.192     3.6944     3.6940  32.343317  32.344636     2.4372   59.71706  -39.33594     4.9568         50 0.0000e+00
      10634    443.061    372.000    368.170     3.6957     3.6953  32.345688  32.347058     2.4368   59.71707  -39.33593     4.9569         50 0.0000e+00
      10687    445.270    374.000    370.147     3.6874     3.6866  32.338326  32.339532     2.4376   59.71708  -39.33594     4.9568         49 0.0000e+00
      10728    446.963    376.000    372.125     3.6794     3.6798  32.331257  32.333593     2.4384   59.71708  -39.33594     4.9568         37 0.0000e+00
      10776    448.950    378.000    374.103     3.6739     3.6741  32.326866  32.328710     2.4385   59.71706  -39.33593     4.9567         64 0.0000e+00
      10837    451.503    380.000    376.080     3.6770     3.6773  32.331143  32.332946     2.4381   59.71707  -39.33592     4.9566         48 0.0000e+00
      10879    453.265    382.000    378.058     3.6788     3.6782  32.333869  32.334923     2.4377   59.71708  -39.33594     4.9567         43 0.0000e+00
      10922    455.061    384.000    380.035     3.6769     3.6766  32.332997  32.334581     2.4375   59.71708  -39.33594     4.9569         41 0.0000e+00
      10962    456.724    386.000    382.013     3.6721     3.6717  32.329200  32.330622     2.4376   59.71706  -39.33594     4.9568         43 0.0000e+00
      11017    459.004    388.000    383.990     3.6683     3.6679  32.326269  32.327619     2.4373   59.71706  -39.33592     4.9564         60 0.0000e+00
      11066    461.060    390.000    385.968     3.6642     3.6639  32.323207  32.324742     2.4381   59.71707  -39.33594     4.9569         40 0.0000e+00
      11106    462.709    392.000    387.945     3.6604     3.6604  32.320456  32.322132     2.4387   59.71708  -39.33594     4.9566         45 0.0000e+00
      11164    465.104    394.000    389.922     3.6563     3.6558  32.317112  32.318441     2.4403   59.71708  -39.33592     4.9564         61 0.0000e+00
      11212    467.129    396.000    391.900     3.6528     3.6526  32.314726  32.316368     2.4410   59.71706  -39.33592     4.9567         42 0.0000e+00
      11261    469.161    398.000    393.877     3.6495     3.6493  32.312422  32.313967     2.4420   59.71708  -39.33592     4.9568         54 0.0000e+00
      11307    471.087    400.000    395.855     3.6454     3.6450  32.309402  32.310756     2.4418   59.71708  -39.33592     4.9567         38 0.0000e+00
      11349    472.830    402.000    397.832     3.6432     3.6429  32.308091  32.309474     2.4404   59.71708  -39.33592     4.9566         50 0.0000e+00
      11400    474.945    404.000    399.809     3.6479     3.6476  32.314092  32.315163     2.4387   59.71708  -39.33591     4.9567         45 0.0000e+00
      11445    476.833    406.000    401.787     3.6519     3.6517  32.319020  32.320489     2.4369   59.71708  -39.33592     4.9568         53 0.0000e+00
      11502    479.204    408.000    403.764     3.6538     3.6533  32.321988  32.323040     2.4364   59.71708  -39.33592     4.9567         49 0.0000e+00
      11541    480.835    410.000    405.741     3.6514     3.6507  32.320510  32.321623     2.4369   59.71708  -39.33590     4.9567         39 0.0000e+00
      11592    482.976    412.000    407.718     3.6421     3.6415  32.312070  32.313286     2.4381   59.71708  -39.33590     4.9567         59 0.0000e+00
      11640    484.959    414.000    409.696     3.6331     3.6328  32.303934  32.305619     2.4389   59.71708  -39.33590     4.9568         39 0.0000e+00
