Example_Files/SBE_Processing_Files/Processed_SBE_cast_files/downcasts/dar69-01_021.cnv
* Sea-Bird SBE 9 Data File:
* FileName = D:\data\ar69-01_021.hex
* Software Version Seasave V 7.26.7.107
* Temperature SN = 4491
* Conductivity SN = 3009
* Number of Bytes Per Scan = 44
* Number of Voltage Words = 5
* Number of Scans Averaged by the Deck Unit = 1
* NMEA Latitude = 59 47.95 N
* NMEA Longitude = 039 48.39 W
* NMEA UTC (Time) = Jul 08 2022  18:44:49
** Cruise ID: AR69-01
** Chief Sci:
** Station #: 021
** Site ID: OSNAP cal dip
# nquan = 14
# nvalues = 1318                        
# units = specified
# name 0 = scan: Scan Count
# name 1 = timeS: Time, Elapsed [seconds]
# name 2 = prDM: Pressure, Digiquartz [db]
# name 3 = depSM: Depth [salt water, m]
# name 4 = t090C: Temperature [ITS-90, deg C]
# name 5 = t190C: Temperature, 2 [ITS-90, deg C]
# name 6 = c0mS/cm: Conductivity [mS/cm]
# name 7 = c1mS/cm: Conductivity, 2 [mS/cm]
# name 8 = sbeox0V: Oxygen raw, SBE 43 [V]
# name 9 = latitude: Latitude [deg]
# name 10 = longitude: Longitude [deg]
# name 11 = v7: Voltage 7
# name 12 = nbin: number of scans per bin
# name 13 = flag: flag
# span 0 =        329,      68447       
# span 1 =     13.687,   2851.901       
# span 2 =      6.000,   2640.000       
# span 3 =      5.943,   2598.826       
# span 4 =     1.6272,     7.6109       
# span 5 =     1.6229,     7.6104       
# span 6 =  31.472639,  35.637400       
# span 7 =  31.467935,  35.638995       
# span 8 =     1.8388,     2.8376       
# span 9 =   59.79900,   59.80364       
# span 10 =  -39.80898,  -39.80636      
# span 11 =     4.9560,     4.9573      
# span 12 =         20,        135      
# span 13 = 0.0000e+00, 0.0000e+00      
# interval = decibars: 2                
# start_time = Jul 08 2022 18:44:49 [NMEA time, first data scan]
# bad_flag = -9.990e-29
*END*
[from data line 310]
      17217    717.341    626.000    619.172     3.5737     3.5734  32.350732  32.351689     2.3592   59.79904  -39.80640     4.9573         52 0.0000e+00
      17261    719.182    628.000    621.147     3.5763     3.5758  32.354251  32.355144     2.3578   59.79904  -39.80640     4.9573         44 0.0000e+00
      17309    721.161    630.000    623.122     3.5765     3.5760  32.355327  32.356296     2.3565   59.79904  -39.80639     4.9573         48 0.0000e+00
      17355    723.076    632.000    625.098     3.5743     3.5740  32.354158  32.355380     2.3556   59.79904  -39.80638     4.9573         47 0.0000e+00
      17411    725.405    634.000    627.073     3.5718     3.5714  32.352543  32.353692     2.3553   59.79904  -39.80640     4.9571         59 0.0000e+00
      17457    727.337    636.000    629.048     3.5666     3.5662  32.348425  32.349532     2.3543   59.79904  -39.80638     4.9571         36 0.0000e+00
      17494    728.869    638.000    631.023     3.5643     3.5639  32.347305  32.348249     2.3531   59.79904  -39.80639     4.9570         42 0.0000e+00
      17550    731.198    640.000    632.998     3.5660     3.5655  32.349882  32.350636     2.3516   59.79904  -39.80639     4.9570         62 0.0000e+00
      17601    733.336    642.000    634.973     3.5659     3.5651  32.350638  32.351193     2.3505   59.79904  -39.80638     4.9572         43 0.0000e+00
      17641    735.008    644.000    636.948     3.5655     3.5647  32.351373  32.351912     2.3502   59.79904  -39.80640     4.9573         39 0.0000e+00
      17681    736.646    646.000    638.923     3.5670     3.5667  32.353603  32.354758     2.3494   59.79904  -39.80640     4.9573         41 0.0000e+00
      17737    738.991    648.000    640.898     3.5684     3.5681  32.355790  32.356784     2.3478   59.79903  -39.80640     4.9573         77 0.0000e+00
      17807    741.928    650.000    642.873     3.5703     3.5700  32.358650  32.359795     2.3440   59.79904  -39.80640     4.9573         49 0.0000e+00
      17844    743.442    652.000    644.848     3.5717     3.5714  32.361446  32.362270     2.3411   59.79904  -39.80640     4.9573         32 0.0000e+00
      17875    744.745    654.000    646.823     3.5738     3.5732  32.364559  32.365240     2.3393   59.79902  -39.80640     4.9573         32 0.0000e+00
      17917    746.495    656.000    648.798     3.5739     3.5734  32.365706  32.366612     2.3381   59.79902  -39.80640     4.9573         57 0.0000e+00
      18001    750.000    658.000    650.773     3.5739     3.5735  32.366519  32.367358     2.3353   59.79902  -39.80640     4.9573         80 0.0000e+00
      18044    751.803    660.000    652.748     3.5743     3.5739  32.368177  32.369020     2.3338   59.79902  -39.80640     4.9573         28 0.0000e+00
      18071    752.897    662.000    654.723     3.5756     3.5753  32.370386  32.371527     2.3327   59.79902  -39.80640     4.9573         29 0.0000e+00
      18112    754.628    664.000    656.697     3.5757     3.5753  32.371189  32.372253     2.3311   59.79902  -39.80641     4.9573         62 0.0000e+00
      18177    757.320    666.000    658.673     3.5766     3.5762  32.373081  32.373953     2.3287   59.79902  -39.80642     4.9573         52 0.0000e+00
      18221    759.148    668.000    660.647     3.5768     3.5763  32.374224  32.375093     2.3275   59.79902  -39.80641     4.9570         44 0.0000e+00
      18271    761.254    670.000    662.622     3.5768     3.5763  32.375048  32.375879     2.3267   59.79902  -39.80642     4.9570         54 0.0000e+00
      18319    763.265    672.000    664.597     3.5751     3.5748  32.374096  32.375480     2.3260   59.79901  -39.80642     4.9570         43 0.0000e+00
      18370    765.358    674.000    666.572     3.5676     3.5670  32.367647  32.368542     2.3250   59.79902  -39.80642     4.9570         60 0.0000e+00
      18422    767.535    676.000    668.546     3.5649     3.5645  32.366088  32.366911     2.3240   59.79902  -39.80642     4.9571         39 0.0000e+00
      18457    769.009    678.000    670.521     3.5665     3.5660  32.368649  32.369513     2.3230   59.79900  -39.80642     4.9570         37 0.0000e+00
      18507    771.101    680.000    672.496     3.5651     3.5647  32.368069  32.369083     2.3214   59.79900  -39.80642     4.9570         61 0.0000e+00
      18563    773.427    682.000    674.471     3.5645     3.5640  32.368642  32.369387     2.3195   59.79901  -39.80642     4.9570         53 0.0000e+00
      18615    775.572    684.000    676.445     3.5673     3.5669  32.372624  32.373382     2.3179   59.79901  -39.80642     4.9572         44 0.0000e+00
      18651    777.080    686.000    678.420     3.5702     3.5696  32.376632  32.377170     2.3169   59.79900  -39.80642     4.9573         33 0.0000e+00
      18690    778.722    688.000    680.395     3.5717     3.5713  32.378788  32.379637     2.3161   59.79900  -39.80642     4.9572         52 0.0000e+00
      18754    781.384    690.000    682.369     3.5720     3.5715  32.379832  32.380692     2.3154   59.79900  -39.80642     4.9570         62 0.0000e+00
      18806    783.538    692.000    684.344     3.5736     3.5731  32.382420  32.383377     2.3146   59.79900  -39.80642     4.9570         48 0.0000e+00
      18851    785.427    694.000    686.318     3.5726     3.5723  32.382514  32.383564     2.3139   59.79900  -39.80642     4.9571         42 0.0000e+00
      18893    787.173    696.000    688.293     3.5722     3.5718  32.383045  32.383967     2.3130   59.79900  -39.80642     4.9570         45 0.0000e+00
      18945    789.314    698.000    690.267     3.5716     3.5712  32.383287  32.384291     2.3112   59.79900  -39.80642     4.9570         57 0.0000e+00
      18996    791.458    700.000    692.242     3.5708     3.5703  32.383635  32.384461     2.3091   59.79900  -39.80642     4.9570         43 0.0000e+00
      19037    793.148    702.000    694.216     3.5708     3.5704  32.384496  32.385448     2.3076   59.79900  -39.80642     4.9571         42 0.0000e+00
      19084    795.124    704.000    696.191     3.5696     3.5692  32.384264  32.385242     2.3059   59.79900  -39.80642     4.9570         52 0.0000e+00
      19136    797.283    706.000    698.165     3.5681     3.5677  32.383848  32.384777     2.3042   59.79900  -39.80642     4.9570         49 0.0000e+00
      19185    799.335    708.000    700.140     3.5669     3.5665  32.383680  32.384742     2.3023   59.79901  -39.80642     4.9570         52 0.0000e+00
      19234    801.386    710.000    702.114     3.5632     3.5628  32.381259  32.382219     2.3010   59.79901  -39.80642     4.9570         44 0.0000e+00
      19277    803.178    712.000    704.089     3.5628     3.5623  32.381757  32.382664     2.2999   59.79900  -39.80642     4.9570         44 0.0000e+00
      19321    804.986    714.000    706.063     3.5625     3.5621  32.382415  32.383349     2.2989   59.79901  -39.80642     4.9570         44 0.0000e+00
      19375    807.265    716.000    708.038     3.5624     3.5620  32.383180  32.384059     2.2979   59.79902  -39.80642     4.9569         67 0.0000e+00
      19434    809.722    718.000    710.012     3.5622     3.5619  32.383891  32.384888     2.2971   59.79902  -39.80642     4.9568         42 0.0000e+00
      19469    811.187    720.000    711.986     3.5620     3.5617  32.384772  32.385665     2.2963   59.79902  -39.80642     4.9570         35 0.0000e+00
      19513    812.997    722.000    713.960     3.5620     3.5616  32.385582  32.386481     2.2953   59.79902  -39.80642     4.9572         52 0.0000e+00
      19560    814.959    724.000    715.935     3.5580     3.5574  32.382636  32.383568     2.2941   59.79902  -39.80641     4.9573         41 0.0000e+00
      19607    816.924    726.000    717.909     3.5552     3.5549  32.380892  32.381908     2.2928   59.79902  -39.80642     4.9571         60 0.0000e+00
      19670    819.540    728.000    719.883     3.5554     3.5550  32.382156  32.383139     2.2916   59.79902  -39.80641     4.9570         51 0.0000e+00
      19709    821.179    730.000    721.857     3.5550     3.5546  32.382899  32.383880     2.2904   59.79902  -39.80641     4.9571         36 0.0000e+00
      19750    822.888    732.000    723.832     3.5544     3.5540  32.383373  32.384256     2.2893   59.79902  -39.80642     4.9570         50 0.0000e+00
      19808    825.280    734.000    725.806     3.5542     3.5539  32.384080  32.384973     2.2881   59.79902  -39.80642     4.9569         53 0.0000e+00
      19849    827.017    736.000    727.780     3.5541     3.5537  32.385005  32.385854     2.2875   59.79902  -39.80642     4.9568         39 0.0000e+00
      19898    829.053    738.000    729.754     3.5534     3.5533  32.385015  32.386317     2.2859   59.79902  -39.80642     4.9568         59 0.0000e+00
      19952    831.292    740.000    731.728     3.5506     3.5504  32.383540  32.384682     2.2828   59.79904  -39.80642     4.9570         47 0.0000e+00
      20000    833.271    742.000    733.703     3.5499     3.5495  32.384037  32.385038     2.2810   59.79904  -39.80642     4.9571         47 0.0000e+00
      20041    835.004    744.000    735.677     3.5465     3.5461  32.381886  32.383074     2.2806   59.79904  -39.80642     4.9570         37 0.0000e+00
      20078    836.546    746.000    737.651     3.5416     3.5413  32.378266  32.379324     2.2806   59.79904  -39.80642     4.9569         39 0.0000e+00
      20131    838.741    748.000    739.625     3.5384     3.5379  32.375928  32.376710     2.2800   59.79904  -39.80642     4.9570         70 0.0000e+00
      20197    841.492    750.000    741.599     3.5380     3.5374  32.376369  32.377108     2.2790   59.79905  -39.80642     4.9570         49 0.0000e+00
      20233    843.016    752.000    743.573     3.5379     3.5374  32.377306  32.378193     2.2786   59.79905  -39.80642     4.9569         32 0.0000e+00
      20271    844.591    754.000    745.547     3.5376     3.5372  32.377905  32.378805     2.2780   59.79904  -39.80642     4.9569         48 0.0000e+00
      20328    846.957    756.000    747.521     3.5377     3.5373  32.378844  32.379690     2.2774   59.79905  -39.80642     4.9569         56 0.0000e+00
      20376    848.962    758.000    749.495     3.5377     3.5373  32.379774  32.380687     2.2768   59.79906  -39.80642     4.9570         45 0.0000e+00
      20420    850.806    760.000    751.469     3.5375     3.5371  32.380502  32.381366     2.2763   59.79906  -39.80642     4.9570         45 0.0000e+00
      20467    852.769    762.000    753.443     3.5369     3.5365  32.380890  32.381673     2.2760   59.79906  -39.80642     4.9570         46 0.0000e+00
      20511    854.591    764.000    755.417     3.5364     3.5359  32.381218  32.382150     2.2753   59.79906  -39.80642     4.9569         47 0.0000e+00
      20572    857.112    766.000    757.391     3.5361     3.5356  32.381790  32.382637     2.2739   59.79907  -39.80643     4.9570         62 0.0000e+00
      20615    858.920    768.000    759.365     3.5343     3.5338  32.381220  32.382073     2.2736   59.79908  -39.80644     4.9569         31 0.0000e+00
      20646    860.188    770.000    761.339     3.5322     3.5318  32.380100  32.381124     2.2734   59.79908  -39.80643     4.9568         34 0.0000e+00
      20700    862.458    772.000    763.312     3.5298     3.5296  32.378664  32.379748     2.2729   59.79908  -39.80643     4.9569         71 0.0000e+00
      20757    864.853    774.000    765.286     3.5283     3.5277  32.378132  32.378987     2.2722   59.79908  -39.80644     4.9568         45 0.0000e+00
      20803    866.771    776.000    767.260     3.5271     3.5266  32.377900  32.378789     2.2715   59.79908  -39.80644     4.9570         49 0.0000e+00
      20851    868.733    778.000    769.234     3.5246     3.5242  32.376501  32.377414     2.2714   59.79908  -39.80644     4.9567         42 0.0000e+00
      20892    870.443    780.000    771.207     3.5182     3.5176  32.371122  32.372089     2.2713   59.79909  -39.80644     4.9568         43 0.0000e+00
      20934    872.225    782.000    773.181     3.5173     3.5160  32.371230  32.371152     2.2708   59.79910  -39.80644     4.9569         42 0.0000e+00
      20990    874.526    784.000    775.155     3.5165     3.5159  32.371132  32.371831     2.2704   59.79910  -39.80645     4.9569         77 0.0000e+00
      21055    877.265    786.000    777.129     3.5072     3.5069  32.362503  32.364116     2.2704   59.79911  -39.80646     4.9570         37 0.0000e+00
      21083    878.424    788.000    779.102     3.5027     3.5026  32.359196  32.360673     2.2707   59.79911  -39.80645     4.9569         26 0.0000e+00
      21111    879.591    790.000    781.076     3.5008     3.5005  32.358163  32.359274     2.2707   59.79910  -39.80645     4.9569         34 0.0000e+00
      21188    882.778    792.000    783.050     3.5003     3.5001  32.358529  32.359616     2.2701   59.79912  -39.80646     4.9569         58 0.0000e+00
      21237    884.816    794.000    785.023     3.4986     3.4982  32.357824  32.358731     2.2696   59.79912  -39.80646     4.9570         32 0.0000e+00
      21267    886.071    796.000    786.997     3.4992     3.4987  32.359525  32.360220     2.2695   59.79912  -39.80646     4.9569         32 0.0000e+00
      21306    887.716    798.000    788.970     3.5008     3.5002  32.361915  32.362670     2.2688   59.79912  -39.80646     4.9568         50 0.0000e+00
      21368    890.297    800.000    790.944     3.5043     3.5039  32.366668  32.367417     2.2675   59.79913  -39.80646     4.9569         65 0.0000e+00
      21422    892.551    802.000    792.918     3.5056     3.5051  32.368861  32.369775     2.2665   59.79914  -39.80648     4.9571         45 0.0000e+00
      21463    894.269    804.000    794.891     3.5044     3.5040  32.368774  32.369750     2.2654   59.79914  -39.80648     4.9571         41 0.0000e+00
      21505    896.003    806.000    796.865     3.5022     3.5017  32.367575  32.368449     2.2653   59.79914  -39.80648     4.9568         41 0.0000e+00
      21546    897.697    808.000    798.839     3.4987     3.4988  32.364954  32.366553     2.2654   59.79914  -39.80648     4.9569         42 0.0000e+00
      21591    899.596    810.000    800.812     3.4968     3.4964  32.364259  32.365192     2.2654   59.79914  -39.80648     4.9570         50 0.0000e+00
      21659    902.412    812.000    802.785     3.4947     3.4937  32.363078  32.363425     2.2651   59.79916  -39.80648     4.9569         75 0.0000e+00
      21710    904.539    814.000    804.759     3.4901     3.4897  32.359510  32.360623     2.2647   59.79916  -39.80649     4.9569         31 0.0000e+00
      21738    905.698    816.000    806.732     3.4894     3.4892  32.359912  32.360875     2.2644   59.79916  -39.80650     4.9569         29 0.0000e+00
      21786    907.699    818.000    808.706     3.4898     3.4893  32.360965  32.361786     2.2644   59.79917  -39.80650     4.9569         64 0.0000e+00
      21849    910.328    820.000    810.679     3.4868     3.4868  32.359095  32.360453     2.2647   59.79918  -39.80650     4.9570         35 0.0000e+00
      21880    911.608    822.000    812.652     3.4846     3.4842  32.357973  32.358870     2.2642   59.79918  -39.80650     4.9569         34 0.0000e+00
      21938    914.034    824.000    814.626     3.4844     3.4839  32.358524  32.359253     2.2636   59.79919  -39.80650     4.9569         73 0.0000e+00
      21991    916.244    826.000    816.599     3.4834     3.4830  32.358603  32.359530     2.2635   59.79920  -39.80652     4.9570         31 0.0000e+00
      22020    917.444    828.000    818.573     3.4828     3.4825  32.359063  32.360026     2.2630   59.79920  -39.80652     4.9569         30 0.0000e+00
