Example_Files/SBE_Processing_Files/Processed_SBE_cast_files/downcasts/dar69-01_009.cnv
* Sea-Bird SBE 9 Data File:
* FileName = D:\data\ar69-01_009.hex
* Software Version Seasave V 7.26.7.107
* Temperature SN = 4491
* Conductivity SN = 3009
* Number of Bytes Per Scan = 44
* Number of Voltage Words = 5
* Number of Scans Averaged by the Deck Unit = 1
* NMEA Latitude = 59 49.00 N
* NMEA Longitude = 039 06.78 W
* NMEA UTC (Time) = Jun 28 2022  17:49:02
** Cruise ID: AR69-01
** Chief Sci:
** Station #: 009
** Site ID: Glider release (acoustic release test)
# nquan = 14
# nvalues = 507                         
# units = specified
# name 0 = scan: Scan Count
# name 1 = timeS: Time, Elapsed [seconds]
# name 2 = prDM: Pressure, Digiquartz [db]
# name 3 = depSM: Depth [salt water, m]
# name 4 = t090C: Temperature [ITS-90, deg C]
# name 5 = t190C: Temperature, 2 [ITS-90, deg C]
# name 6 = c0mS/cm: Conductivity [mS/cm]
# name 7 = c1mS/cm: Conductivity, 2 [mS/cm]
# name 8 = sbeox0V: Oxygen raw, SBE 43 [V]
# name 9 = latitude: Latitude [deg]
# name 10 = longitude: Longitude [deg]
# name 11 = v7: Voltage 7
# name 12 = nbin: number of scans per bin
# name 13 = flag: flag
# span 0 =         86,      67822       
# span 1 =      3.541,   2825.876       
# span 2 =      4.000,   1016.000       
# span 3 =      3.963,   1003.980       
# span 4 =     3.3907,     6.8690       
# span 5 =     3.3903,     6.8675       
# span 6 =  32.251311,  34.986330       
# span 7 =  32.252853,  34.987711       
# span 8 =     2.2343,     2.8548       
# span 9 =   59.81659,   59.81662       
# span 10 =  -39.11301,  -39.11296      
# span 11 =     4.9565,     4.9573      
# span 12 =          1,         96      
# span 13 = 0.0000e+00, 0.0000e+00      
# interval = decibars: 2                
# start_time = Jun 28 2022 17:49:02 [NMEA time, first data scan]
# bad_flag = -9.990e-29
*END*
         86      3.541      4.000      3.963     6.8690     6.8675  34.986330  34.987711     2.8548   59.81659  -39.11301     4.9567          1 0.0000e+00
        269     11.147      6.000      5.943     6.8555     6.8537  34.974228  34.975848     2.8522   59.81661  -39.11299     4.9567         60 0.0000e+00
        344     14.301      8.000      7.925     6.7907     6.7910  34.916344  34.919670     2.8504   59.81661  -39.11298     4.9567         46 0.0000e+00
        434     18.026     10.000      9.906     6.7859     6.7854  34.912786  34.914901     2.8473   59.81660  -39.11299     4.9567         78 0.0000e+00
        511     21.257     12.000     11.886     6.7760     6.7749  34.904802  34.906520     2.8457   59.81660  -39.11298     4.9568         69 0.0000e+00
        582     24.191     14.000     13.868     6.7698     6.7669  34.900167  34.900168     2.8445   59.81661  -39.11298     4.9566         73 0.0000e+00
        651     27.078     16.000     15.849     6.7599     6.7591  34.892143  34.894070     2.8428   59.81660  -39.11298     4.9567         61 0.0000e+00
        710     29.548     18.000     17.830     6.7525     6.7522  34.886078  34.888621     2.8411   59.81660  -39.11299     4.9568         72 0.0000e+00
        803     33.429     20.000     19.811     6.7343     6.7344  34.870196  34.873181     2.8396   59.81661  -39.11298     4.9567         86 0.0000e+00
        862     35.870     22.000     21.792     6.7080     6.7072  34.846550  34.849308     2.8412   59.81662  -39.11298     4.9568         48 0.0000e+00
        914     38.046     24.000     23.773     6.6927     6.6925  34.833755  34.836438     2.8418   59.81660  -39.11299     4.9569         66 0.0000e+00
        998     41.544     26.000     25.754     6.6730     6.6720  34.817357  34.819202     2.8397   59.81661  -39.11299     4.9570         84 0.0000e+00
       1068     44.461     28.000     27.735     6.6613     6.6599  34.807827  34.809543     2.8366   59.81662  -39.11298     4.9570         61 0.0000e+00
       1122     46.719     30.000     29.716     6.6341     6.6321  34.784936  34.786015     2.8368   59.81660  -39.11299     4.9573         54 0.0000e+00
       1191     49.577     32.000     31.696     6.6149     6.6154  34.768945  34.772154     2.8321   59.81660  -39.11299     4.9573         79 0.0000e+00
       1260     52.443     34.000     33.677     6.5931     6.5923  34.750698  34.753045     2.8274   59.81662  -39.11298     4.9573         64 0.0000e+00
       1331     55.435     36.000     35.658     6.5766     6.5768  34.737225  34.740144     2.8235   59.81661  -39.11298     4.9570         66 0.0000e+00
       1382     57.527     38.000     37.639     6.5667     6.5660  34.729653  34.731696     2.8219   59.81660  -39.11300     4.9570         45 0.0000e+00
       1442     60.051     40.000     39.620     6.5578     6.5576  34.723157  34.725471     2.8193   59.81660  -39.11299     4.9573         70 0.0000e+00
       1537     63.981     42.000     41.600     6.5462     6.5455  34.715096  34.717547     2.8138   59.81661  -39.11298     4.9573         49 0.0000e+00
       1574     65.552     44.000     43.581     6.4948     6.4948  34.675523  34.679873     2.8126   59.81660  -39.11299     4.9573         43 0.0000e+00
       1635     68.065     46.000     45.562     6.4271     6.4278  34.624498  34.628651     2.8094   59.81660  -39.11298     4.9573         77 0.0000e+00
       1718     71.532     48.000     47.543     6.3722     6.3686  34.583448  34.583741     2.7935   59.81660  -39.11299     4.9573         85 0.0000e+00
       1789     74.491     50.000     49.523     6.2415     6.2413  34.479214  34.484644     2.7674   59.81661  -39.11298     4.9573         56 0.0000e+00
       1842     76.722     52.000     51.504     6.0908     6.0909  34.345175  34.352966     2.7543   59.81660  -39.11300     4.9573         56 0.0000e+00
       1926     80.209     54.000     53.485     5.9792     5.9789  34.246651  34.249511     2.7231   59.81660  -39.11299     4.9573         96 0.0000e+00
       1997     83.174     56.000     55.465     5.8261     5.8272  34.105168  34.121236     2.6893   59.81662  -39.11298     4.9573         51 0.0000e+00
       2056     85.611     58.000     57.446     5.3589     5.3597  33.679222  33.689482     2.6704   59.81660  -39.11299     4.9573         70 0.0000e+00
       2126     88.531     60.000     59.427     5.1358     5.1369  33.475140  33.485238     2.6578   59.81660  -39.11299     4.9573         68 0.0000e+00
       2203     91.748     62.000     61.407     4.8970     4.8971  33.257227  33.262405     2.6494   59.81662  -39.11298     4.9573         78 0.0000e+00
       2265     94.315     64.000     63.388     4.7677     4.7684  33.141042  33.148655     2.6427   59.81660  -39.11300     4.9573         50 0.0000e+00
       2319     96.602     66.000     65.368     4.6962     4.6959  33.080028  33.083237     2.6309   59.81660  -39.11300     4.9573         72 0.0000e+00
       2403    100.083     68.000     67.349     4.6250     4.6252  33.019431  33.024875     2.6123   59.81662  -39.11300     4.9573         71 0.0000e+00
       2456    102.304     70.000     69.329     4.5240     4.5241  32.932691  32.937408     2.6034   59.81661  -39.11299     4.9573         50 0.0000e+00
       2518    104.859     72.000     71.310     4.4434     4.4430  32.863601  32.867464     2.5962   59.81660  -39.11300     4.9573         78 0.0000e+00
       2587    107.746     74.000     73.290     4.3577     4.3577  32.789876  32.793754     2.5906   59.81660  -39.11300     4.9573         50 0.0000e+00
       2637    109.829     76.000     75.271     4.3290     4.3289  32.766738  32.769545     2.5876   59.81660  -39.11300     4.9573         59 0.0000e+00
       2733    113.829     78.000     77.251     4.3097     4.3111  32.752336  32.756933     2.5793   59.81661  -39.11300     4.9573         56 0.0000e+00
       2767    115.235     80.000     79.232     4.2521     4.2524  32.701772  32.706247     2.5777   59.81660  -39.11300     4.9573         36 0.0000e+00
       2830    117.886     82.000     81.212     4.2269     4.2286  32.681539  32.685609     2.5749   59.81660  -39.11300     4.9573         79 0.0000e+00
       2912    121.308     84.000     83.192     4.2037     4.2033  32.661470  32.664106     2.5730   59.81660  -39.11300     4.9573         49 0.0000e+00
       2955    123.087     86.000     85.173     4.1858     4.1852  32.647891  32.649572     2.5737   59.81662  -39.11300     4.9573         47 0.0000e+00
       3030    126.205     88.000     87.153     4.1768     4.1762  32.642331  32.644414     2.5723   59.81660  -39.11300     4.9573         92 0.0000e+00
       3098    129.024     90.000     89.133     4.1582     4.1580  32.627261  32.630068     2.5709   59.81660  -39.11300     4.9573         47 0.0000e+00
       3144    130.977     92.000     91.114     4.1382     4.1380  32.610174  32.612582     2.5694   59.81660  -39.11300     4.9573         55 0.0000e+00
       3224    134.298     94.000     93.094     4.1205     4.1205  32.595045  32.597781     2.5670   59.81661  -39.11300     4.9573         87 0.0000e+00
       3285    136.852     96.000     95.074     4.0967     4.0965  32.574396  32.577104     2.5657   59.81660  -39.11300     4.9573         47 0.0000e+00
       3337    139.006     98.000     97.054     4.0863     4.0863  32.566187  32.568763     2.5645   59.81660  -39.11300     4.9573         64 0.0000e+00
       3419    142.434    100.000     99.035     4.0748     4.0739  32.556597  32.558463     2.5625   59.81661  -39.11299     4.9573         81 0.0000e+00
       3480    144.968    102.000    101.015     4.0433     4.0427  32.528204  32.530950     2.5623   59.81660  -39.11300     4.9573         56 0.0000e+00
       3542    147.561    104.000    102.995     4.0233     4.0227  32.511017  32.512850     2.5626   59.81661  -39.11299     4.9573         65 0.0000e+00
       3699    154.075    106.000    104.975     4.0192     4.0196  32.508348  32.511446     2.5604   59.81660  -39.11300     4.9573         72 0.0000e+00
       3803    158.421    108.000    106.955     4.0059     4.0052  32.496957  32.498724     2.5597   59.81661  -39.11298     4.9573         96 0.0000e+00
       3870    161.215    110.000    108.935     4.0033     4.0030  32.495595  32.497843     2.5577   59.81660  -39.11298     4.9573         45 0.0000e+00
       3906    162.694    112.000    110.916     3.9932     3.9928  32.486884  32.489281     2.5564   59.81660  -39.11298     4.9573         32 0.0000e+00
       3943    164.229    114.000    112.896     3.9831     3.9827  32.479086  32.481158     2.5555   59.81660  -39.11300     4.9573         46 0.0000e+00
       4007    166.909    116.000    114.876     3.9796     3.9790  32.477355  32.479239     2.5543   59.81661  -39.11298     4.9573         70 0.0000e+00
       4058    169.029    118.000    116.856     3.9729     3.9722  32.471761  32.473664     2.5534   59.81662  -39.11298     4.9573         38 0.0000e+00
       4093    170.515    120.000    118.836     3.9662     3.9657  32.466482  32.468364     2.5526   59.81660  -39.11298     4.9573         37 0.0000e+00
       4135    172.248    122.000    120.816     3.9615     3.9612  32.463435  32.465526     2.5510   59.81660  -39.11299     4.9573         48 0.0000e+00
       4193    174.673    124.000    122.796     3.9638     3.9631  32.467493  32.468975     2.5466   59.81661  -39.11298     4.9573         65 0.0000e+00
       4254    177.218    126.000    124.776     3.9680     3.9675  32.473428  32.475257     2.5445   59.81661  -39.11298     4.9573         51 0.0000e+00
       4294    178.864    128.000    126.756     3.9577     3.9567  32.464084  32.466256     2.5448   59.81660  -39.11298     4.9573         33 0.0000e+00
       4327    180.246    130.000    128.736     3.9346     3.9342  32.443038  32.445473     2.5453   59.81660  -39.11298     4.9573         37 0.0000e+00
       4381    182.520    132.000    130.715     3.9269     3.9264  32.436758  32.438748     2.5440   59.81661  -39.11298     4.9573         72 0.0000e+00
       4443    185.077    134.000    132.695     3.9224     3.9217  32.434898  32.436148     2.5396   59.81661  -39.11298     4.9573         44 0.0000e+00
       4481    186.646    136.000    134.675     3.9401     3.9393  32.454367  32.455058     2.5379   59.81660  -39.11298     4.9573         36 0.0000e+00
       4520    188.279    138.000    136.655     3.9497     3.9495  32.464876  32.466892     2.5363   59.81660  -39.11298     4.9573         44 0.0000e+00
       4570    190.373    140.000    138.635     3.9410     3.9407  32.457363  32.459575     2.5336   59.81660  -39.11298     4.9573         56 0.0000e+00
       4625    192.670    142.000    140.615     3.9424     3.9419  32.460263  32.461936     2.5312   59.81662  -39.11298     4.9573         51 0.0000e+00
       4670    194.547    144.000    142.595     3.9378     3.9374  32.457139  32.459242     2.5284   59.81660  -39.11298     4.9573         41 0.0000e+00
       4712    196.287    146.000    144.574     3.9358     3.9353  32.456528  32.457883     2.5253   59.81660  -39.11298     4.9573         44 0.0000e+00
       4763    198.404    148.000    146.554     3.9483     3.9477  32.470598  32.472080     2.5216   59.81660  -39.11298     4.9573         57 0.0000e+00
       4822    200.856    150.000    148.534     3.9527     3.9525  32.476397  32.478347     2.5172   59.81662  -39.11297     4.9573         57 0.0000e+00
       4869    202.825    152.000    150.514     3.9571     3.9566  32.482843  32.484272     2.5150   59.81662  -39.11298     4.9573         39 0.0000e+00
       4904    204.292    154.000    152.493     3.9571     3.9568  32.483979  32.485986     2.5140   59.81661  -39.11298     4.9573         34 0.0000e+00
       4943    205.897    156.000    154.473     3.9544     3.9542  32.482347  32.484427     2.5136   59.81660  -39.11298     4.9573         45 0.0000e+00
       4997    208.173    158.000    156.453     3.9491     3.9486  32.478137  32.480031     2.5131   59.81660  -39.11298     4.9573         62 0.0000e+00
       5059    210.770    160.000    158.432     3.9454     3.9448  32.475524  32.477162     2.5122   59.81662  -39.11297     4.9573         59 0.0000e+00
       5108    212.804    162.000    160.412     3.9450     3.9441  32.476120  32.477459     2.5116   59.81661  -39.11298     4.9573         38 0.0000e+00
       5141    214.166    164.000    162.392     3.9413     3.9407  32.473270  32.475455     2.5113   59.81660  -39.11299     4.9573         31 0.0000e+00
       5178    215.729    166.000    164.371     3.9299     3.9294  32.463534  32.465419     2.5112   59.81660  -39.11299     4.9573         49 0.0000e+00
       5241    218.351    168.000    166.351     3.9196     3.9192  32.454381  32.456489     2.5129   59.81661  -39.11298     4.9573         64 0.0000e+00
       5293    220.487    170.000    168.330     3.9003     3.8998  32.436692  32.439012     2.5146   59.81662  -39.11298     4.9573         47 0.0000e+00
       5346    222.707    172.000    170.310     3.8890     3.8884  32.427060  32.428834     2.5145   59.81660  -39.11298     4.9573         56 0.0000e+00
       5391    224.594    174.000    172.289     3.8857     3.8852  32.424972  32.426877     2.5127   59.81660  -39.11298     4.9573         34 0.0000e+00
       5421    225.821    176.000    174.269     3.8828     3.8825  32.423307  32.425234     2.5122   59.81660  -39.11299     4.9573         29 0.0000e+00
       5460    227.469    178.000    176.248     3.8795     3.8793  32.421630  32.423834     2.5126   59.81660  -39.11299     4.9573         59 0.0000e+00
       5544    230.946    180.000    178.228     3.8710     3.8702  32.414733  32.416017     2.5139   59.81662  -39.11298     4.9573         75 0.0000e+00
       5586    232.703    182.000    180.207     3.8668     3.8664  32.411729  32.413596     2.5134   59.81662  -39.11298     4.9573         31 0.0000e+00
       5616    233.959    184.000    182.187     3.8620     3.8618  32.407924  32.410411     2.5130   59.81660  -39.11298     4.9573         32 0.0000e+00
       5654    235.540    186.000    184.166     3.8540     3.8535  32.401688  32.403498     2.5120   59.81660  -39.11298     4.9573         47 0.0000e+00
       5716    238.112    188.000    186.145     3.8491     3.8486  32.398321  32.400121     2.5106   59.81660  -39.11298     4.9573         73 0.0000e+00
       5776    240.644    190.000    188.125     3.8462     3.8458  32.396733  32.398549     2.5095   59.81662  -39.11298     4.9573         43 0.0000e+00
       5815    242.238    192.000    190.104     3.8429     3.8424  32.394618  32.396268     2.5094   59.81661  -39.11298     4.9573         39 0.0000e+00
       5856    243.965    194.000    192.083     3.8402     3.8400  32.392845  32.394882     2.5101   59.81660  -39.11298     4.9573         43 0.0000e+00
       5900    245.779    196.000    194.063     3.8339     3.8336  32.387806  32.389825     2.5097   59.81660  -39.11298     4.9573         46 0.0000e+00
       5956    248.140    198.000    196.042     3.8287     3.8282  32.383873  32.385685     2.5083   59.81662  -39.11298     4.9573         64 0.0000e+00
       6009    250.351    200.000    198.021     3.8286     3.8283  32.385039  32.386797     2.5056   59.81661  -39.11298     4.9573         40 0.0000e+00
       6044    251.809    202.000    200.001     3.8332     3.8327  32.391057  32.392374     2.5042   59.81660  -39.11298     4.9573         35 0.0000e+00
       6085    253.521    204.000    201.980     3.8351     3.8346  32.394118  32.395734     2.5023   59.81660  -39.11298     4.9573         50 0.0000e+00
       6151    256.234    206.000    203.959     3.8355     3.8350  32.395547  32.397050     2.4991   59.81661  -39.11298     4.9573         70 0.0000e+00
       6203    258.428    208.000    205.938     3.8381     3.8377  32.399459  32.401145     2.4963   59.81662  -39.11298     4.9573         38 0.0000e+00
