Example_Files/SBE_Processing_Files/Processed_SBE_cast_files/downcasts/dar69-01_018.cnv
* Sea-Bird SBE 9 Data File:
* FileName = D:\data\ar69-01_018.hex
* Software Version Seasave V 7.26.7.107
* Temperature SN = 4491
* Conductivity SN = 3009
* Number of Bytes Per Scan = 44
* Number of Voltage Words = 5
* Number of Scans Averaged by the Deck Unit = 1
* NMEA Latitude = 59 56.25 N
* NMEA Longitude = 041 08.20 W
* NMEA UTC (Time) = Jul 05 2022  14:07:42
** Cruise ID: AR69-01
** Chief Sci:
** Station #: 018
** Site ID: M1 OSNAP microcats + optodes (post cal dip)
# nquan = 14
# nvalues = 1008                        
# units = specified
# name 0 = scan: Scan Count
# name 1 = timeS: Time, Elapsed [seconds]
# name 2 = prDM: Pressure, Digiquartz [db]
# name 3 = depSM: Depth [salt water, m]
# name 4 = t090C: Temperature [ITS-90, deg C]
# name 5 = t190C: Temperature, 2 [ITS-90, deg C]
# name 6 = c0mS/cm: Conductivity [mS/cm]
# name 7 = c1mS/cm: Conductivity, 2 [mS/cm]
# name 8 = sbeox0V: Oxygen raw, SBE 43 [V]
# name 9 = latitude: Latitude [deg]
# name 10 = longitude: Longitude [deg]
# name 11 = v7: Voltage 7
# name 12 = nbin: number of scans per bin
# name 13 = flag: flag
# span 0 =        329,      61440       
# span 1 =     13.660,   2559.974       
# span 2 =     16.000,   2030.000       
# span 3 =     15.848,   2001.162       
# span 4 =     2.1924,     7.6828       
# span 5 =     2.1920,     7.6998       
# span 6 =  31.729162,  35.789856       
# span 7 =  31.729895,  35.803429       
# span 8 =     1.9427,     2.8327       
# span 9 =   59.93653,   59.93764       
# span 10 =  -41.14766,  -41.13672      
# span 11 =     4.9560,     4.9573      
# span 12 =         16,        120      
# span 13 = 0.0000e+00, 0.0000e+00      
# interval = decibars: 2                
# start_time = Jul 05 2022 14:07:43 [NMEA time, first data scan]
# bad_flag = -9.990e-29
*END*
[from data line 826]
      42289   1761.990   1668.000   1645.704     3.1187     3.1187  32.424287  32.425637     2.0072   59.93704  -41.14355     4.9561         50 0.0000e+00
      42336   1763.955   1670.000   1647.670     3.1184     3.1180  32.424807  32.425731     2.0065   59.93704  -41.14357     4.9563         44 0.0000e+00
      42379   1765.750   1672.000   1649.635     3.1179     3.1177  32.425247  32.426287     2.0057   59.93704  -41.14358     4.9564         45 0.0000e+00
      42431   1767.914   1674.000   1651.600     3.1168     3.1164  32.425073  32.425950     2.0047   59.93704  -41.14359     4.9564         56 0.0000e+00
      42483   1770.100   1676.000   1653.566     3.1142     3.1137  32.423468  32.424505     2.0038   59.93704  -41.14360     4.9563         48 0.0000e+00
      42529   1771.984   1678.000   1655.531     3.1121     3.1118  32.422721  32.423655     2.0034   59.93704  -41.14362     4.9563         44 0.0000e+00
      42572   1773.798   1680.000   1657.497     3.1078     3.1073  32.419614  32.420611     2.0027   59.93704  -41.14363     4.9563         45 0.0000e+00
      42624   1775.953   1682.000   1659.462     3.1038     3.1033  32.416901  32.417707     2.0021   59.93704  -41.14364     4.9560         57 0.0000e+00
      42676   1778.119   1684.000   1661.427     3.1003     3.0998  32.413909  32.415212     2.0026   59.93702  -41.14365     4.9560         45 0.0000e+00
      42717   1779.817   1686.000   1663.393     3.0790     3.0783  32.393707  32.395471     2.0037   59.93702  -41.14367     4.9560         39 0.0000e+00
      42758   1781.523   1688.000   1665.358     3.0664     3.0662  32.382839  32.384136     2.0044   59.93702  -41.14368     4.9560         45 0.0000e+00
      42809   1783.685   1690.000   1667.324     3.0629     3.0627  32.380377  32.381513     2.0048   59.93702  -41.14369     4.9562         56 0.0000e+00
      42864   1785.963   1692.000   1669.289     3.0617     3.0614  32.380302  32.381243     2.0046   59.93702  -41.14370     4.9563         51 0.0000e+00
      42909   1787.814   1694.000   1671.254     3.0624     3.0625  32.382051  32.383259     2.0042   59.93702  -41.14372     4.9564         38 0.0000e+00
      42945   1789.346   1696.000   1673.219     3.0668     3.0666  32.387787  32.388704     2.0035   59.93702  -41.14372     4.9563         39 0.0000e+00
      43000   1791.610   1698.000   1675.185     3.0764     3.0764  32.399194  32.399663     2.0000   59.93702  -41.14374     4.9562         70 0.0000e+00
      43059   1794.075   1700.000   1677.150     3.1094     3.1080  32.436370  32.434087     1.9932   59.93702  -41.14375     4.9563         43 0.0000e+00
      43099   1795.736   1702.000   1679.115     3.1311     3.1306  32.459622  32.459893     1.9897   59.93702  -41.14376     4.9562         41 0.0000e+00
      43142   1797.542   1704.000   1681.080     3.1304     3.1301  32.459758  32.460809     1.9871   59.93702  -41.14377     4.9560         44 0.0000e+00
      43184   1799.283   1706.000   1683.045     3.1272     3.1267  32.457268  32.458046     1.9856   59.93702  -41.14378     4.9560         41 0.0000e+00
      43231   1801.254   1708.000   1685.010     3.1270     3.1269  32.457810  32.458804     1.9844   59.93702  -41.14380     4.9563         60 0.0000e+00
      43296   1803.952   1710.000   1686.975     3.1266     3.1268  32.457912  32.459511     1.9838   59.93702  -41.14381     4.9562         54 0.0000e+00
      43337   1805.665   1712.000   1688.941     3.1209     3.1209  32.452976  32.454442     1.9837   59.93702  -41.14382     4.9564         36 0.0000e+00
      43373   1807.156   1714.000   1690.906     3.1192     3.1189  32.452262  32.453255     1.9839   59.93702  -41.14382     4.9563         37 0.0000e+00
      43415   1808.906   1716.000   1692.871     3.1147     3.1147  32.448259  32.449928     1.9842   59.93702  -41.14384     4.9563         51 0.0000e+00
      43475   1811.418   1718.000   1694.836     3.0950     3.0937  32.429070  32.429773     1.9839   59.93701  -41.14385     4.9563         62 0.0000e+00
      43530   1813.701   1720.000   1696.801     3.0895     3.0897  32.425186  32.426586     1.9847   59.93702  -41.14387     4.9560         50 0.0000e+00
      43575   1815.595   1722.000   1698.766     3.0723     3.0727  32.406884  32.411327     1.9874   59.93702  -41.14388     4.9560         39 0.0000e+00
      43609   1817.018   1724.000   1700.731     3.0380     3.0380  32.374681  32.376310     1.9892   59.93701  -41.14388     4.9560         32 0.0000e+00
      43649   1818.681   1726.000   1702.696     3.0369     3.0367  32.374466  32.375504     1.9907   59.93700  -41.14389     4.9560         56 0.0000e+00
      43725   1821.829   1728.000   1704.661     3.0338     3.0304  32.371912  32.370369     1.9920   59.93702  -41.14391     4.9563         66 0.0000e+00
      43763   1823.422   1730.000   1706.626     3.0223     3.0223  32.361790  32.363332     1.9926   59.93700  -41.14392     4.9563         31 0.0000e+00
      43794   1824.724   1732.000   1708.591     3.0210     3.0208  32.361483  32.362524     1.9931   59.93700  -41.14392     4.9562         33 0.0000e+00
      43840   1826.614   1734.000   1710.556     3.0159     3.0153  32.357419  32.358312     1.9934   59.93700  -41.14393     4.9563         62 0.0000e+00
      43902   1829.190   1736.000   1712.521     3.0056     3.0048  32.347932  32.349242     1.9949   59.93700  -41.14395     4.9561         52 0.0000e+00
      43948   1831.125   1738.000   1714.486     2.9754     2.9744  32.318764  32.320107     1.9965   59.93700  -41.14396     4.9560         45 0.0000e+00
      43991   1832.906   1740.000   1716.450     2.9677     2.9674  32.312667  32.313693     1.9978   59.93700  -41.14397     4.9560         41 0.0000e+00
      44034   1834.724   1742.000   1718.415     2.9622     2.9623  32.308044  32.309736     1.9986   59.93700  -41.14398     4.9560         48 0.0000e+00
      44083   1836.736   1744.000   1720.380     2.9525     2.9524  32.300304  32.301549     1.9984   59.93700  -41.14398     4.9560         46 0.0000e+00
      44136   1838.949   1746.000   1722.345     2.9518     2.9515  32.300912  32.301917     1.9979   59.93700  -41.14400     4.9560         63 0.0000e+00
      44191   1841.267   1748.000   1724.310     2.9491     2.9487  32.299471  32.300567     1.9976   59.93700  -41.14401     4.9560         40 0.0000e+00
      44224   1842.622   1750.000   1726.275     2.9451     2.9448  32.297029  32.297921     1.9974   59.93700  -41.14402     4.9562         31 0.0000e+00
      44258   1844.057   1752.000   1728.239     2.9458     2.9455  32.299538  32.300371     1.9968   59.93700  -41.14402     4.9563         41 0.0000e+00
      44318   1846.527   1754.000   1730.204     2.9479     2.9477  32.302823  32.303849     1.9950   59.93700  -41.14404     4.9561         75 0.0000e+00
      44382   1849.197   1756.000   1732.169     2.9548     2.9548  32.311674  32.312176     1.9914   59.93700  -41.14406     4.9560         46 0.0000e+00
      44418   1850.729   1758.000   1734.133     2.9644     2.9642  32.322928  32.323508     1.9900   59.93700  -41.14406     4.9560         32 0.0000e+00
      44450   1852.023   1760.000   1736.098     2.9670     2.9668  32.326428  32.327424     1.9892   59.93700  -41.14406     4.9560         33 0.0000e+00
      44506   1854.382   1762.000   1738.063     2.9658     2.9652  32.325755  32.326495     1.9877   59.93701  -41.14408     4.9560         59 0.0000e+00
      44582   1857.550   1764.000   1740.027     2.9679     2.9682  32.329225  32.330458     1.9859   59.93702  -41.14410     4.9560         31 0.0000e+00
      44608   1858.631   1766.000   1741.992     2.9686     2.9684  32.330930  32.331758     1.9850   59.93700  -41.14410     4.9560         27 0.0000e+00
      44638   1859.856   1768.000   1743.956     2.9716     2.9715  32.335293  32.335923     1.9839   59.93700  -41.14410     4.9560         33 0.0000e+00
      44683   1861.759   1770.000   1745.921     2.9748     2.9745  32.339641  32.340564     1.9823   59.93702  -41.14411     4.9560         65 0.0000e+00
      44757   1864.835   1772.000   1747.885     2.9723     2.9719  32.338811  32.339681     1.9797   59.93702  -41.14414     4.9560         63 0.0000e+00
      44800   1866.634   1774.000   1749.850     2.9665     2.9663  32.334833  32.336281     1.9785   59.93702  -41.14414     4.9560         34 0.0000e+00
      44833   1867.994   1776.000   1751.815     2.9618     2.9615  32.331371  32.332545     1.9782   59.93702  -41.14414     4.9560         33 0.0000e+00
      44870   1869.547   1778.000   1753.779     2.9602     2.9600  32.330736  32.331790     1.9777   59.93702  -41.14416     4.9560         46 0.0000e+00
      44943   1872.588   1780.000   1755.744     2.9570     2.9565  32.328420  32.329204     1.9771   59.93702  -41.14417     4.9560         79 0.0000e+00
      44994   1874.703   1782.000   1757.708     2.9568     2.9565  32.329179  32.330127     1.9769   59.93702  -41.14418     4.9560         37 0.0000e+00
      45029   1876.146   1784.000   1759.673     2.9560     2.9560  32.329465  32.330612     1.9769   59.93702  -41.14418     4.9560         34 0.0000e+00
      45063   1877.580   1786.000   1761.637     2.9558     2.9556  32.330142  32.331096     1.9766   59.93702  -41.14420     4.9560         37 0.0000e+00
      45120   1879.941   1788.000   1763.601     2.9533     2.9532  32.328356  32.329580     1.9759   59.93702  -41.14421     4.9560         78 0.0000e+00
      45181   1882.502   1790.000   1765.566     2.9432     2.9423  32.319062  32.320279     1.9759   59.93702  -41.14422     4.9560         37 0.0000e+00
      45214   1883.885   1792.000   1767.530     2.9334     2.9330  32.310982  32.311880     1.9758   59.93702  -41.14423     4.9560         34 0.0000e+00
      45251   1885.401   1794.000   1769.495     2.9349     2.9348  32.313541  32.314272     1.9758   59.93702  -41.14424     4.9560         41 0.0000e+00
      45307   1887.747   1796.000   1771.459     2.9312     2.9311  32.310202  32.311790     1.9757   59.93702  -41.14425     4.9560         69 0.0000e+00
      45364   1890.106   1798.000   1773.423     2.9224     2.9218  32.302813  32.303571     1.9757   59.93702  -41.14426     4.9560         41 0.0000e+00
      45401   1891.662   1800.000   1775.388     2.9171     2.9163  32.298343  32.299047     1.9761   59.93702  -41.14427     4.9560         39 0.0000e+00
      45449   1893.646   1802.000   1777.352     2.9078     2.9071  32.289989  32.290947     1.9768   59.93703  -41.14428     4.9560         56 0.0000e+00
      45501   1895.847   1804.000   1779.316     2.8971     2.8969  32.280531  32.281799     1.9776   59.93704  -41.14429     4.9560         45 0.0000e+00
      45543   1897.601   1806.000   1781.280     2.8851     2.8853  32.269441  32.271489     1.9777   59.93704  -41.14430     4.9560         44 0.0000e+00
      45593   1899.654   1808.000   1783.245     2.8745     2.8742  32.260230  32.261591     1.9780   59.93704  -41.14431     4.9560         52 0.0000e+00
      45640   1901.612   1810.000   1785.209     2.8598     2.8595  32.246688  32.248323     1.9793   59.93704  -41.14432     4.9560         41 0.0000e+00
      45680   1903.290   1812.000   1787.173     2.8479     2.8474  32.235941  32.237252     1.9806   59.93704  -41.14432     4.9560         41 0.0000e+00
      45725   1905.168   1814.000   1789.137     2.8331     2.8326  32.222847  32.223868     1.9815   59.93704  -41.14434     4.9560         51 0.0000e+00
      45782   1907.550   1816.000   1791.101     2.8299     2.8296  32.220766  32.221697     1.9825   59.93704  -41.14436     4.9560         58 0.0000e+00
      45831   1909.577   1818.000   1793.066     2.8256     2.8253  32.217647  32.218535     1.9828   59.93704  -41.14436     4.9560         41 0.0000e+00
      45871   1911.240   1820.000   1795.030     2.8254     2.8252  32.218336  32.219274     1.9830   59.93704  -41.14436     4.9560         42 0.0000e+00
      45920   1913.275   1822.000   1796.994     2.8245     2.8242  32.218347  32.219219     1.9832   59.93704  -41.14438     4.9560         54 0.0000e+00
      45970   1915.361   1824.000   1798.958     2.8225     2.8223  32.217239  32.218343     1.9833   59.93704  -41.14439     4.9560         45 0.0000e+00
      46014   1917.220   1826.000   1800.922     2.8206     2.8203  32.216413  32.217248     1.9827   59.93704  -41.14440     4.9560         48 0.0000e+00
      46065   1919.332   1828.000   1802.886     2.8190     2.8188  32.215649  32.216674     1.9820   59.93704  -41.14441     4.9560         49 0.0000e+00
      46109   1921.161   1830.000   1804.850     2.8171     2.8169  32.214691  32.215685     1.9820   59.93704  -41.14442     4.9560         41 0.0000e+00
      46152   1922.962   1832.000   1806.814     2.8144     2.8142  32.213017  32.213923     1.9819   59.93706  -41.14443     4.9560         48 0.0000e+00
      46204   1925.141   1834.000   1808.778     2.8126     2.8124  32.212137  32.213077     1.9822   59.93706  -41.14444     4.9560         52 0.0000e+00
      46251   1927.065   1836.000   1810.742     2.8075     2.8073  32.207958  32.209225     1.9822   59.93706  -41.14446     4.9560         41 0.0000e+00
      46291   1928.763   1838.000   1812.706     2.8060     2.8057  32.207634  32.208396     1.9819   59.93706  -41.14446     4.9560         43 0.0000e+00
      46340   1930.798   1840.000   1814.670     2.8026     2.8024  32.205153  32.206209     1.9812   59.93706  -41.14448     4.9560         55 0.0000e+00
      46397   1933.178   1842.000   1816.634     2.7958     2.7956  32.199660  32.200930     1.9806   59.93706  -41.14448     4.9560         56 0.0000e+00
      46446   1935.221   1844.000   1818.598     2.7826     2.7822  32.188079  32.189559     1.9808   59.93706  -41.14450     4.9560         41 0.0000e+00
      46484   1936.797   1846.000   1820.562     2.7702     2.7698  32.177427  32.178673     1.9809   59.93706  -41.14450     4.9560         37 0.0000e+00
      46525   1938.515   1848.000   1822.526     2.7590     2.7591  32.167249  32.169060     1.9809   59.93706  -41.14452     4.9560         48 0.0000e+00
      46583   1940.908   1850.000   1824.489     2.7493     2.7491  32.159003  32.160285     1.9816   59.93707  -41.14452     4.9560         62 0.0000e+00
      46634   1943.033   1852.000   1826.453     2.7291     2.7290  32.139750  32.141938     1.9827   59.93708  -41.14454     4.9560         41 0.0000e+00
      46672   1944.639   1854.000   1828.417     2.7216     2.7211  32.134067  32.134764     1.9830   59.93708  -41.14454     4.9560         39 0.0000e+00
      46717   1946.520   1856.000   1830.381     2.7198     2.7197  32.133438  32.134551     1.9831   59.93708  -41.14456     4.9560         49 0.0000e+00
      46763   1948.398   1858.000   1832.345     2.7156     2.7159  32.130883  32.132229     1.9831   59.93708  -41.14456     4.9560         42 0.0000e+00
      46815   1950.568   1860.000   1834.308     2.7140     2.7137  32.130354  32.131472     1.9827   59.93708  -41.14457     4.9560         69 0.0000e+00
      46879   1953.245   1862.000   1836.272     2.7065     2.7062  32.124277  32.125330     1.9822   59.93708  -41.14458     4.9560         45 0.0000e+00
      46915   1954.765   1864.000   1838.236     2.7018     2.7015  32.121198  32.122390     1.9822   59.93708  -41.14459     4.9560         36 0.0000e+00
      46954   1956.380   1866.000   1840.199     2.6942     2.6938  32.115574  32.116733     1.9819   59.93708  -41.14460     4.9560         43 0.0000e+00
      47000   1958.301   1868.000   1842.163     2.6865     2.6861  32.109382  32.110415     1.9814   59.93708  -41.14460     4.9560         47 0.0000e+00
      47050   1960.380   1870.000   1844.127     2.6776     2.6770  32.101672  32.102635     1.9811   59.93709  -41.14462     4.9560         58 0.0000e+00
      47110   1962.874   1872.000   1846.091     2.6686     2.6690  32.094098  32.095946     1.9808   59.93710  -41.14463     4.9560         49 0.0000e+00
