Example_Files/SBE_Processing_Files/Processed_SBE_cast_files/downcasts/dar69-01_012.cnv
* Sea-Bird SBE 9 Data File:
* FileName = D:\data\ar69-01_012.hex
* Software Version Seasave V 7.26.7.107
* Temperature SN = 4491
* Conductivity SN = 3009
* Number of Bytes Per Scan = 44
* Number of Voltage Words = 5
* Number of Scans Averaged by the Deck Unit = 1
* NMEA Latitude = 59 56.36 N
* NMEA Longitude = 039 31.27 W
* NMEA UTC (Time) = Jun 30 2022  16:33:36
** Cruise ID: AR69-01
** Chief Sci:
** Station #: 012
** Site ID: Irminger SUMO
# nquan = 14
# nvalues = 760                         
# units = specified
# name 0 = scan: Scan Count
# name 1 = timeS: Time, Elapsed [seconds]
# name 2 = prDM: Pressure, Digiquartz [db]
# name 3 = depSM: Depth [salt water, m]
# name 4 = t090C: Temperature [ITS-90, deg C]
# name 5 = t190C: Temperature, 2 [ITS-90, deg C]
# name 6 = c0mS/cm: Conductivity [mS/cm]
# name 7 = c1mS/cm: Conductivity, 2 [mS/cm]
# name 8 = sbeox0V: Oxygen raw, SBE 43 [V]
# name 9 = latitude: Latitude [deg]
# name 10 = longitude: Longitude [deg]
# name 11 = v7: Voltage 7
# name 12 = nbin: number of scans per bin
# name 13 = flag: flag
# span 0 =       1882,      43509       
# span 1 =     78.359,   1812.814       
# span 2 =      4.000,   1522.000       
# span 3 =      3.962,   1502.173       
# span 4 =     3.3637,     6.9898       
# span 5 =     3.3632,     6.9865       
# span 6 =  32.179280,  35.061815       
# span 7 =  32.180434,  35.062747       
# span 8 =     2.0415,     2.8352       
# span 9 =   59.93930,   59.93936       
# span 10 =  -39.52124,  -39.52109      
# span 11 =     4.9563,     4.9573      
# span 12 =         26,        109      
# span 13 = 0.0000e+00, 0.0000e+00      
# interval = decibars: 2                
# start_time = Jun 30 2022 16:33:36 [NMEA time, first data scan]
# bad_flag = -9.990e-29
*END*
[from data line 413]
      24469   1019.492    830.000    820.537     3.4743     3.4736  32.350819  32.352333     2.2623   59.93930  -39.52122     4.9566         34 0.0000e+00
      24501   1020.850    832.000    822.510     3.4683     3.4676  32.345995  32.347222     2.2627   59.93930  -39.52122     4.9566         35 0.0000e+00
      24552   1022.977    834.000    824.483     3.4668     3.4663  32.345206  32.346513     2.2631   59.93930  -39.52124     4.9566         69 0.0000e+00
      24610   1025.364    836.000    826.456     3.4626     3.4623  32.342059  32.343524     2.2629   59.93930  -39.52122     4.9568         39 0.0000e+00
      24645   1026.822    838.000    828.429     3.4606     3.4601  32.340997  32.342281     2.2625   59.93931  -39.52122     4.9566         37 0.0000e+00
      24694   1028.860    840.000    830.402     3.4603     3.4600  32.341767  32.343108     2.2622   59.93930  -39.52123     4.9567         58 0.0000e+00
      24746   1031.027    842.000    832.376     3.4591     3.4587  32.341380  32.342859     2.2625   59.93930  -39.52122     4.9568         46 0.0000e+00
      24790   1032.888    844.000    834.349     3.4544     3.4538  32.337394  32.339060     2.2631   59.93931  -39.52122     4.9568         42 0.0000e+00
      24835   1034.730    846.000    836.322     3.4461     3.4460  32.330209  32.332005     2.2632   59.93931  -39.52122     4.9568         52 0.0000e+00
      24894   1037.197    848.000    838.295     3.4446     3.4435  32.329582  32.330374     2.2634   59.93931  -39.52122     4.9567         57 0.0000e+00
      24939   1039.093    850.000    840.268     3.4381     3.4378  32.324044  32.325563     2.2634   59.93932  -39.52122     4.9567         38 0.0000e+00
      24975   1040.568    852.000    842.241     3.4405     3.4401  32.327601  32.328577     2.2632   59.93932  -39.52122     4.9568         36 0.0000e+00
      25029   1042.840    854.000    844.214     3.4434     3.4435  32.331259  32.333097     2.2625   59.93932  -39.52120     4.9568         77 0.0000e+00
      25093   1045.518    856.000    846.187     3.4434     3.4425  32.332048  32.333205     2.2630   59.93932  -39.52120     4.9570         39 0.0000e+00
      25124   1046.795    858.000    848.161     3.4325     3.4311  32.321792  32.322934     2.2633   59.93932  -39.52120     4.9573         29 0.0000e+00
      25154   1048.061    860.000    850.134     3.4251     3.4246  32.315674  32.317177     2.2638   59.93932  -39.52120     4.9567         35 0.0000e+00
      25215   1050.570    862.000    852.106     3.4225     3.4220  32.313917  32.315215     2.2638   59.93932  -39.52119     4.9568         80 0.0000e+00
      25275   1053.082    864.000    854.079     3.4217     3.4212  32.314213  32.315283     2.2629   59.93932  -39.52118     4.9569         39 0.0000e+00
      25311   1054.566    866.000    856.052     3.4209     3.4204  32.314310  32.315582     2.2623   59.93932  -39.52118     4.9568         38 0.0000e+00
      25359   1056.602    868.000    858.025     3.4179     3.4174  32.312070  32.313415     2.2625   59.93932  -39.52118     4.9567         59 0.0000e+00
      25409   1058.677    870.000    859.998     3.4156     3.4150  32.310856  32.311994     2.2629   59.93932  -39.52118     4.9564         38 0.0000e+00
      25448   1060.301    872.000    861.971     3.4155     3.4151  32.311732  32.313073     2.2632   59.93932  -39.52118     4.9566         46 0.0000e+00
      25510   1062.877    874.000    863.944     3.4162     3.4156  32.313517  32.314503     2.2619   59.93932  -39.52117     4.9568         63 0.0000e+00
      25554   1064.723    876.000    865.917     3.4198     3.4195  32.318343  32.319442     2.2618   59.93932  -39.52116     4.9567         35 0.0000e+00
      25590   1066.214    878.000    867.890     3.4196     3.4196  32.318839  32.320705     2.2613   59.93932  -39.52116     4.9567         41 0.0000e+00
      25644   1068.463    880.000    869.863     3.4193     3.4186  32.319603  32.320584     2.2599   59.93932  -39.52118     4.9567         58 0.0000e+00
      25689   1070.325    882.000    871.835     3.4186     3.4182  32.319922  32.321163     2.2593   59.93932  -39.52116     4.9565         38 0.0000e+00
      25736   1072.300    884.000    873.808     3.4183     3.4178  32.320522  32.321694     2.2589   59.93932  -39.52115     4.9568         61 0.0000e+00
      25794   1074.697    886.000    875.781     3.4171     3.4166  32.320291  32.321561     2.2587   59.93933  -39.52116     4.9566         44 0.0000e+00
      25833   1076.342    888.000    877.753     3.4166     3.4161  32.320674  32.321931     2.2585   59.93934  -39.52116     4.9568         40 0.0000e+00
      25877   1078.185    890.000    879.726     3.4164     3.4158  32.321275  32.322514     2.2585   59.93934  -39.52114     4.9567         51 0.0000e+00
      25935   1080.565    892.000    881.699     3.4159     3.4154  32.321756  32.322921     2.2581   59.93932  -39.52114     4.9568         56 0.0000e+00
      25979   1082.418    894.000    883.672     3.4150     3.4146  32.321703  32.323098     2.2577   59.93934  -39.52114     4.9567         35 0.0000e+00
      26015   1083.902    896.000    885.644     3.4129     3.4123  32.320406  32.321731     2.2575   59.93934  -39.52114     4.9567         42 0.0000e+00
      26071   1086.233    898.000    887.617     3.4129     3.4124  32.321471  32.322584     2.2568   59.93934  -39.52114     4.9566         60 0.0000e+00
      26118   1088.188    900.000    889.589     3.4132     3.4128  32.322741  32.323907     2.2561   59.93934  -39.52112     4.9566         44 0.0000e+00
      26173   1090.515    902.000    891.562     3.4124     3.4118  32.322665  32.323889     2.2559   59.93934  -39.52113     4.9567         55 0.0000e+00
      26211   1092.063    904.000    893.535     3.4118     3.4114  32.323090  32.324497     2.2555   59.93934  -39.52114     4.9567         28 0.0000e+00
      26241   1093.313    906.000    895.507     3.4106     3.4100  32.322817  32.324131     2.2552   59.93934  -39.52113     4.9567         36 0.0000e+00
      26321   1096.651    908.000    897.480     3.4093     3.4092  32.322367  32.323970     2.2543   59.93934  -39.52112     4.9567         56 0.0000e+00
      26366   1098.527    910.000    899.452     3.4067     3.4062  32.320779  32.322030     2.2542   59.93934  -39.52112     4.9567         33 0.0000e+00
      26397   1099.847    912.000    901.425     3.4064     3.4058  32.321345  32.322629     2.2539   59.93934  -39.52112     4.9566         32 0.0000e+00
      26437   1101.513    914.000    903.397     3.4026     3.4020  32.318374  32.319654     2.2534   59.93934  -39.52112     4.9566         58 0.0000e+00
      26508   1104.478    916.000    905.370     3.4003     3.3997  32.317001  32.318184     2.2529   59.93934  -39.52112     4.9568         57 0.0000e+00
      26547   1106.075    918.000    907.342     3.3986     3.3981  32.316340  32.317691     2.2535   59.93934  -39.52111     4.9566         36 0.0000e+00
      26584   1107.621    920.000    909.315     3.3970     3.3965  32.315740  32.316912     2.2532   59.93934  -39.52111     4.9567         42 0.0000e+00
      26639   1109.909    922.000    911.287     3.3965     3.3960  32.316141  32.317304     2.2524   59.93934  -39.52112     4.9566         60 0.0000e+00
      26686   1111.867    924.000    913.260     3.3953     3.3948  32.315949  32.317146     2.2525   59.93934  -39.52112     4.9567         37 0.0000e+00
      26722   1113.376    926.000    915.232     3.3938     3.3934  32.315312  32.316685     2.2526   59.93934  -39.52111     4.9566         40 0.0000e+00
      26781   1115.837    928.000    917.204     3.3918     3.3911  32.314018  32.315143     2.2527   59.93934  -39.52112     4.9567         73 0.0000e+00
      26839   1118.260    930.000    919.176     3.3896     3.3891  32.312839  32.314182     2.2529   59.93934  -39.52113     4.9567         41 0.0000e+00
      26876   1119.787    932.000    921.149     3.3884     3.3878  32.312588  32.313813     2.2524   59.93934  -39.52112     4.9568         37 0.0000e+00
      26914   1121.362    934.000    923.121     3.3870     3.3864  32.312147  32.313333     2.2523   59.93934  -39.52112     4.9567         40 0.0000e+00
      26960   1123.305    936.000    925.093     3.3871     3.3865  32.313124  32.314308     2.2520   59.93934  -39.52114     4.9567         58 0.0000e+00
      27031   1126.253    938.000    927.066     3.3859     3.3853  32.312782  32.313939     2.2512   59.93933  -39.52114     4.9566         62 0.0000e+00
      27071   1127.918    940.000    929.038     3.3848     3.3843  32.312648  32.313975     2.2510   59.93932  -39.52114     4.9567         30 0.0000e+00
      27100   1129.107    942.000    931.010     3.3838     3.3833  32.312613  32.313930     2.2512   59.93934  -39.52115     4.9567         31 0.0000e+00
      27147   1131.083    944.000    932.982     3.3827     3.3821  32.312405  32.313645     2.2509   59.93933  -39.52116     4.9567         68 0.0000e+00
      27209   1133.676    946.000    934.955     3.3817     3.3812  32.312563  32.313707     2.2505   59.93932  -39.52116     4.9567         51 0.0000e+00
      27259   1135.759    948.000    936.927     3.3818     3.3812  32.313507  32.314670     2.2501   59.93932  -39.52116     4.9567         49 0.0000e+00
      27305   1137.685    950.000    938.899     3.3818     3.3813  32.314444  32.315664     2.2497   59.93932  -39.52118     4.9568         42 0.0000e+00
      27343   1139.240    952.000    940.871     3.3817     3.3813  32.315295  32.316515     2.2492   59.93932  -39.52118     4.9567         35 0.0000e+00
      27386   1141.055    954.000    942.843     3.3817     3.3813  32.316105  32.317321     2.2490   59.93932  -39.52118     4.9567         60 0.0000e+00
      27456   1143.966    956.000    944.815     3.3818     3.3813  32.316944  32.318185     2.2483   59.93932  -39.52118     4.9567         58 0.0000e+00
      27496   1145.626    958.000    946.788     3.3818     3.3813  32.318023  32.319241     2.2476   59.93932  -39.52118     4.9567         34 0.0000e+00
      27529   1147.000    960.000    948.760     3.3812     3.3806  32.318219  32.319397     2.2475   59.93932  -39.52118     4.9567         35 0.0000e+00
      27574   1148.888    962.000    950.732     3.3803     3.3798  32.318226  32.319390     2.2474   59.93932  -39.52118     4.9567         56 0.0000e+00
      27635   1151.411    964.000    952.704     3.3794     3.3788  32.318198  32.319370     2.2462   59.93932  -39.52118     4.9566         66 0.0000e+00
      27692   1153.812    966.000    954.676     3.3786     3.3782  32.318479  32.319744     2.2454   59.93932  -39.52120     4.9567         40 0.0000e+00
      27725   1155.165    968.000    956.648     3.3785     3.3780  32.319210  32.320472     2.2455   59.93932  -39.52119     4.9567         31 0.0000e+00
      27761   1156.686    970.000    958.620     3.3786     3.3781  32.320157  32.321362     2.2455   59.93932  -39.52118     4.9568         46 0.0000e+00
      27827   1159.403    972.000    960.592     3.3786     3.3780  32.320999  32.322128     2.2442   59.93932  -39.52118     4.9567         73 0.0000e+00
      27878   1161.550    974.000    962.564     3.3782     3.3776  32.321507  32.322710     2.2439   59.93932  -39.52120     4.9567         35 0.0000e+00
      27911   1162.929    976.000    964.535     3.3781     3.3775  32.322393  32.323559     2.2438   59.93932  -39.52118     4.9566         34 0.0000e+00
      27957   1164.818    978.000    966.507     3.3778     3.3772  32.322914  32.324079     2.2432   59.93932  -39.52118     4.9567         67 0.0000e+00
      28027   1167.763    980.000    968.479     3.3772     3.3766  32.323100  32.324323     2.2433   59.93932  -39.52118     4.9566         49 0.0000e+00
      28059   1169.101    982.000    970.451     3.3758     3.3754  32.322929  32.324252     2.2432   59.93932  -39.52118     4.9567         30 0.0000e+00
      28095   1170.564    984.000    972.423     3.3756     3.3751  32.323496  32.324783     2.2426   59.93932  -39.52118     4.9567         46 0.0000e+00
      28155   1173.067    986.000    974.395     3.3756     3.3750  32.324239  32.325432     2.2419   59.93932  -39.52119     4.9567         57 0.0000e+00
      28198   1174.888    988.000    976.366     3.3748     3.3741  32.324443  32.325524     2.2416   59.93932  -39.52118     4.9566         44 0.0000e+00
      28255   1177.255    990.000    978.338     3.3730     3.3725  32.323651  32.324849     2.2415   59.93932  -39.52118     4.9567         60 0.0000e+00
      28298   1179.045    992.000    980.310     3.3728     3.3724  32.324408  32.325717     2.2414   59.93932  -39.52118     4.9567         32 0.0000e+00
      28331   1180.423    994.000    982.282     3.3729     3.3724  32.325454  32.326664     2.2408   59.93932  -39.52118     4.9566         40 0.0000e+00
      28393   1183.003    996.000    984.254     3.3730     3.3725  32.326291  32.327467     2.2404   59.93932  -39.52118     4.9567         69 0.0000e+00
      28444   1185.130    998.000    986.225     3.3724     3.3718  32.326671  32.327914     2.2397   59.93932  -39.52118     4.9568         43 0.0000e+00
      28490   1187.038   1000.000    988.197     3.3713     3.3707  32.326493  32.327653     2.2392   59.93932  -39.52118     4.9567         49 0.0000e+00
      28534   1188.896   1002.000    990.169     3.3707     3.3702  32.327042  32.328123     2.2391   59.93932  -39.52118     4.9567         36 0.0000e+00
      28566   1190.207   1004.000    992.140     3.3702     3.3698  32.327423  32.328684     2.2385   59.93932  -39.52118     4.9567         31 0.0000e+00
      28620   1192.478   1006.000    994.112     3.3701     3.3696  32.328074  32.329241     2.2375   59.93932  -39.52118     4.9567         59 0.0000e+00
      28692   1195.461   1008.000    996.083     3.3694     3.3689  32.328296  32.329596     2.2371   59.93932  -39.52118     4.9567         37 0.0000e+00
      28725   1196.821   1010.000    998.055     3.3685     3.3679  32.328411  32.329508     2.2365   59.93932  -39.52118     4.9567         32 0.0000e+00
      28758   1198.223   1012.000   1000.027     3.3669     3.3664  32.327777  32.329060     2.2360   59.93933  -39.52116     4.9567         39 0.0000e+00
      28820   1200.775   1014.000   1001.998     3.3664     3.3658  32.328112  32.329196     2.2352   59.93932  -39.52118     4.9567         72 0.0000e+00
      28872   1202.944   1016.000   1003.970     3.3663     3.3658  32.329061  32.330364     2.2341   59.93932  -39.52117     4.9567         40 0.0000e+00
      28912   1204.605   1018.000   1005.941     3.3663     3.3657  32.330019  32.331161     2.2335   59.93932  -39.52116     4.9567         41 0.0000e+00
      28954   1206.394   1020.000   1007.912     3.3656     3.3652  32.330175  32.331429     2.2334   59.93933  -39.52117     4.9566         44 0.0000e+00
      29001   1208.330   1022.000   1009.884     3.3652     3.3647  32.330643  32.331840     2.2334   59.93934  -39.52118     4.9567         50 0.0000e+00
      29052   1210.442   1024.000   1011.856     3.3649     3.3644  32.331327  32.332503     2.2332   59.93932  -39.52117     4.9567         49 0.0000e+00
      29098   1212.394   1026.000   1013.827     3.3649     3.3644  32.332282  32.333361     2.2335   59.93932  -39.52116     4.9568         47 0.0000e+00
      29149   1214.485   1028.000   1015.799     3.3644     3.3639  32.332710  32.333881     2.2333   59.93932  -39.52116     4.9567         52 0.0000e+00
      29201   1216.683   1030.000   1017.770     3.3642     3.3636  32.333270  32.334423     2.2327   59.93932  -39.52118     4.9566         54 0.0000e+00
      29250   1218.700   1032.000   1019.742     3.3640     3.3634  32.334068  32.335222     2.2324   59.93932  -39.52118     4.9567         40 0.0000e+00
      29286   1220.206   1034.000   1021.713     3.3639     3.3634  32.334969  32.336134     2.2324   59.93932  -39.52117     4.9567         35 0.0000e+00
