Example_Files/SBE_Processing_Files/Processed_SBE_cast_files/downcasts/dar69-01_016.cnv
* Sea-Bird SBE 9 Data File:
* FileName = D:\data\ar69-01_016.hex
* Software Version Seasave V 7.26.7.107
* Temperature SN = 4491
* Conductivity SN = 3009
* Number of Bytes Per Scan = 44
* Number of Voltage Words = 5
* Number of Scans Averaged by the Deck Unit = 1
* NMEA Latitude = 59 38.89 N
* NMEA Longitude = 038 34.97 W
* NMEA UTC (Time) = Jul 04 2022  07:20:38
** Cruise ID: AR69-01
** Chief Sci:
** Station #: 016
** Site ID: M4 OSNAP acoustic releases
# nquan = 14
# nvalues = 1509                        
# units = specified
# name 0 = scan: Scan Count
# name 1 = timeS: Time, Elapsed [seconds]
# name 2 = prDM: Pressure, Digiquartz [db]
# name 3 = depSM: Depth [salt water, m]
# name 4 = t090C: Temperature [ITS-90, deg C]
# name 5 = t190C: Temperature, 2 [ITS-90, deg C]
# name 6 = c0mS/cm: Conductivity [mS/cm]
# name 7 = c1mS/cm: Conductivity, 2 [mS/cm]
# name 8 = sbeox0V: Oxygen raw, SBE 43 [V]
# name 9 = latitude: Latitude [deg]
# name 10 = longitude: Longitude [deg]
# name 11 = v7: Voltage 7
# name 12 = nbin: number of scans per bin
# name 13 = flag: flag
# span 0 =        380,      85795       
# span 1 =     15.785,   3574.740       
# span 2 =      4.000,   3020.000       
# span 3 =      3.962,   2970.327       
# span 4 =     1.4102,     7.4276       
# span 5 =     1.4086,     7.4270       
# span 6 =  31.429603,  35.483796       
# span 7 =  31.426934,  35.485366       
# span 8 =     1.7793,     2.8223       
# span 9 =   59.64806,   59.64809       
# span 10 =  -38.58288,  -38.58284      
# span 11 =     4.9560,     4.9575      
# span 12 =          1,        118      
# span 13 = 0.0000e+00, 0.0000e+00      
# interval = decibars: 2                
# start_time = Jul 04 2022 07:20:38 [NMEA time, first data scan]
# bad_flag = -9.990e-29
*END*
[from data line 826]
      41206   1716.893   1656.000   1633.949     3.4898     3.4891  32.746568  32.748017     2.0273   59.64808  -38.58286     4.9565         51 0.0000e+00
      41251   1718.747   1658.000   1635.914     3.4900     3.4891  32.747779  32.749054     2.0264   59.64808  -38.58286     4.9565         41 0.0000e+00
      41297   1720.655   1660.000   1637.880     3.4903     3.4895  32.749053  32.750527     2.0251   59.64808  -38.58286     4.9563         54 0.0000e+00
      41353   1722.991   1662.000   1639.845     3.4901     3.4894  32.749750  32.751278     2.0238   59.64808  -38.58286     4.9560         51 0.0000e+00
      41397   1724.819   1664.000   1641.811     3.4899     3.4892  32.750573  32.752130     2.0238   59.64808  -38.58286     4.9562         40 0.0000e+00
      41436   1726.443   1666.000   1643.777     3.4893     3.4891  32.750678  32.753110     2.0239   59.64808  -38.58286     4.9564         40 0.0000e+00
      41490   1728.705   1668.000   1645.742     3.4885     3.4877  32.750918  32.752605     2.0229   59.64808  -38.58286     4.9567         72 0.0000e+00
      41554   1731.361   1670.000   1647.708     3.4895     3.4884  32.753035  32.754145     2.0223   59.64808  -38.58284     4.9563         44 0.0000e+00
      41590   1732.854   1672.000   1649.673     3.4902     3.4892  32.754608  32.755913     2.0214   59.64808  -38.58284     4.9564         34 0.0000e+00
      41624   1734.282   1674.000   1651.639     3.4898     3.4893  32.755199  32.756992     2.0209   59.64808  -38.58286     4.9563         37 0.0000e+00
      41674   1736.357   1676.000   1653.604     3.4897     3.4889  32.755816  32.757440     2.0202   59.64808  -38.58286     4.9564         63 0.0000e+00
      41731   1738.746   1678.000   1655.570     3.4891     3.4886  32.756098  32.758079     2.0195   59.64808  -38.58286     4.9566         47 0.0000e+00
      41777   1740.659   1680.000   1657.535     3.4883     3.4879  32.756305  32.758425     2.0188   59.64808  -38.58285     4.9564         47 0.0000e+00
      41823   1742.598   1682.000   1659.501     3.4873     3.4869  32.756458  32.758583     2.0182   59.64808  -38.58286     4.9563         45 0.0000e+00
      41869   1744.497   1684.000   1661.466     3.4874     3.4867  32.757543  32.759268     2.0175   59.64808  -38.58286     4.9564         48 0.0000e+00
      41918   1746.540   1686.000   1663.431     3.4880     3.4871  32.759281  32.760650     2.0169   59.64808  -38.58286     4.9563         48 0.0000e+00
      41964   1748.456   1688.000   1665.397     3.4893     3.4881  32.761987  32.762839     2.0158   59.64808  -38.58286     4.9565         45 0.0000e+00
      42013   1750.506   1690.000   1667.362     3.4906     3.4895  32.764205  32.765147     2.0143   59.64808  -38.58286     4.9565         55 0.0000e+00
      42069   1752.826   1692.000   1669.328     3.4920     3.4903  32.766898  32.766932     2.0127   59.64808  -38.58286     4.9565         50 0.0000e+00
      42111   1754.597   1694.000   1671.293     3.4940     3.4930  32.769994  32.770913     2.0119   59.64808  -38.58286     4.9563         39 0.0000e+00
      42150   1756.228   1696.000   1673.258     3.4902     3.4908  32.767068  32.770275     2.0111   59.64808  -38.58286     4.9563         42 0.0000e+00
      42200   1758.280   1698.000   1675.223     3.4888     3.4885  32.766611  32.768685     2.0104   59.64808  -38.58286     4.9566         53 0.0000e+00
      42248   1760.294   1700.000   1677.189     3.4903     3.4892  32.769244  32.770213     2.0095   59.64808  -38.58286     4.9564         44 0.0000e+00
      42294   1762.219   1702.000   1679.154     3.4876     3.4881  32.767304  32.770655     2.0089   59.64808  -38.58286     4.9564         51 0.0000e+00
      42346   1764.374   1704.000   1681.119     3.4854     3.4853  32.766054  32.768526     2.0083   59.64808  -38.58286     4.9564         49 0.0000e+00
      42390   1766.223   1706.000   1683.084     3.4855     3.4849  32.767377  32.769139     2.0076   59.64808  -38.58286     4.9564         43 0.0000e+00
      42438   1768.207   1708.000   1685.050     3.4867     3.4859  32.769480  32.771153     2.0069   59.64808  -38.58286     4.9563         53 0.0000e+00
      42490   1770.380   1710.000   1687.015     3.4809     3.4828  32.764382  32.769850     2.0065   59.64808  -38.58286     4.9562         47 0.0000e+00
      42533   1772.163   1712.000   1688.980     3.4753     3.4767  32.760000  32.764860     2.0061   59.64808  -38.58286     4.9563         41 0.0000e+00
      42575   1773.937   1714.000   1690.945     3.4778     3.4760  32.763689  32.764444     2.0053   59.64808  -38.58286     4.9564         46 0.0000e+00
      42628   1776.140   1716.000   1692.910     3.4819     3.4803  32.768980  32.769930     2.0044   59.64808  -38.58286     4.9564         59 0.0000e+00
      42682   1778.394   1718.000   1694.875     3.4823     3.4814  32.770434  32.771900     2.0035   59.64808  -38.58286     4.9563         44 0.0000e+00
      42720   1779.978   1720.000   1696.840     3.4818     3.4813  32.771148  32.772902     2.0027   59.64808  -38.58286     4.9565         36 0.0000e+00
      42758   1781.541   1722.000   1698.806     3.4819     3.4812  32.772250  32.773820     2.0023   59.64808  -38.58286     4.9566         42 0.0000e+00
      42811   1783.771   1724.000   1700.770     3.4821     3.4813  32.773262  32.774869     2.0013   59.64808  -38.58286     4.9563         63 0.0000e+00
      42871   1786.259   1726.000   1702.736     3.4817     3.4811  32.773949  32.775699     1.9999   59.64808  -38.58286     4.9565         52 0.0000e+00
      42916   1788.118   1728.000   1704.701     3.4817     3.4810  32.774946  32.776615     1.9990   59.64808  -38.58286     4.9562         40 0.0000e+00
      42956   1789.783   1730.000   1706.666     3.4818     3.4811  32.775914  32.777575     1.9989   59.64808  -38.58286     4.9564         41 0.0000e+00
      43000   1791.613   1732.000   1708.630     3.4823     3.4814  32.777310  32.778781     1.9985   59.64808  -38.58286     4.9563         49 0.0000e+00
      43053   1793.842   1734.000   1710.596     3.4831     3.4820  32.779040  32.780095     1.9979   59.64808  -38.58286     4.9564         54 0.0000e+00
      43103   1795.914   1736.000   1712.561     3.4847     3.4834  32.781803  32.782513     1.9972   59.64808  -38.58286     4.9566         46 0.0000e+00
      43147   1797.769   1738.000   1714.525     3.4858     3.4845  32.783865  32.784548     1.9963   59.64808  -38.58286     4.9563         44 0.0000e+00
      43191   1799.569   1740.000   1716.490     3.4860     3.4852  32.785187  32.786232     1.9954   59.64808  -38.58286     4.9564         43 0.0000e+00
      43235   1801.400   1742.000   1718.455     3.4848     3.4848  32.784668  32.787018     1.9948   59.64808  -38.58286     4.9565         45 0.0000e+00
      43284   1803.444   1744.000   1720.420     3.4816     3.4820  32.782443  32.785363     1.9941   59.64808  -38.58286     4.9564         52 0.0000e+00
      43335   1805.585   1746.000   1722.385     3.4809     3.4804  32.782670  32.784810     1.9933   59.64808  -38.58286     4.9563         51 0.0000e+00
      43386   1807.718   1748.000   1724.350     3.4813     3.4805  32.784047  32.785782     1.9931   59.64808  -38.58286     4.9564         50 0.0000e+00
      43432   1809.630   1750.000   1726.315     3.4812     3.4806  32.784840  32.786831     1.9929   59.64808  -38.58286     4.9564         44 0.0000e+00
      43478   1811.554   1752.000   1728.279     3.4794     3.4794  32.783910  32.786645     1.9920   59.64808  -38.58286     4.9564         48 0.0000e+00
      43525   1813.489   1754.000   1730.244     3.4786     3.4784  32.784131  32.786523     1.9913   59.64808  -38.58286     4.9563         45 0.0000e+00
      43569   1815.352   1756.000   1732.209     3.4780     3.4776  32.784357  32.786749     1.9907   59.64808  -38.58286     4.9564         44 0.0000e+00
      43614   1817.195   1758.000   1734.174     3.4783     3.4775  32.785792  32.787464     1.9901   59.64808  -38.58286     4.9566         45 0.0000e+00
      43662   1819.222   1760.000   1736.138     3.4787     3.4779  32.787048  32.788856     1.9898   59.64808  -38.58286     4.9564         54 0.0000e+00
      43717   1821.515   1762.000   1738.103     3.4779     3.4777  32.787024  32.789461     1.9892   59.64808  -38.58286     4.9565         51 0.0000e+00
      43761   1823.348   1764.000   1740.068     3.4715     3.4739  32.781158  32.787510     1.9888   59.64808  -38.58286     4.9565         39 0.0000e+00
      43800   1824.946   1766.000   1742.032     3.4680     3.4691  32.778674  32.783072     1.9885   59.64808  -38.58286     4.9564         39 0.0000e+00
      43849   1827.003   1768.000   1743.997     3.4677     3.4675  32.779335  32.782492     1.9880   59.64808  -38.58286     4.9565         70 0.0000e+00
      43925   1830.146   1770.000   1745.962     3.4644     3.4648  32.776960  32.780821     1.9873   59.64808  -38.58284     4.9562         52 0.0000e+00
      43957   1831.502   1772.000   1747.926     3.4627     3.4633  32.776500  32.780443     1.9872   59.64808  -38.58285     4.9564         31 0.0000e+00
      43989   1832.823   1774.000   1749.891     3.4613     3.4619  32.776037  32.779972     1.9868   59.64808  -38.58286     4.9564         35 0.0000e+00
      44036   1834.790   1776.000   1751.855     3.4598     3.4598  32.775448  32.779002     1.9861   59.64808  -38.58286     4.9564         60 0.0000e+00
      44094   1837.218   1778.000   1753.820     3.4608     3.4595  32.777747  32.779180     1.9848   59.64808  -38.58286     4.9564         50 0.0000e+00
      44141   1839.148   1780.000   1755.784     3.4614     3.4614  32.779282  32.782601     1.9843   59.64808  -38.58286     4.9565         47 0.0000e+00
      44188   1841.141   1782.000   1757.749     3.4573     3.4577  32.776024  32.779741     1.9841   59.64808  -38.58285     4.9565         47 0.0000e+00
      44232   1842.941   1784.000   1759.714     3.4577     3.4571  32.777593  32.779974     1.9837   59.64808  -38.58286     4.9564         40 0.0000e+00
      44272   1844.644   1786.000   1761.678     3.4575     3.4570  32.778385  32.781056     1.9832   59.64808  -38.58286     4.9565         45 0.0000e+00
      44330   1847.048   1788.000   1763.642     3.4552     3.4552  32.777147  32.780401     1.9824   59.64808  -38.58286     4.9565         66 0.0000e+00
      44385   1849.345   1790.000   1765.607     3.4549     3.4543  32.778008  32.780376     1.9817   59.64808  -38.58284     4.9564         42 0.0000e+00
      44423   1850.897   1792.000   1767.571     3.4546     3.4542  32.778670  32.781405     1.9812   59.64808  -38.58286     4.9563         37 0.0000e+00
      44464   1852.640   1794.000   1769.536     3.4544     3.4538  32.779420  32.781904     1.9807   59.64808  -38.58286     4.9564         49 0.0000e+00
      44519   1854.937   1796.000   1771.500     3.4546     3.4537  32.780548  32.782477     1.9799   59.64808  -38.58286     4.9562         56 0.0000e+00
      44570   1857.044   1798.000   1773.465     3.4555     3.4546  32.782514  32.784248     1.9793   59.64808  -38.58285     4.9565         47 0.0000e+00
      44614   1858.862   1800.000   1775.429     3.4557     3.4550  32.783700  32.785454     1.9785   59.64808  -38.58286     4.9565         40 0.0000e+00
      44654   1860.523   1802.000   1777.393     3.4557     3.4550  32.784863  32.786605     1.9778   59.64808  -38.58286     4.9564         41 0.0000e+00
      44701   1862.517   1804.000   1779.358     3.4557     3.4551  32.785987  32.787766     1.9769   59.64808  -38.58286     4.9564         55 0.0000e+00
      44757   1864.848   1806.000   1781.322     3.4556     3.4550  32.786788  32.788742     1.9762   59.64808  -38.58286     4.9566         54 0.0000e+00
      44805   1866.823   1808.000   1783.286     3.4530     3.4532  32.785175  32.788199     1.9763   59.64808  -38.58286     4.9564         42 0.0000e+00
      44847   1868.570   1810.000   1785.250     3.4530     3.4524  32.786004  32.788154     1.9758   59.64808  -38.58286     4.9565         45 0.0000e+00
      44899   1870.748   1812.000   1787.215     3.4531     3.4525  32.787051  32.789104     1.9748   59.64808  -38.58286     4.9564         57 0.0000e+00
      44950   1872.882   1814.000   1789.179     3.4519     3.4517  32.786987  32.789412     1.9737   59.64808  -38.58286     4.9564         44 0.0000e+00
      44991   1874.586   1816.000   1791.143     3.4513     3.4511  32.787235  32.789851     1.9730   59.64808  -38.58286     4.9564         39 0.0000e+00
      45032   1876.295   1818.000   1793.107     3.4502     3.4501  32.787190  32.789851     1.9724   59.64808  -38.58286     4.9563         45 0.0000e+00
      45084   1878.448   1820.000   1795.072     3.4500     3.4494  32.788052  32.790179     1.9720   59.64808  -38.58286     4.9563         55 0.0000e+00
      45135   1880.570   1822.000   1797.035     3.4483     3.4486  32.787424  32.790746     1.9712   59.64808  -38.58286     4.9564         48 0.0000e+00
      45183   1882.599   1824.000   1799.000     3.4463     3.4463  32.786440  32.789496     1.9707   59.64808  -38.58286     4.9563         49 0.0000e+00
      45229   1884.517   1826.000   1800.964     3.4459     3.4456  32.787073  32.789743     1.9703   59.64808  -38.58286     4.9564         44 0.0000e+00
      45274   1886.380   1828.000   1802.928     3.4446     3.4445  32.786822  32.789962     1.9696   59.64808  -38.58286     4.9565         46 0.0000e+00
      45321   1888.327   1830.000   1804.892     3.4436     3.4435  32.786787  32.789830     1.9693   59.64808  -38.58286     4.9563         46 0.0000e+00
      45368   1890.286   1832.000   1806.856     3.4403     3.4415  32.784167  32.789139     1.9687   59.64808  -38.58286     4.9562         50 0.0000e+00
      45419   1892.424   1834.000   1808.820     3.4365     3.4372  32.781373  32.785724     1.9683   59.64808  -38.58286     4.9563         50 0.0000e+00
      45468   1894.458   1836.000   1810.784     3.4350     3.4351  32.780982  32.784684     1.9679   59.64808  -38.58286     4.9563         50 0.0000e+00
      45517   1896.518   1838.000   1812.748     3.4338     3.4339  32.780946  32.784631     1.9673   59.64808  -38.58286     4.9563         46 0.0000e+00
      45559   1898.252   1840.000   1814.712     3.4330     3.4328  32.781134  32.784494     1.9667   59.64808  -38.58286     4.9564         39 0.0000e+00
      45600   1899.959   1842.000   1816.676     3.4330     3.4324  32.782301  32.785141     1.9661   59.64808  -38.58286     4.9564         45 0.0000e+00
      45650   1902.029   1844.000   1818.640     3.4302     3.4308  32.780590  32.784969     1.9655   59.64808  -38.58286     4.9566         52 0.0000e+00
      45701   1904.187   1846.000   1820.604     3.4283     3.4282  32.780065  32.783263     1.9649   59.64808  -38.58285     4.9565         51 0.0000e+00
      45750   1906.210   1848.000   1822.568     3.4309     3.4290  32.783944  32.784658     1.9637   59.64808  -38.58284     4.9562         47 0.0000e+00
      45797   1908.146   1850.000   1824.532     3.4352     3.4332  32.789449  32.789796     1.9627   59.64808  -38.58286     4.9562         46 0.0000e+00
      45843   1910.103   1852.000   1826.496     3.4360     3.4348  32.791509  32.792549     1.9617   59.64808  -38.58286     4.9564         47 0.0000e+00
      45891   1912.068   1854.000   1828.460     3.4374     3.4361  32.793982  32.794893     1.9609   59.64808  -38.58286     4.9565         49 0.0000e+00
      45941   1914.150   1856.000   1830.423     3.4365     3.4362  32.794099  32.796248     1.9605   59.64808  -38.58286     4.9564         49 0.0000e+00
      45987   1916.066   1858.000   1832.387     3.4352     3.4350  32.793592  32.796005     1.9603   59.64808  -38.58286     4.9565         43 0.0000e+00
      46030   1917.880   1860.000   1834.351     3.4347     3.4344  32.794042  32.796344     1.9596   59.64808  -38.58286     4.9564         46 0.0000e+00
