Example_Files/SBE_Processing_Files/Processed_SBE_cast_files/downcasts/dar69-01_009.cnv
* Sea-Bird SBE 9 Data File:
* FileName = D:\data\ar69-01_009.hex
* Software Version Seasave V 7.26.7.107
* Temperature SN = 4491
* Conductivity SN = 3009
* Number of Bytes Per Scan = 44
* Number of Voltage Words = 5
* Number of Scans Averaged by the Deck Unit = 1
* NMEA Latitude = 59 49.00 N
* NMEA Longitude = 039 06.78 W
* NMEA UTC (Time) = Jun 28 2022  17:49:02
** Cruise ID: AR69-01
** Chief Sci:
** Station #: 009
** Site ID: Glider release (acoustic release test)
# nquan = 14
# nvalues = 507                         
# units = specified
# name 0 = scan: Scan Count
# name 1 = timeS: Time, Elapsed [seconds]
# name 2 = prDM: Pressure, Digiquartz [db]
# name 3 = depSM: Depth [salt water, m]
# name 4 = t090C: Temperature [ITS-90, deg C]
# name 5 = t190C: Temperature, 2 [ITS-90, deg C]
# name 6 = c0mS/cm: Conductivity [mS/cm]
# name 7 = c1mS/cm: Conductivity, 2 [mS/cm]
# name 8 = sbeox0V: Oxygen raw, SBE 43 [V]
# name 9 = latitude: Latitude [deg]
# name 10 = longitude: Longitude [deg]
# name 11 = v7: Voltage 7
# name 12 = nbin: number of scans per bin
# name 13 = flag: flag
# span 0 =         86,      67822       
# span 1 =      3.541,   2825.876       
# span 2 =      4.000,   1016.000       
# span 3 =      3.963,   1003.980       
# span 4 =     3.3907,     6.8690       
# span 5 =     3.3903,     6.8675       
# span 6 =  32.251311,  34.986330       
# span 7 =  32.252853,  34.987711       
# span 8 =     2.2343,     2.8548       
# span 9 =   59.81659,   59.81662       
# span 10 =  -39.11301,  -39.11296      
# span 11 =     4.9565,     4.9573      
# span 12 =          1,         96      
# span 13 = 0.0000e+00, 0.0000e+00      
# interval = decibars: 2                
# start_time = Jun 28 2022 17:49:02 [NMEA time, first data scan]
# bad_flag = -9.990e-29
*END*
[from data line 413]
      21011    875.431    830.000    820.545     3.4983     3.4982  32.370659  32.372457     2.2673   59.81662  -39.11298     4.9567         28 0.0000e+00
      21049    876.991    832.000    822.518     3.4947     3.4944  32.367921  32.369532     2.2673   59.81661  -39.11298     4.9567         57 0.0000e+00
      21119    879.929    834.000    824.491     3.4917     3.4913  32.365843  32.367257     2.2664   59.81662  -39.11298     4.9569         62 0.0000e+00
      21168    881.953    836.000    826.464     3.4883     3.4879  32.363552  32.364950     2.2656   59.81662  -39.11298     4.9569         44 0.0000e+00
      21206    883.535    838.000    828.438     3.4876     3.4871  32.363984  32.365262     2.2660   59.81662  -39.11298     4.9570         33 0.0000e+00
      21239    884.935    840.000    830.411     3.4836     3.4832  32.360780  32.362258     2.2663   59.81662  -39.11298     4.9565         40 0.0000e+00
      21316    888.113    842.000    832.384     3.4826     3.4824  32.360551  32.362110     2.2657   59.81662  -39.11298     4.9566         57 0.0000e+00
      21359    889.906    844.000    834.357     3.4839     3.4835  32.363297  32.364471     2.2647   59.81662  -39.11298     4.9569         30 0.0000e+00
      21388    891.136    846.000    836.330     3.4835     3.4833  32.363785  32.365356     2.2641   59.81661  -39.11298     4.9570         31 0.0000e+00
      21434    893.044    848.000    838.303     3.4805     3.4802  32.361679  32.363243     2.2635   59.81662  -39.11298     4.9568         65 0.0000e+00
      21499    895.739    850.000    840.277     3.4787     3.4784  32.360880  32.362242     2.2628   59.81662  -39.11298     4.9568         53 0.0000e+00
      21542    897.556    852.000    842.250     3.4778     3.4775  32.360965  32.362309     2.2621   59.81662  -39.11298     4.9567         40 0.0000e+00
      21585    899.321    854.000    844.223     3.4766     3.4762  32.360422  32.361930     2.2623   59.81660  -39.11298     4.9569         44 0.0000e+00
      21627    901.064    856.000    846.196     3.4717     3.4717  32.356482  32.358379     2.2627   59.81661  -39.11298     4.9569         41 0.0000e+00
      21685    903.515    858.000    848.169     3.4670     3.4667  32.352503  32.354245     2.2623   59.81662  -39.11298     4.9567         76 0.0000e+00
      21742    905.862    860.000    850.142     3.4650     3.4647  32.351696  32.353124     2.2621   59.81662  -39.11298     4.9568         34 0.0000e+00
      21773    907.176    862.000    852.115     3.4649     3.4645  32.352628  32.354043     2.2624   59.81661  -39.11298     4.9569         33 0.0000e+00
      21823    909.262    864.000    854.088     3.4613     3.4609  32.349965  32.351189     2.2615   59.81660  -39.11299     4.9568         74 0.0000e+00
      21886    911.862    866.000    856.061     3.4651     3.4647  32.355150  32.355999     2.2603   59.81662  -39.11298     4.9569         37 0.0000e+00
      21916    913.105    868.000    858.034     3.4716     3.4715  32.362717  32.364382     2.2600   59.81662  -39.11298     4.9569         29 0.0000e+00
      21959    914.899    870.000    860.007     3.4672     3.4668  32.359046  32.360510     2.2596   59.81661  -39.11298     4.9568         68 0.0000e+00
      22029    917.829    872.000    861.979     3.4577     3.4573  32.350558  32.352086     2.2595   59.81660  -39.11298     4.9567         51 0.0000e+00
      22069    919.485    874.000    863.952     3.4532     3.4528  32.347005  32.348392     2.2592   59.81662  -39.11298     4.9569         38 0.0000e+00
      22105    921.018    876.000    865.925     3.4528     3.4524  32.347533  32.348949     2.2588   59.81662  -39.11298     4.9568         37 0.0000e+00
      22150    922.882    878.000    867.898     3.4526     3.4523  32.348207  32.349634     2.2585   59.81660  -39.11298     4.9568         58 0.0000e+00
      22219    925.742    880.000    869.871     3.4516     3.4512  32.348066  32.349494     2.2581   59.81660  -39.11298     4.9568         60 0.0000e+00
      22260    927.470    882.000    871.844     3.4513     3.4510  32.348782  32.350247     2.2577   59.81662  -39.11298     4.9568         35 0.0000e+00
      22298    929.026    884.000    873.817     3.4504     3.4500  32.348887  32.350274     2.2577   59.81662  -39.11297     4.9568         43 0.0000e+00
      22347    931.100    886.000    875.789     3.4498     3.4494  32.349215  32.350596     2.2573   59.81660  -39.11298     4.9568         52 0.0000e+00
      22397    933.152    888.000    877.762     3.4508     3.4505  32.351291  32.352562     2.2563   59.81660  -39.11298     4.9568         49 0.0000e+00
      22448    935.296    890.000    879.735     3.4518     3.4514  32.353224  32.354589     2.2554   59.81660  -39.11298     4.9568         50 0.0000e+00
      22491    937.091    892.000    881.707     3.4520     3.4516  32.354444  32.355808     2.2545   59.81660  -39.11298     4.9567         39 0.0000e+00
      22534    938.857    894.000    883.680     3.4517     3.4514  32.355139  32.356423     2.2542   59.81660  -39.11298     4.9568         48 0.0000e+00
      22588    941.129    896.000    885.653     3.4493     3.4489  32.353606  32.355094     2.2539   59.81660  -39.11298     4.9567         61 0.0000e+00
      22647    943.590    898.000    887.626     3.4469     3.4464  32.352184  32.353378     2.2541   59.81660  -39.11298     4.9568         49 0.0000e+00
      22684    945.130    900.000    889.598     3.4436     3.4433  32.349757  32.351410     2.2544   59.81660  -39.11298     4.9567         31 0.0000e+00
      22722    946.722    902.000    891.571     3.4415     3.4411  32.348540  32.349790     2.2540   59.81660  -39.11298     4.9568         56 0.0000e+00
      22792    949.628    904.000    893.543     3.4397     3.4398  32.347514  32.349347     2.2537   59.81660  -39.11298     4.9567         54 0.0000e+00
      22827    951.081    906.000    895.516     3.4354     3.4350  32.344336  32.345715     2.2533   59.81660  -39.11298     4.9567         36 0.0000e+00
      22874    953.026    908.000    897.489     3.4342     3.4336  32.344014  32.345262     2.2531   59.81660  -39.11298     4.9567         57 0.0000e+00
      22922    955.031    910.000    899.461     3.4361     3.4354  32.347041  32.347960     2.2536   59.81660  -39.11298     4.9568         36 0.0000e+00
      22957    956.497    912.000    901.434     3.4358     3.4354  32.347732  32.349054     2.2537   59.81660  -39.11298     4.9568         41 0.0000e+00
      23017    958.982    914.000    903.406     3.4350     3.4344  32.347757  32.348927     2.2535   59.81660  -39.11298     4.9567         66 0.0000e+00
      23067    961.101    916.000    905.379     3.4332     3.4328  32.346903  32.348261     2.2528   59.81660  -39.11298     4.9568         44 0.0000e+00
      23112    962.943    918.000    907.351     3.4309     3.4306  32.345646  32.347065     2.2521   59.81660  -39.11298     4.9568         43 0.0000e+00
      23152    964.625    920.000    909.324     3.4296     3.4292  32.345367  32.346731     2.2513   59.81662  -39.11298     4.9567         42 0.0000e+00
      23211    967.092    922.000    911.296     3.4289     3.4284  32.345409  32.346697     2.2507   59.81660  -39.11298     4.9568         66 0.0000e+00
      23257    969.013    924.000    913.268     3.4274     3.4271  32.345028  32.346414     2.2503   59.81660  -39.11299     4.9569         33 0.0000e+00
      23294    970.535    926.000    915.241     3.4254     3.4250  32.343864  32.345348     2.2505   59.81660  -39.11298     4.9567         43 0.0000e+00
      23344    972.620    928.000    917.213     3.4230     3.4227  32.342372  32.343847     2.2506   59.81661  -39.11298     4.9568         54 0.0000e+00
      23399    974.915    930.000    919.186     3.4227     3.4221  32.343213  32.344229     2.2496   59.81662  -39.11298     4.9567         57 0.0000e+00
      23450    977.041    932.000    921.158     3.4231     3.4227  32.344509  32.346047     2.2494   59.81660  -39.11298     4.9567         40 0.0000e+00
      23483    978.418    934.000    923.130     3.4218     3.4215  32.344342  32.345725     2.2498   59.81660  -39.11300     4.9567         30 0.0000e+00
      23515    979.763    936.000    925.103     3.4198     3.4195  32.343152  32.344645     2.2496   59.81660  -39.11300     4.9568         41 0.0000e+00
      23603    983.434    938.000    927.075     3.4194     3.4193  32.343625  32.345244     2.2486   59.81662  -39.11298     4.9568         55 0.0000e+00
      23646    985.216    940.000    929.047     3.4161     3.4158  32.341356  32.342811     2.2488   59.81662  -39.11298     4.9568         38 0.0000e+00
      23682    986.713    942.000    931.019     3.4139     3.4136  32.340139  32.341534     2.2489   59.81660  -39.11300     4.9568         33 0.0000e+00
      23713    988.005    944.000    932.992     3.4135     3.4132  32.340620  32.342129     2.2487   59.81660  -39.11300     4.9568         30 0.0000e+00
      23762    990.026    946.000    934.964     3.4124     3.4122  32.340354  32.341912     2.2478   59.81660  -39.11298     4.9568         55 0.0000e+00
      23844    993.446    948.000    936.936     3.4105     3.4103  32.339291  32.341111     2.2466   59.81662  -39.11298     4.9567         34 0.0000e+00
      23872    994.623    950.000    938.908     3.4084     3.4080  32.338303  32.339661     2.2467   59.81660  -39.11298     4.9567         30 0.0000e+00
      23905    995.999    952.000    940.880     3.4083     3.4079  32.339042  32.340379     2.2469   59.81660  -39.11298     4.9567         38 0.0000e+00
      23953    997.981    954.000    942.853     3.4068     3.4064  32.338396  32.339849     2.2467   59.81660  -39.11298     4.9567         56 0.0000e+00
      24014   1000.557    956.000    944.825     3.4054     3.4049  32.337881  32.339198     2.2460   59.81662  -39.11298     4.9568         61 0.0000e+00
      24061   1002.486    958.000    946.797     3.4041     3.4038  32.337738  32.339103     2.2458   59.81660  -39.11298     4.9568         36 0.0000e+00
      24098   1004.029    960.000    948.769     3.4033     3.4030  32.337853  32.339178     2.2456   59.81660  -39.11298     4.9566         43 0.0000e+00
      24158   1006.561    962.000    950.741     3.4029     3.4026  32.338211  32.339662     2.2459   59.81661  -39.11298     4.9567         65 0.0000e+00
      24205   1008.491    964.000    952.713     3.4015     3.4012  32.337815  32.339296     2.2454   59.81662  -39.11298     4.9568         36 0.0000e+00
      24242   1010.046    966.000    954.685     3.3998     3.3995  32.337075  32.338539     2.2454   59.81661  -39.11298     4.9567         41 0.0000e+00
      24305   1012.678    968.000    956.657     3.3992     3.3987  32.337359  32.338546     2.2455   59.81660  -39.11298     4.9567         57 0.0000e+00
      24389   1016.177    970.000    958.629     3.3990     3.3985  32.337908  32.339241     2.2457   59.81662  -39.11298     4.9567         55 0.0000e+00
      24441   1018.336    972.000    960.601     3.3985     3.3982  32.338430  32.339866     2.2449   59.81662  -39.11298     4.9567         50 0.0000e+00
      24527   1021.930    974.000    962.573     3.3983     3.3979  32.338998  32.340319     2.2432   59.81661  -39.11298     4.9568         96 0.0000e+00
      24601   1025.002    976.000    964.545     3.3975     3.3971  32.339256  32.340547     2.2431   59.81661  -39.11298     4.9567         55 0.0000e+00
      24695   1028.913    978.000    966.517     3.3972     3.3967  32.339685  32.340948     2.2428   59.81661  -39.11298     4.9567         82 0.0000e+00
      24783   1032.581    980.000    968.489     3.3970     3.3965  32.340421  32.341690     2.2420   59.81661  -39.11298     4.9567         73 0.0000e+00
      24850   1035.383    982.000    970.461     3.3967     3.3963  32.341147  32.342432     2.2424   59.81661  -39.11298     4.9567         60 0.0000e+00
      24943   1039.261    984.000    972.432     3.3970     3.3965  32.342374  32.343504     2.2423   59.81662  -39.11298     4.9567         92 0.0000e+00
      25025   1042.673    986.000    974.404     3.4001     3.3999  32.346513  32.348010     2.2416   59.81662  -39.11298     4.9567         69 0.0000e+00
      25093   1045.508    988.000    976.376     3.3984     3.3979  32.345736  32.347005     2.2407   59.81662  -39.11298     4.9567         69 0.0000e+00
      25187   1049.436    990.000    978.348     3.3993     3.3989  32.347606  32.348833     2.2394   59.81662  -39.11298     4.9567         78 0.0000e+00
      25259   1052.425    992.000    980.320     3.3984     3.3981  32.347612  32.349069     2.2392   59.81661  -39.11298     4.9567         61 0.0000e+00
      25333   1055.513    994.000    982.291     3.3945     3.3940  32.344588  32.345893     2.2401   59.81662  -39.11298     4.9568         75 0.0000e+00
      25412   1058.805    996.000    984.263     3.3927     3.3922  32.343656  32.344910     2.2398   59.81662  -39.11298     4.9567         91 0.0000e+00
      25488   1061.951    998.000    986.235     3.3907     3.3903  32.342622  32.343982     2.2397   59.81662  -39.11298     4.9568         60 0.0000e+00
      25561   1064.989   1000.000    988.207     3.3907     3.3903  32.343441  32.344731     2.2390   59.81662  -39.11298     4.9568         85 0.0000e+00
      25646   1068.558   1002.000    990.178     3.3908     3.3904  32.344545  32.345766     2.2380   59.81662  -39.11298     4.9567         84 0.0000e+00
      25721   1071.680   1004.000    992.150     3.3947     3.3942  32.349637  32.350608     2.2375   59.81661  -39.11298     4.9566         66 0.0000e+00
      25826   1076.042   1006.000    994.121     3.3989     3.3987  32.354725  32.356204     2.2364   59.81661  -39.11298     4.9566         81 0.0000e+00
      25930   1080.371   1008.000    996.093     3.4004     3.3999  32.357108  32.358313     2.2351   59.81662  -39.11298     4.9566         80 0.0000e+00
      26056   1085.605   1010.000    998.065     3.3999     3.3996  32.357348  32.358875     2.2343   59.81661  -39.11298     4.9566         75 0.0000e+00
      26181   1090.829   1012.000   1000.037     3.3966     3.3963  32.354983  32.356512     2.2346   59.81661  -39.11298     4.9567         60 0.0000e+00
      26624   1109.300   1014.000   1002.008     3.3958     3.3953  32.355058  32.356339     2.2352   59.81661  -39.11298     4.9566         89 0.0000e+00
      67822   2825.876   1016.000   1003.980     3.3934     3.3933  32.353436  32.354569     2.2385   59.81659  -39.11299     4.9565         31 0.0000e+00
