Example_Files/SBE_Processing_Files/Processed_SBE_cast_files/downcasts/dar69-01_011.cnv
* Sea-Bird SBE 9 Data File:
* FileName = D:\data\ar69-01_011.hex
* Software Version Seasave V 7.26.7.107
* Temperature SN = 4491
* Conductivity SN = 3009
* Number of Bytes Per Scan = 44
* Number of Voltage Words = 5
* Number of Scans Averaged by the Deck Unit = 1
* NMEA Latitude = 59 50.97 N
* NMEA Longitude = 040 41.43 W
* NMEA UTC (Time) = Jun 29 2022  18:39:20
** Cruise ID: AR69-01
** Chief Sci:
** Station #: 011
** Site ID: M2
# nquan = 14
# nvalues = 1244                        
# units = specified
# name 0 = scan: Scan Count
# name 1 = timeS: Time, Elapsed [seconds]
# name 2 = prDM: Pressure, Digiquartz [db]
# name 3 = depSM: Depth [salt water, m]
# name 4 = t090C: Temperature [ITS-90, deg C]
# name 5 = t190C: Temperature, 2 [ITS-90, deg C]
# name 6 = c0mS/cm: Conductivity [mS/cm]
# name 7 = c1mS/cm: Conductivity, 2 [mS/cm]
# name 8 = sbeox0V: Oxygen raw, SBE 43 [V]
# name 9 = latitude: Latitude [deg]
# name 10 = longitude: Longitude [deg]
# name 11 = v7: Voltage 7
# name 12 = nbin: number of scans per bin
# name 13 = flag: flag
# span 0 =        362,      67951       
# span 1 =     15.029,   2831.261       
# span 2 =      2.000,   2488.000       
# span 3 =      1.982,   2450.053       
# span 4 =     1.8980,     7.0882       
# span 5 =     1.8988,     7.0863       
# span 6 =  31.650034,  35.261559       
# span 7 =  31.650620,  35.261687       
# span 8 =     1.8736,     2.8193       
# span 9 =   59.84695,   59.84946       
# span 10 =  -40.69256,  -40.69010      
# span 11 =     4.9560,     4.9573      
# span 12 =         12,        124      
# span 13 = 0.0000e+00, 0.0000e+00      
# interval = decibars: 2                
# start_time = Jun 29 2022 18:39:20 [NMEA time, first data scan]
# bad_flag = -9.990e-29
*END*
[from data line 413]
      22057    919.016    828.000    818.569     3.6003     3.6002  32.459995  32.461459     2.3149   59.84944  -40.69050     4.9567         54 0.0000e+00
      22101    920.840    830.000    820.542     3.5997     3.5994  32.460263  32.461662     2.3146   59.84944  -40.69050     4.9567         33 0.0000e+00
      22138    922.359    832.000    822.516     3.5994     3.5990  32.460841  32.462257     2.3143   59.84944  -40.69050     4.9567         43 0.0000e+00
      22183    924.249    834.000    824.489     3.5994     3.5990  32.461873  32.463126     2.3133   59.84944  -40.69050     4.9567         41 0.0000e+00
      22218    925.722    836.000    826.462     3.5990     3.5987  32.462449  32.463752     2.3127   59.84944  -40.69048     4.9567         34 0.0000e+00
      22281    928.328    838.000    828.435     3.5994     3.5990  32.463694  32.464966     2.3112   59.84944  -40.69049     4.9567         62 0.0000e+00
      22357    931.507    840.000    830.409     3.5999     3.5995  32.465305  32.466535     2.3062   59.84944  -40.69052     4.9566         34 0.0000e+00
      22383    932.581    842.000    832.382     3.5999     3.5996  32.466599  32.467851     2.3033   59.84944  -40.69052     4.9567         24 0.0000e+00
      22408    933.622    844.000    834.355     3.6058     3.6055  32.474700  32.475042     2.3013   59.84944  -40.69050     4.9566         28 0.0000e+00
      22460    935.782    846.000    836.328     3.6130     3.6116  32.482814  32.482216     2.2975   59.84944  -40.69049     4.9566         58 0.0000e+00
      22526    938.534    848.000    838.301     3.6162     3.6156  32.486414  32.487487     2.2935   59.84944  -40.69050     4.9567         43 0.0000e+00
      22576    940.609    850.000    840.274     3.6166     3.6157  32.487796  32.488427     2.2910   59.84944  -40.69050     4.9567         56 0.0000e+00
      22623    942.599    852.000    842.247     3.6213     3.6210  32.493855  32.494659     2.2884   59.84944  -40.69050     4.9567         37 0.0000e+00
      22656    943.938    854.000    844.221     3.6230     3.6226  32.496181  32.497459     2.2878   59.84944  -40.69050     4.9566         30 0.0000e+00
      22690    945.377    856.000    846.194     3.6219     3.6213  32.495888  32.497150     2.2876   59.84944  -40.69049     4.9567         43 0.0000e+00
      22760    948.294    858.000    848.166     3.6163     3.6163  32.490859  32.492901     2.2905   59.84944  -40.69050     4.9567         82 0.0000e+00
      22816    950.620    860.000    850.140     3.6034     3.6025  32.478697  32.480022     2.2943   59.84944  -40.69050     4.9567         38 0.0000e+00
      22852    952.144    862.000    852.112     3.5983     3.5985  32.474921  32.476999     2.2957   59.84944  -40.69050     4.9567         39 0.0000e+00
      22897    954.003    864.000    854.085     3.5962     3.5959  32.473640  32.475114     2.2977   59.84944  -40.69048     4.9567         50 0.0000e+00
      22943    955.932    866.000    856.059     3.5936     3.5932  32.471885  32.473482     2.2980   59.84944  -40.69048     4.9567         40 0.0000e+00
      22984    957.605    868.000    858.031     3.5902     3.5896  32.469784  32.470980     2.2977   59.84944  -40.69048     4.9567         45 0.0000e+00
      23053    960.506    870.000    860.004     3.5894     3.5887  32.469938  32.470902     2.2968   59.84944  -40.69049     4.9567         78 0.0000e+00
      23102    962.549    872.000    861.977     3.5880     3.5881  32.469750  32.471439     2.2945   59.84944  -40.69050     4.9567         32 0.0000e+00
      23132    963.783    874.000    863.950     3.5909     3.5907  32.474130  32.474905     2.2929   59.84944  -40.69048     4.9567         30 0.0000e+00
      23169    965.318    876.000    865.923     3.5958     3.5947  32.479571  32.480048     2.2892   59.84944  -40.69048     4.9567         48 0.0000e+00
      23230    967.876    878.000    867.896     3.6009     3.6006  32.486111  32.487156     2.2839   59.84944  -40.69048     4.9567         64 0.0000e+00
      23281    970.003    880.000    869.869     3.6023     3.6019  32.488365  32.489680     2.2812   59.84944  -40.69048     4.9567         41 0.0000e+00
      23323    971.732    882.000    871.842     3.6015     3.6011  32.488564  32.489818     2.2793   59.84944  -40.69048     4.9567         49 0.0000e+00
      23379    974.080    884.000    873.814     3.6009     3.6004  32.488912  32.490109     2.2767   59.84944  -40.69048     4.9566         52 0.0000e+00
      23421    975.820    886.000    875.787     3.6008     3.6004  32.489765  32.491001     2.2755   59.84945  -40.69048     4.9567         39 0.0000e+00
      23463    977.590    888.000    877.760     3.6017     3.6014  32.491708  32.492977     2.2739   59.84944  -40.69047     4.9566         46 0.0000e+00
      23508    979.456    890.000    879.732     3.6042     3.6042  32.495203  32.496781     2.2724   59.84944  -40.69046     4.9565         44 0.0000e+00
      23567    981.903    892.000    881.705     3.6056     3.6055  32.497560  32.499093     2.2693   59.84944  -40.69047     4.9566         69 0.0000e+00
      23618    984.060    894.000    883.678     3.6069     3.6064  32.499913  32.501042     2.2673   59.84944  -40.69047     4.9566         35 0.0000e+00
      23651    985.427    896.000    885.650     3.6053     3.6049  32.499080  32.500558     2.2655   59.84944  -40.69046     4.9567         37 0.0000e+00
      23701    987.479    898.000    887.623     3.6116     3.6122  32.506945  32.508870     2.2619   59.84944  -40.69046     4.9567         56 0.0000e+00
      23748    989.460    900.000    889.596     3.6119     3.6107  32.508518  32.508401     2.2596   59.84944  -40.69048     4.9566         42 0.0000e+00
      23799    991.575    902.000    891.568     3.6204     3.6188  32.518091  32.517495     2.2539   59.84944  -40.69047     4.9567         62 0.0000e+00
      23856    993.954    904.000    893.541     3.6401     3.6381  32.540564  32.537880     2.2444   59.84944  -40.69048     4.9566         44 0.0000e+00
      23892    995.442    906.000    895.514     3.6618     3.6630  32.562754  32.565304     2.2382   59.84945  -40.69048     4.9566         33 0.0000e+00
      23943    997.578    908.000    897.486     3.6778     3.6776  32.580814  32.581334     2.2321   59.84944  -40.69048     4.9567         76 0.0000e+00
      24006   1000.226    910.000    899.459     3.6813     3.6809  32.584789  32.586147     2.2273   59.84944  -40.69048     4.9567         38 0.0000e+00
      24038   1001.550    912.000    901.431     3.6793     3.6784  32.583680  32.584814     2.2254   59.84944  -40.69048     4.9567         31 0.0000e+00
      24073   1003.005    914.000    903.404     3.6792     3.6789  32.585097  32.586198     2.2238   59.84944  -40.69048     4.9566         42 0.0000e+00
      24123   1005.074    916.000    905.376     3.6795     3.6790  32.586569  32.587770     2.2216   59.84944  -40.69048     4.9566         54 0.0000e+00
      24185   1007.682    918.000    907.349     3.6787     3.6782  32.586830  32.588087     2.2184   59.84944  -40.69049     4.9567         74 0.0000e+00
      24245   1010.170    920.000    909.321     3.6804     3.6801  32.590051  32.591089     2.2156   59.84944  -40.69050     4.9565         37 0.0000e+00
      24275   1011.397    922.000    911.294     3.6839     3.6836  32.594771  32.596084     2.2145   59.84944  -40.69050     4.9566         28 0.0000e+00
      24306   1012.704    924.000    913.266     3.6844     3.6841  32.596490  32.597795     2.2137   59.84944  -40.69048     4.9567         38 0.0000e+00
      24366   1015.195    926.000    915.238     3.6841     3.6837  32.597026  32.598233     2.2128   59.84944  -40.69048     4.9566         80 0.0000e+00
      24434   1018.061    928.000    917.211     3.6842     3.6838  32.598163  32.599406     2.2118   59.84944  -40.69050     4.9566         49 0.0000e+00
      24473   1019.658    930.000    919.183     3.6832     3.6829  32.598305  32.599754     2.2108   59.84944  -40.69050     4.9569         35 0.0000e+00
      24510   1021.218    932.000    921.156     3.6820     3.6817  32.598070  32.599512     2.2107   59.84944  -40.69049     4.9569         40 0.0000e+00
      24550   1022.863    934.000    923.128     3.6807     3.6803  32.597890  32.599006     2.2105   59.84944  -40.69047     4.9567         38 0.0000e+00
      24599   1024.907    936.000    925.100     3.6802     3.6798  32.598227  32.599396     2.2101   59.84943  -40.69047     4.9566         74 0.0000e+00
      24672   1027.955    938.000    927.072     3.6794     3.6791  32.598314  32.599653     2.2089   59.84943  -40.69050     4.9569         47 0.0000e+00
      24707   1029.411    940.000    929.045     3.6799     3.6796  32.599697  32.601020     2.2088   59.84944  -40.69049     4.9565         34 0.0000e+00
      24742   1030.886    942.000    931.017     3.6770     3.6766  32.597264  32.598939     2.2085   59.84943  -40.69047     4.9568         39 0.0000e+00
      24791   1032.935    944.000    932.989     3.6697     3.6689  32.591071  32.592413     2.2082   59.84942  -40.69046     4.9567         65 0.0000e+00
      24860   1035.776    946.000    934.961     3.6666     3.6663  32.589297  32.590650     2.2077   59.84942  -40.69048     4.9564         51 0.0000e+00
      24894   1037.217    948.000    936.934     3.6660     3.6655  32.589770  32.590969     2.2070   59.84942  -40.69048     4.9562         31 0.0000e+00
      24931   1038.741    950.000    938.906     3.6644     3.6640  32.589091  32.590397     2.2067   59.84942  -40.69046     4.9569         48 0.0000e+00
      24991   1041.253    952.000    940.878     3.6631     3.6626  32.588746  32.589974     2.2062   59.84942  -40.69047     4.9567         61 0.0000e+00
      25042   1043.355    954.000    942.850     3.6611     3.6606  32.587744  32.589072     2.2063   59.84942  -40.69048     4.9567         44 0.0000e+00
      25080   1044.978    956.000    944.822     3.6586     3.6583  32.586433  32.587788     2.2062   59.84942  -40.69047     4.9568         36 0.0000e+00
      25116   1046.455    958.000    946.794     3.6564     3.6559  32.585135  32.586515     2.2059   59.84942  -40.69046     4.9568         37 0.0000e+00
      25166   1048.536    960.000    948.766     3.6545     3.6541  32.584339  32.585596     2.2051   59.84941  -40.69046     4.9567         66 0.0000e+00
      25237   1051.482    962.000    950.738     3.6514     3.6509  32.582265  32.583477     2.2042   59.84940  -40.69048     4.9566         62 0.0000e+00
      25282   1053.371    964.000    952.710     3.6500     3.6495  32.582052  32.583296     2.2033   59.84940  -40.69047     4.9566         34 0.0000e+00
      25312   1054.616    966.000    954.683     3.6487     3.6484  32.581797  32.583142     2.2027   59.84940  -40.69046     4.9567         29 0.0000e+00
      25352   1056.276    968.000    956.654     3.6480     3.6476  32.582096  32.583298     2.2025   59.84940  -40.69046     4.9566         62 0.0000e+00
      25419   1059.091    970.000    958.626     3.6455     3.6452  32.580593  32.582087     2.2025   59.84940  -40.69046     4.9566         52 0.0000e+00
      25466   1061.057    972.000    960.598     3.6424     3.6419  32.578815  32.580161     2.2025   59.84939  -40.69046     4.9566         56 0.0000e+00
      25520   1063.312    974.000    962.571     3.6393     3.6389  32.577052  32.578300     2.2019   59.84938  -40.69047     4.9566         42 0.0000e+00
      25552   1064.621    976.000    964.542     3.6392     3.6397  32.577562  32.580104     2.2022   59.84938  -40.69048     4.9568         26 0.0000e+00
      25578   1065.728    978.000    966.514     3.6399     3.6399  32.579666  32.581475     2.2020   59.84938  -40.69046     4.9567         29 0.0000e+00
      25650   1068.724    980.000    968.486     3.6375     3.6372  32.577583  32.579305     2.2015   59.84938  -40.69046     4.9567         54 0.0000e+00
      25709   1071.173    982.000    970.458     3.6291     3.6298  32.570099  32.572730     2.2021   59.84938  -40.69048     4.9567         31 0.0000e+00
      25740   1072.469    984.000    972.430     3.6282     3.6277  32.569982  32.571419     2.2029   59.84938  -40.69048     4.9567         32 0.0000e+00
      25774   1073.872    986.000    974.402     3.6240     3.6233  32.566739  32.568107     2.2029   59.84937  -40.69046     4.9567         37 0.0000e+00
      25836   1076.460    988.000    976.374     3.6221     3.6215  32.565856  32.567122     2.2025   59.84936  -40.69047     4.9567         74 0.0000e+00
      25909   1079.488    990.000    978.345     3.6192     3.6190  32.564125  32.565763     2.2020   59.84936  -40.69048     4.9567         41 0.0000e+00
      25941   1080.824    992.000    980.317     3.6145     3.6139  32.560590  32.561989     2.2018   59.84936  -40.69048     4.9567         29 0.0000e+00
      25969   1082.009    994.000    982.289     3.6127     3.6125  32.559882  32.561403     2.2014   59.84936  -40.69047     4.9567         30 0.0000e+00
      26007   1083.575    996.000    984.261     3.6100     3.6096  32.558014  32.559462     2.2005   59.84936  -40.69046     4.9567         51 0.0000e+00
      26078   1086.521    998.000    986.232     3.6081     3.6076  32.557234  32.558412     2.1992   59.84934  -40.69047     4.9567         77 0.0000e+00
      26135   1088.907   1000.000    988.204     3.6087     3.6086  32.559081  32.560494     2.1990   59.84934  -40.69048     4.9567         40 0.0000e+00
      26168   1090.278   1002.000    990.176     3.6092     3.6088  32.560495  32.561843     2.1990   59.84934  -40.69047     4.9567         31 0.0000e+00
      26204   1091.793   1004.000    992.147     3.6077     3.6071  32.559913  32.561170     2.1988   59.84934  -40.69046     4.9567         46 0.0000e+00
      26256   1093.959   1006.000    994.119     3.6046     3.6041  32.557861  32.559099     2.1987   59.84934  -40.69046     4.9567         50 0.0000e+00
      26314   1096.389   1008.000    996.091     3.6024     3.6018  32.556589  32.557816     2.1990   59.84934  -40.69046     4.9567         71 0.0000e+00
      26370   1098.712   1010.000    998.062     3.6017     3.6013  32.557048  32.558284     2.1991   59.84934  -40.69046     4.9567         35 0.0000e+00
      26401   1099.986   1012.000   1000.034     3.6017     3.6013  32.557815  32.559164     2.1988   59.84932  -40.69045     4.9567         31 0.0000e+00
      26447   1101.904   1014.000   1002.006     3.5996     3.5992  32.556693  32.558007     2.1978   59.84932  -40.69045     4.9567         68 0.0000e+00
      26508   1104.478   1016.000   1003.977     3.5982     3.5979  32.556297  32.557701     2.1974   59.84932  -40.69046     4.9567         42 0.0000e+00
      26544   1105.972   1018.000   1005.948     3.5916     3.5909  32.549960  32.551877     2.1975   59.84932  -40.69045     4.9567         36 0.0000e+00
      26585   1107.648   1020.000   1007.920     3.5837     3.5836  32.543393  32.545388     2.1978   59.84932  -40.69044     4.9567         46 0.0000e+00
      26633   1109.660   1022.000   1009.891     3.5784     3.5782  32.539281  32.540756     2.1976   59.84932  -40.69044     4.9566         50 0.0000e+00
      26693   1112.165   1024.000   1011.863     3.5783     3.5778  32.540344  32.541501     2.1971   59.84932  -40.69044     4.9567         65 0.0000e+00
      26742   1114.229   1026.000   1013.834     3.5769     3.5765  32.540053  32.541441     2.1965   59.84931  -40.69044     4.9567         37 0.0000e+00
      26778   1115.713   1028.000   1015.806     3.5728     3.5724  32.536996  32.538470     2.1962   59.84930  -40.69044     4.9567         37 0.0000e+00
      26822   1117.524   1030.000   1017.778     3.5715     3.5712  32.537173  32.538354     2.1956   59.84930  -40.69044     4.9567         52 0.0000e+00
      26884   1120.111   1032.000   1019.749     3.5703     3.5700  32.537040  32.538247     2.1949   59.84930  -40.69044     4.9567         65 0.0000e+00
